time,density,radius
0,0,0
1.00E-12,5.3249E-17,1.77255E-07
1.10E-11,9.1465E-16,1.77255E-07
1.11E-10,1.1289E-13,1.77255E-07
1.11E-09,8.2036E-11,1.77255E-07
1.11E-08,7.9449E-08,1.77255E-07
1.11E-07,0.000079192,1.77255E-07
1.11E-06,0.079138,1.77255E-07
1.11E-05,78.822,1.77255E-07
0.00011111,72981,1.77255E-07
0.0011111,27192000,1.77255E-07
0.011111,4942500000,1.77255E-07
0.11111,3.0251E+11,1.7728E-07
0.53505,5.9419E+12,1.7776E-07
1.535,4.0927E+13,1.8019E-07
2.535,7.9152E+13,1.8349E-07
3.535,9.8818E+13,1.8724E-07
4.535,1.0205E+14,1.9103E-07
5.535,9.7647E+13,1.94665E-07
6.535,9.0885E+13,1.98075E-07
7.535,8.3852E+13,2.0127E-07
8.535,7.7243E+13,2.0428E-07
9.535,7.1257E+13,2.07135E-07
10.535,6.5915E+13,2.09865E-07
11.535,6.1176E+13,2.1248E-07
12.535,5.6976E+13,0.000000215
13.535,5.325E+13,2.17425E-07
14.535,4.9937E+13,2.1977E-07
15.535,4.6981E+13,2.2204E-07
16.535,4.4336E+13,2.2424E-07
17.535,4.1961E+13,2.2637E-07
18.535,3.9821E+13,2.28445E-07
19.535,3.7886E+13,2.30455E-07
20.535,3.613E+13,2.3241E-07
21.535,3.4531E+13,2.3431E-07
22.535,3.3072E+13,2.36155E-07
23.535,3.1736E+13,2.37955E-07
24.535,3.0509E+13,2.39705E-07
25.535,2.9379E+13,2.41405E-07
26.535,2.8336E+13,2.43065E-07
27.535,2.7371E+13,2.4468E-07
28.535,2.6475E+13,2.46255E-07
29.535,2.5643E+13,2.4779E-07
30.535,2.4867E+13,2.49285E-07
31.535,2.4144E+13,2.50745E-07
32.535,2.3467E+13,2.5217E-07
33.535,2.2832E+13,2.53555E-07
34.535,2.2237E+13,2.5491E-07
35.535,2.1677E+13,2.5623E-07
36.535,2.115E+13,2.5752E-07
37.535,2.0653E+13,2.5878E-07
38.535,2.0183E+13,2.6001E-07
39.535,1.9739E+13,2.6121E-07
40.535,1.9318E+13,2.6238E-07
41.535,1.8919E+13,2.6353E-07
42.535,1.8541E+13,2.6465E-07
43.535,1.8181E+13,2.65745E-07
44.535,1.7838E+13,2.66815E-07
45.535,1.7511E+13,2.6786E-07
46.535,1.72E+13,2.68885E-07
47.535,1.6903E+13,2.69885E-07
48.535,1.6618E+13,2.70865E-07
49.535,1.6347E+13,2.71825E-07
50.535,1.6086E+13,2.72765E-07
51.535,1.5837E+13,2.73685E-07
52.535,1.5598E+13,2.74585E-07
53.535,1.5368E+13,2.7547E-07
54.535,1.5148E+13,2.76335E-07
55.535,1.4936E+13,2.7718E-07
56.535,1.4732E+13,2.7801E-07
57.535,1.4535E+13,2.78825E-07
58.535,1.4346E+13,2.79625E-07
59.535,1.4164E+13,2.80405E-07
60.535,1.3988E+13,2.81175E-07
61.535,1.3818E+13,2.81925E-07
62.535,1.3654E+13,2.82665E-07
63.535,1.3495E+13,2.8339E-07
64.535,1.3342E+13,2.841E-07
65.535,1.3193E+13,2.848E-07
66.535,1.305E+13,2.85485E-07
67.535,1.291E+13,2.8616E-07
68.535,1.2776E+13,2.8682E-07
69.535,1.2645E+13,2.8747E-07
70.535,1.2518E+13,2.8811E-07
71.535,1.2395E+13,2.88735E-07
72.535,1.2275E+13,2.8935E-07
73.535,1.2159E+13,2.89955E-07
74.535,1.2047E+13,2.90555E-07
75.535,1.1937E+13,2.9114E-07
76.535,1.183E+13,2.91715E-07
77.535,1.1726E+13,2.9228E-07
78.535,1.1625E+13,2.9284E-07
79.535,1.1527E+13,2.93385E-07
80.535,1.1431E+13,2.93925E-07
81.535,1.1338E+13,2.9446E-07
82.535,1.1247E+13,2.9498E-07
83.535,1.1158E+13,2.95495E-07
84.535,1.1071E+13,0.000000296
85.535,1.0987E+13,2.965E-07
86.535,1.0904E+13,2.9699E-07
87.535,1.0824E+13,2.97475E-07
88.535,1.0745E+13,2.9795E-07
89.535,1.0668E+13,2.9842E-07
90.535,1.0593E+13,2.98885E-07
91.535,1.052E+13,2.9934E-07
92.535,1.0448E+13,2.9979E-07
93.535,1.0378E+13,3.0023E-07
94.535,1.0309E+13,3.0067E-07
95.535,1.0242E+13,3.011E-07
96.535,1.0176E+13,3.01525E-07
97.535,1.0112E+13,3.0194E-07
98.535,1.0049E+13,3.02355E-07
99.535,9.9868E+12,3.0276E-07
100.54,9.9262E+12,3.03165E-07
101.54,9.8668E+12,3.0356E-07
102.54,9.8086E+12,3.0395E-07
103.54,9.7516E+12,3.04335E-07
104.54,9.6956E+12,3.04715E-07
105.54,9.6407E+12,3.05095E-07
106.54,9.5868E+12,3.05465E-07
107.54,9.534E+12,3.0583E-07
108.54,9.4821E+12,3.0619E-07
109.54,9.4312E+12,3.0655E-07
110.54,9.3811E+12,3.069E-07
111.54,9.332E+12,3.0725E-07
112.54,9.2838E+12,3.07595E-07
113.54,9.2364E+12,3.0793E-07
114.54,9.1898E+12,3.0827E-07
115.54,9.144E+12,3.086E-07
116.54,9.099E+12,3.08925E-07
117.54,9.0548E+12,3.0925E-07
118.54,9.0113E+12,3.0957E-07
119.54,8.9685E+12,3.09885E-07
120.54,8.9264E+12,3.102E-07
121.54,8.885E+12,3.1051E-07
122.54,8.8443E+12,3.10815E-07
123.54,8.8042E+12,3.11115E-07
124.54,8.7647E+12,3.11415E-07
125.54,8.7259E+12,3.1171E-07
126.54,8.6876E+12,0.000000312
127.54,8.65E+12,3.1229E-07
128.54,8.6129E+12,3.12575E-07
129.54,8.5764E+12,3.12855E-07
130.54,8.5404E+12,3.13135E-07
131.54,8.5049E+12,3.1341E-07
132.54,8.47E+12,3.13685E-07
133.54,8.4356E+12,3.13955E-07
134.54,8.4016E+12,3.14225E-07
135.54,8.3682E+12,3.1449E-07
136.54,8.3352E+12,3.1475E-07
137.54,8.3027E+12,3.1501E-07
138.54,8.2707E+12,3.15265E-07
139.54,8.239E+12,3.1552E-07
140.54,8.2079E+12,3.15775E-07
141.54,8.1771E+12,3.1602E-07
142.54,8.1468E+12,3.1627E-07
143.54,8.1168E+12,3.16515E-07
144.54,8.0873E+12,3.16755E-07
145.54,8.0581E+12,3.16995E-07
146.54,8.0293E+12,3.1723E-07
147.54,8.0009E+12,3.17465E-07
148.54,7.9729E+12,3.177E-07
149.54,7.9452E+12,3.1793E-07
150.54,7.9179E+12,3.18155E-07
151.54,7.8909E+12,3.18385E-07
152.54,7.8642E+12,3.18605E-07
153.54,7.8379E+12,3.1883E-07
154.54,7.8119E+12,3.1905E-07
155.54,7.7862E+12,3.19265E-07
156.54,7.7608E+12,3.1948E-07
157.54,7.7358E+12,3.19695E-07
158.54,7.711E+12,3.1991E-07
159.54,7.6865E+12,3.2012E-07
160.54,7.6623E+12,3.20325E-07
161.54,7.6384E+12,3.20535E-07
162.54,7.6147E+12,3.20735E-07
163.54,7.5914E+12,3.2094E-07
164.54,7.5683E+12,3.2114E-07
165.54,7.5454E+12,3.2134E-07
166.54,7.5228E+12,3.2154E-07
167.54,7.5005E+12,3.21735E-07
168.54,7.4784E+12,3.2193E-07
169.54,7.4565E+12,3.2212E-07
170.54,7.4349E+12,3.2231E-07
171.54,7.4136E+12,3.225E-07
172.54,7.3924E+12,3.2269E-07
173.54,7.3715E+12,3.22875E-07
174.54,7.3508E+12,3.2306E-07
175.54,7.3303E+12,3.23245E-07
176.54,7.31E+12,3.23425E-07
177.54,7.29E+12,3.23605E-07
178.54,7.2701E+12,3.23785E-07
179.54,7.2505E+12,3.23965E-07
180.54,7.2311E+12,3.2414E-07
181.54,7.2118E+12,3.24315E-07
182.54,7.1928E+12,3.24485E-07
183.54,7.1739E+12,3.2466E-07
184.54,7.1552E+12,3.2483E-07
185.54,7.1367E+12,0.000000325
186.54,7.1184E+12,3.2517E-07
187.54,7.1003E+12,3.25335E-07
188.54,7.0823E+12,3.255E-07
189.54,7.0645E+12,3.25665E-07
190.54,7.0469E+12,3.2583E-07
191.54,7.0295E+12,3.2599E-07
192.54,7.0122E+12,3.2615E-07
193.54,6.9951E+12,3.2631E-07
194.54,6.9781E+12,3.2647E-07
195.54,6.9613E+12,3.26625E-07
196.54,6.9447E+12,3.2678E-07
197.54,6.9282E+12,3.26935E-07
198.54,6.9118E+12,3.2709E-07
199.54,6.8956E+12,3.27245E-07
200.54,6.8796E+12,3.27395E-07
201.54,6.8637E+12,3.27545E-07
202.54,6.8479E+12,3.27695E-07
203.54,6.8323E+12,3.27845E-07
204.54,6.8168E+12,3.2799E-07
205.54,6.8015E+12,3.2814E-07
206.54,6.7862E+12,3.28285E-07
207.54,6.7712E+12,3.2843E-07
208.54,6.7562E+12,3.28575E-07
209.54,6.7414E+12,3.28715E-07
210.54,6.7267E+12,3.28855E-07
211.54,6.7121E+12,0.000000329
212.54,6.6976E+12,3.29135E-07
213.54,6.6833E+12,3.29275E-07
214.54,6.6691E+12,3.29415E-07
215.54,6.655E+12,3.2955E-07
216.54,6.641E+12,3.29685E-07
217.54,6.6272E+12,3.29825E-07
218.54,6.6134E+12,3.29955E-07
219.54,6.5998E+12,3.3009E-07
220.54,6.5862E+12,3.30225E-07
221.54,6.5728E+12,3.30355E-07
222.54,6.5595E+12,3.30485E-07
223.54,6.5463E+12,3.30615E-07
224.54,6.5332E+12,3.30745E-07
225.54,6.5202E+12,3.30875E-07
226.54,6.5073E+12,0.000000331
227.54,6.4945E+12,3.3113E-07
228.54,6.4818E+12,3.31255E-07
229.54,6.4692E+12,3.3138E-07
230.54,6.4566E+12,3.31505E-07
231.54,6.4442E+12,3.3163E-07
232.54,6.4319E+12,3.3175E-07
233.54,6.4197E+12,3.31875E-07
234.54,6.4075E+12,3.31995E-07
235.54,6.3955E+12,3.3212E-07
236.54,6.3835E+12,3.3224E-07
237.54,6.3717E+12,3.32355E-07
238.54,6.3599E+12,3.32475E-07
239.54,6.3482E+12,3.32595E-07
240.54,6.3366E+12,3.3271E-07
241.54,6.3251E+12,3.3283E-07
242.54,6.3136E+12,3.32945E-07
243.54,6.3023E+12,3.3306E-07
244.54,6.291E+12,3.33175E-07
245.54,6.2798E+12,3.3329E-07
246.54,6.2687E+12,3.33405E-07
247.54,6.2576E+12,3.33515E-07
248.54,6.2467E+12,3.3363E-07
249.54,6.2358E+12,3.3374E-07
250.54,6.225E+12,3.3385E-07
251.54,6.2142E+12,3.3396E-07
252.54,6.2036E+12,3.3407E-07
253.54,6.193E+12,3.3418E-07
254.54,6.1825E+12,3.3429E-07
255.54,6.172E+12,3.34395E-07
256.54,6.1616E+12,3.34505E-07
257.54,6.1513E+12,3.3461E-07
258.54,6.1411E+12,3.34715E-07
259.54,6.1309E+12,3.3482E-07
260.54,6.1208E+12,3.34925E-07
261.54,6.1108E+12,3.3503E-07
262.54,6.1008E+12,3.35135E-07
263.54,6.0909E+12,3.3524E-07
264.54,6.0811E+12,3.3534E-07
265.54,6.0713E+12,3.35445E-07
266.54,6.0616E+12,3.35545E-07
267.54,6.0519E+12,3.3565E-07
268.54,6.0424E+12,3.3575E-07
269.54,6.0328E+12,3.3585E-07
270.54,6.0234E+12,3.3595E-07
271.54,6.014E+12,3.3605E-07
272.54,6.0046E+12,3.36145E-07
273.54,5.9953E+12,3.36245E-07
274.54,5.9861E+12,3.36345E-07
275.54,5.9769E+12,3.3644E-07
276.54,5.9678E+12,3.36535E-07
277.54,5.9587E+12,3.36635E-07
278.54,5.9497E+12,3.3673E-07
279.54,5.9408E+12,3.36825E-07
280.54,5.9319E+12,3.3692E-07
281.54,5.923E+12,3.37015E-07
282.54,5.9142E+12,3.3711E-07
283.54,5.9055E+12,3.372E-07
284.54,5.8968E+12,3.37295E-07
285.54,5.8882E+12,3.37385E-07
286.54,5.8796E+12,3.3748E-07
287.54,5.8711E+12,3.3757E-07
288.54,5.8626E+12,3.3766E-07
289.54,5.8542E+12,3.37755E-07
290.54,5.8458E+12,3.37845E-07
291.54,5.8375E+12,3.37935E-07
292.54,5.8292E+12,3.38025E-07
293.54,5.8209E+12,3.38115E-07
294.54,5.8127E+12,3.382E-07
295.54,5.8046E+12,3.3829E-07
296.54,5.7965E+12,3.3838E-07
297.54,5.7885E+12,3.38465E-07
298.54,5.7805E+12,3.38555E-07
299.54,5.7725E+12,3.3864E-07
300.54,5.7646E+12,3.38725E-07
301.54,5.7567E+12,3.3881E-07
302.54,5.7489E+12,3.38895E-07
303.54,5.7411E+12,3.3898E-07
304.54,5.7334E+12,3.39065E-07
305.54,5.7257E+12,3.3915E-07
306.54,5.718E+12,3.39235E-07
307.54,5.7104E+12,3.3932E-07
308.54,5.7028E+12,3.39405E-07
309.54,5.6953E+12,3.39485E-07
310.54,5.6878E+12,3.3957E-07
311.54,5.6804E+12,3.3965E-07
312.54,5.6729E+12,3.39735E-07
313.54,5.6656E+12,3.39815E-07
314.54,5.6582E+12,3.39895E-07
315.54,5.651E+12,3.39975E-07
316.54,5.6437E+12,3.40055E-07
317.54,5.6365E+12,3.40135E-07
318.54,5.6293E+12,3.40215E-07
319.54,5.6222E+12,3.40295E-07
320.54,5.6151E+12,3.40375E-07
321.54,5.608E+12,3.40455E-07
322.54,5.601E+12,3.40535E-07
323.54,5.594E+12,3.4061E-07
324.54,5.587E+12,3.4069E-07
325.54,5.5801E+12,3.40765E-07
326.54,5.5732E+12,3.40845E-07
327.54,5.5664E+12,3.4092E-07
328.54,5.5595E+12,3.40995E-07
329.54,5.5528E+12,3.41075E-07
330.54,5.546E+12,3.4115E-07
331.54,5.5393E+12,3.41225E-07
332.54,5.5326E+12,3.413E-07
333.54,5.526E+12,3.41375E-07
334.54,5.5194E+12,3.4145E-07
335.54,5.5128E+12,3.41525E-07
336.54,5.5062E+12,3.416E-07
337.54,5.4997E+12,3.4167E-07
338.54,5.4932E+12,3.41745E-07
339.54,5.4868E+12,3.4182E-07
340.54,5.4803E+12,3.4189E-07
341.54,5.474E+12,3.41965E-07
342.54,5.4676E+12,3.42035E-07
343.54,5.4613E+12,3.4211E-07
344.54,5.455E+12,3.4218E-07
345.54,5.4487E+12,3.4225E-07
346.54,5.4425E+12,3.42325E-07
347.54,5.4362E+12,3.42395E-07
348.54,5.4301E+12,3.42465E-07
349.54,5.4239E+12,3.42535E-07
350.54,5.4178E+12,3.42605E-07
351.54,5.4117E+12,3.42675E-07
352.54,5.4056E+12,3.42745E-07
353.54,5.3996E+12,3.42815E-07
354.54,5.3936E+12,3.42885E-07
355.54,5.3876E+12,3.42955E-07
356.54,5.3817E+12,3.4302E-07
357.54,5.3757E+12,3.4309E-07
358.54,5.3698E+12,3.4316E-07
359.54,5.364E+12,3.43225E-07
360.54,5.3581E+12,3.43295E-07
361.54,5.3523E+12,3.4336E-07
362.54,5.3465E+12,3.4343E-07
363.54,5.3407E+12,3.43495E-07
364.54,5.335E+12,3.4356E-07
365.54,5.3293E+12,3.4363E-07
366.54,5.3236E+12,3.43695E-07
367.54,5.3179E+12,3.4376E-07
368.54,5.3123E+12,3.43825E-07
369.54,5.3067E+12,3.4389E-07
370.54,5.3011E+12,3.43955E-07
371.54,5.2955E+12,3.4402E-07
372.54,5.29E+12,3.44085E-07
373.54,5.2845E+12,3.4415E-07
374.54,5.279E+12,3.44215E-07
375.54,5.2735E+12,3.4428E-07
376.54,5.2681E+12,3.4434E-07
377.54,5.2626E+12,3.44405E-07
378.54,5.2572E+12,3.4447E-07
379.54,5.2519E+12,3.4453E-07
380.54,5.2465E+12,3.44595E-07
381.54,5.2412E+12,3.4466E-07
382.54,5.2359E+12,3.4472E-07
383.54,5.2306E+12,3.44785E-07
384.54,5.2253E+12,3.44845E-07
385.54,5.2201E+12,3.44905E-07
386.54,5.2149E+12,3.4497E-07
387.54,5.2097E+12,3.4503E-07
388.54,5.2045E+12,3.4509E-07
389.54,5.1993E+12,3.4515E-07
390.54,5.1942E+12,3.45215E-07
391.54,5.1891E+12,3.45275E-07
392.54,5.184E+12,3.45335E-07
393.54,5.179E+12,3.45395E-07
394.54,5.1739E+12,3.45455E-07
395.54,5.1689E+12,3.45515E-07
396.54,5.1639E+12,3.45575E-07
397.54,5.1589E+12,3.45635E-07
398.54,5.1539E+12,3.45695E-07
399.54,5.149E+12,3.4575E-07
400.54,5.1441E+12,3.4581E-07
401.54,5.1391E+12,3.4587E-07
402.54,5.1343E+12,3.4593E-07
403.54,5.1294E+12,3.45985E-07
404.54,5.1245E+12,3.46045E-07
405.54,5.1197E+12,3.461E-07
406.54,5.1149E+12,3.4616E-07
407.54,5.1101E+12,3.46215E-07
408.54,5.1054E+12,3.46275E-07
409.54,5.1006E+12,3.4633E-07
410.54,5.0959E+12,3.4639E-07
411.54,5.0912E+12,3.46445E-07
412.54,5.0865E+12,3.465E-07
413.54,5.0818E+12,3.4656E-07
414.54,5.0771E+12,3.46615E-07
415.54,5.0725E+12,3.4667E-07
416.54,5.0679E+12,3.46725E-07
417.54,5.0633E+12,3.46785E-07
418.54,5.0587E+12,3.4684E-07
419.54,5.0541E+12,3.46895E-07
420.54,5.0495E+12,3.4695E-07
421.54,5.045E+12,3.47005E-07
422.54,5.0405E+12,3.4706E-07
423.54,5.036E+12,3.47115E-07
424.54,5.0315E+12,3.4717E-07
425.54,5.027E+12,3.4722E-07
426.54,5.0226E+12,3.47275E-07
427.54,5.0181E+12,3.4733E-07
428.54,5.0137E+12,3.47385E-07
429.54,5.0093E+12,3.4744E-07
430.54,5.0049E+12,3.4749E-07
431.54,5.0006E+12,3.47545E-07
432.54,4.9962E+12,3.476E-07
433.54,4.9919E+12,3.4765E-07
434.54,4.9876E+12,3.47705E-07
435.54,4.9833E+12,3.47755E-07
436.54,4.979E+12,3.4781E-07
437.54,4.9747E+12,3.4786E-07
438.54,4.9704E+12,3.47915E-07
439.54,4.9662E+12,3.47965E-07
440.54,4.962E+12,3.4802E-07
441.54,4.9578E+12,3.4807E-07
442.54,4.9536E+12,3.48125E-07
443.54,4.9494E+12,3.48175E-07
444.54,4.9452E+12,3.48225E-07
445.54,4.9411E+12,3.48275E-07
446.54,4.9369E+12,3.4833E-07
447.54,4.9328E+12,3.4838E-07
448.54,4.9287E+12,3.4843E-07
449.54,4.9246E+12,3.4848E-07
450.54,4.9205E+12,3.4853E-07
451.54,4.9165E+12,3.4858E-07
452.54,4.9124E+12,3.4863E-07
453.54,4.9084E+12,3.4868E-07
454.54,4.9044E+12,3.4873E-07
455.54,4.9003E+12,3.4878E-07
456.54,4.8964E+12,3.4883E-07
457.54,4.8924E+12,3.4888E-07
458.54,4.8884E+12,3.4893E-07
459.54,4.8845E+12,3.4898E-07
460.54,4.8805E+12,3.4903E-07
461.54,4.8766E+12,3.49075E-07
462.54,4.8727E+12,3.49125E-07
463.54,4.8688E+12,3.49175E-07
464.54,4.8649E+12,3.49225E-07
465.54,4.861E+12,3.4927E-07
466.54,4.8572E+12,3.4932E-07
467.54,4.8533E+12,3.4937E-07
468.54,4.8495E+12,3.49415E-07
469.54,4.8457E+12,3.49465E-07
470.54,4.8419E+12,3.4951E-07
471.54,4.8381E+12,3.4956E-07
472.54,4.8343E+12,3.4961E-07
473.54,4.8305E+12,3.49655E-07
474.54,4.8268E+12,3.497E-07
475.54,4.823E+12,3.4975E-07
476.54,4.8193E+12,3.49795E-07
477.54,4.8156E+12,3.49845E-07
478.54,4.8119E+12,3.4989E-07
479.54,4.8082E+12,3.49935E-07
480.54,4.8045E+12,3.49985E-07
481.54,4.8008E+12,3.5003E-07
482.54,4.7972E+12,3.50075E-07
483.54,4.7935E+12,3.5012E-07
484.54,4.7899E+12,3.5017E-07
485.54,4.7862E+12,3.50215E-07
486.54,4.7826E+12,3.5026E-07
487.54,4.779E+12,3.50305E-07
488.54,4.7754E+12,3.5035E-07
489.54,4.7719E+12,3.50395E-07
490.54,4.7683E+12,3.5044E-07
491.54,4.7648E+12,3.50485E-07
492.54,4.7612E+12,3.5053E-07
493.54,4.7577E+12,3.50575E-07
494.54,4.7542E+12,3.5062E-07
495.54,4.7507E+12,3.50665E-07
496.54,4.7472E+12,3.5071E-07
497.54,4.7437E+12,3.50755E-07
498.54,4.7402E+12,3.508E-07
499.54,4.7367E+12,3.50845E-07
500.54,4.7333E+12,3.5089E-07
501.54,4.7298E+12,3.50935E-07
502.54,4.7264E+12,3.50975E-07
503.54,4.723E+12,3.5102E-07
504.54,4.7196E+12,3.51065E-07
505.54,4.7162E+12,3.5111E-07
506.54,4.7128E+12,3.5115E-07
507.54,4.7094E+12,3.51195E-07
508.54,4.706E+12,3.5124E-07
509.54,4.7027E+12,3.5128E-07
510.54,4.6993E+12,3.51325E-07
511.54,4.696E+12,3.5137E-07
512.54,4.6927E+12,3.5141E-07
513.54,4.6893E+12,3.51455E-07
514.54,4.686E+12,3.51495E-07
515.54,4.6827E+12,3.5154E-07
516.54,4.6794E+12,3.5158E-07
517.54,4.6762E+12,3.51625E-07
518.54,4.6729E+12,3.51665E-07
519.54,4.6696E+12,3.5171E-07
520.54,4.6664E+12,3.5175E-07
521.54,4.6632E+12,3.5179E-07
522.54,4.6599E+12,3.51835E-07
523.54,4.6567E+12,3.51875E-07
524.54,4.6535E+12,3.5192E-07
525.54,4.6503E+12,3.5196E-07
526.54,4.6471E+12,0.000000352
527.54,4.6439E+12,3.5204E-07
528.54,4.6407E+12,3.52085E-07
529.54,4.6376E+12,3.52125E-07
530.54,4.6344E+12,3.52165E-07
531.54,4.6313E+12,3.52205E-07
532.54,4.6282E+12,3.5225E-07
533.54,4.625E+12,3.5229E-07
534.54,4.6219E+12,3.5233E-07
535.54,4.6188E+12,3.5237E-07
536.54,4.6157E+12,3.5241E-07
537.54,4.6126E+12,3.5245E-07
538.54,4.6095E+12,3.5249E-07
539.54,4.6065E+12,3.5253E-07
540.54,4.6034E+12,3.5257E-07
541.54,4.6003E+12,3.5261E-07
542.54,4.5973E+12,3.5265E-07
543.54,4.5943E+12,3.5269E-07
544.54,4.5912E+12,3.5273E-07
545.54,4.5882E+12,3.5277E-07
546.54,4.5852E+12,3.5281E-07
547.54,4.5822E+12,3.5285E-07
548.54,4.5792E+12,3.5289E-07
549.54,4.5762E+12,3.5293E-07
550.54,4.5732E+12,3.5297E-07
551.54,4.5703E+12,3.53005E-07
552.54,4.5673E+12,3.53045E-07
553.54,4.5644E+12,3.53085E-07
554.54,4.5614E+12,3.53125E-07
555.54,4.5585E+12,3.5316E-07
556.54,4.5556E+12,3.532E-07
557.54,4.5526E+12,3.5324E-07
558.54,4.5497E+12,3.5328E-07
559.54,4.5468E+12,3.53315E-07
560.54,4.5439E+12,3.53355E-07
561.54,4.541E+12,3.53395E-07
562.54,4.5382E+12,3.5343E-07
563.54,4.5353E+12,3.5347E-07
564.54,4.5324E+12,3.5351E-07
565.54,4.5296E+12,3.53545E-07
566.54,4.5267E+12,3.53585E-07
567.54,4.5239E+12,3.5362E-07
568.54,4.521E+12,3.5366E-07
569.54,4.5182E+12,3.53695E-07
570.54,4.5154E+12,3.53735E-07
571.54,4.5126E+12,3.5377E-07
572.54,4.5098E+12,3.5381E-07
573.54,4.507E+12,3.53845E-07
574.54,4.5042E+12,3.53885E-07
575.54,4.5014E+12,3.5392E-07
576.54,4.4987E+12,3.53955E-07
577.54,4.4959E+12,3.53995E-07
578.54,4.4931E+12,3.5403E-07
579.54,4.4904E+12,3.5407E-07
580.54,4.4876E+12,3.54105E-07
581.54,4.4849E+12,3.5414E-07
582.54,4.4822E+12,3.5418E-07
583.54,4.4795E+12,3.54215E-07
584.54,4.4767E+12,3.5425E-07
585.54,4.474E+12,3.54285E-07
586.54,4.4713E+12,3.54325E-07
587.54,4.4687E+12,3.5436E-07
588.54,4.466E+12,3.54395E-07
589.54,4.4633E+12,3.5443E-07
590.54,4.4606E+12,3.5447E-07
591.54,4.458E+12,3.54505E-07
592.54,4.4553E+12,3.5454E-07
593.54,4.4526E+12,3.54575E-07
594.54,4.45E+12,3.5461E-07
595.54,4.4474E+12,3.54645E-07
596.54,4.4447E+12,3.5468E-07
597.54,4.4421E+12,3.5472E-07
598.54,4.4395E+12,3.54755E-07
599.54,4.4369E+12,3.5479E-07
600.54,4.4343E+12,3.54825E-07
601.54,4.4317E+12,3.5486E-07
602.54,4.4291E+12,3.54895E-07
603.54,4.4265E+12,3.5493E-07
604.54,4.4239E+12,3.54965E-07
605.54,4.4214E+12,0.000000355
606.54,4.4188E+12,3.55035E-07
607.54,4.4162E+12,3.5507E-07
608.54,4.4137E+12,3.55105E-07
609.54,4.4111E+12,3.5514E-07
610.54,4.4086E+12,3.5517E-07
611.54,4.4061E+12,3.55205E-07
612.54,4.4035E+12,3.5524E-07
613.54,4.401E+12,3.55275E-07
614.54,4.3985E+12,3.5531E-07
615.54,4.396E+12,3.55345E-07
616.54,4.3935E+12,3.5538E-07
617.54,4.391E+12,3.5541E-07
618.54,4.3885E+12,3.55445E-07
619.54,4.386E+12,3.5548E-07
620.54,4.3836E+12,3.55515E-07
621.54,4.3811E+12,3.55545E-07
622.54,4.3786E+12,3.5558E-07
623.54,4.3762E+12,3.55615E-07
624.54,4.3737E+12,3.5565E-07
625.54,4.3713E+12,3.5568E-07
626.54,4.3688E+12,3.55715E-07
627.54,4.3664E+12,3.5575E-07
628.54,4.364E+12,3.5578E-07
629.54,4.3616E+12,3.55815E-07
630.54,4.3591E+12,3.5585E-07
631.54,4.3567E+12,3.5588E-07
632.54,4.3543E+12,3.55915E-07
633.54,4.3519E+12,3.5595E-07
634.54,4.3495E+12,3.5598E-07
635.54,4.3471E+12,3.56015E-07
636.54,4.3448E+12,3.56045E-07
637.54,4.3424E+12,3.5608E-07
638.54,4.34E+12,3.5611E-07
639.54,4.3377E+12,3.56145E-07
640.54,4.3353E+12,3.56175E-07
641.54,4.3329E+12,3.5621E-07
642.54,4.3306E+12,3.5624E-07
643.54,4.3283E+12,3.56275E-07
644.54,4.3259E+12,3.56305E-07
645.54,4.3236E+12,3.5634E-07
646.54,4.3213E+12,3.5637E-07
647.54,4.3189E+12,3.56405E-07
648.54,4.3166E+12,3.56435E-07
649.54,4.3143E+12,3.56465E-07
650.54,4.312E+12,3.565E-07
651.54,4.3097E+12,3.5653E-07
652.54,4.3074E+12,3.56565E-07
653.54,4.3051E+12,3.56595E-07
654.54,4.3028E+12,3.56625E-07
655.54,4.3006E+12,3.5666E-07
656.54,4.2983E+12,3.5669E-07
657.54,4.296E+12,3.5672E-07
658.54,4.2938E+12,3.56755E-07
659.54,4.2915E+12,3.56785E-07
660.54,4.2893E+12,3.56815E-07
661.54,4.287E+12,3.56845E-07
662.54,4.2848E+12,3.5688E-07
663.54,4.2825E+12,3.5691E-07
664.54,4.2803E+12,3.5694E-07
665.54,4.2781E+12,3.5697E-07
666.54,4.2759E+12,3.57005E-07
667.54,4.2737E+12,3.57035E-07
668.54,4.2714E+12,3.57065E-07
669.54,4.2692E+12,3.57095E-07
670.54,4.267E+12,3.57125E-07
671.54,4.2648E+12,3.57155E-07
672.54,4.2626E+12,3.5719E-07
673.54,4.2605E+12,3.5722E-07
674.54,4.2583E+12,3.5725E-07
675.54,4.2561E+12,3.5728E-07
676.54,4.2539E+12,3.5731E-07
677.54,4.2518E+12,3.5734E-07
678.54,4.2496E+12,3.5737E-07
679.54,4.2475E+12,3.574E-07
680.54,4.2453E+12,3.5743E-07
681.54,4.2432E+12,3.5746E-07
682.54,4.241E+12,3.5749E-07
683.54,4.2389E+12,3.5752E-07
684.54,4.2367E+12,3.5755E-07
685.54,4.2346E+12,3.5758E-07
686.54,4.2325E+12,3.5761E-07
687.54,4.2304E+12,3.5764E-07
688.54,4.2283E+12,3.5767E-07
689.54,4.2262E+12,3.577E-07
690.54,4.224E+12,3.5773E-07
691.54,4.2219E+12,3.5776E-07
692.54,4.2199E+12,3.5779E-07
693.54,4.2178E+12,3.5782E-07
694.54,4.2157E+12,3.5785E-07
695.54,4.2136E+12,3.5788E-07
696.54,4.2115E+12,3.5791E-07
697.54,4.2094E+12,3.5794E-07
698.54,4.2074E+12,3.5797E-07
699.54,4.2053E+12,3.57995E-07
700.54,4.2033E+12,3.58025E-07
701.54,4.2012E+12,3.58055E-07
702.54,4.1991E+12,3.58085E-07
703.54,4.1971E+12,3.58115E-07
704.54,4.1951E+12,3.58145E-07
705.54,4.193E+12,3.5817E-07
706.54,4.191E+12,3.582E-07
707.54,4.189E+12,3.5823E-07
708.54,4.1869E+12,3.5826E-07
709.54,4.1849E+12,3.58285E-07
710.54,4.1829E+12,3.58315E-07
711.54,4.1809E+12,3.58345E-07
712.54,4.1789E+12,3.58375E-07
713.54,4.1769E+12,3.584E-07
714.54,4.1749E+12,3.5843E-07
715.54,4.1729E+12,3.5846E-07
716.54,4.1709E+12,3.58485E-07
717.54,4.1689E+12,3.58515E-07
718.54,4.1669E+12,3.58545E-07
719.54,4.165E+12,3.5857E-07
720.54,4.163E+12,3.586E-07
721.54,4.161E+12,3.5863E-07
722.54,4.159E+12,3.58655E-07
723.54,4.1571E+12,3.58685E-07
724.54,4.1551E+12,3.58715E-07
725.54,4.1532E+12,3.5874E-07
726.54,4.1512E+12,3.5877E-07
727.54,4.1493E+12,3.58795E-07
728.54,4.1473E+12,3.58825E-07
729.54,4.1454E+12,3.58855E-07
730.54,4.1435E+12,3.5888E-07
731.54,4.1415E+12,3.5891E-07
732.54,4.1396E+12,3.58935E-07
733.54,4.1377E+12,3.58965E-07
734.54,4.1358E+12,3.5899E-07
735.54,4.1339E+12,3.5902E-07
736.54,4.132E+12,3.59045E-07
737.54,4.13E+12,3.59075E-07
738.54,4.1281E+12,3.591E-07
739.54,4.1262E+12,3.5913E-07
740.54,4.1244E+12,3.59155E-07
741.54,4.1225E+12,3.59185E-07
742.54,4.1206E+12,3.5921E-07
743.54,4.1187E+12,3.5924E-07
744.54,4.1168E+12,3.59265E-07
745.54,4.1149E+12,3.5929E-07
746.54,4.1131E+12,3.5932E-07
747.54,4.1112E+12,3.59345E-07
748.54,4.1093E+12,3.59375E-07
749.54,4.1075E+12,3.594E-07
750.54,4.1056E+12,3.5943E-07
751.54,4.1038E+12,3.59455E-07
752.54,4.1019E+12,3.5948E-07
753.54,4.1001E+12,3.5951E-07
754.54,4.0982E+12,3.59535E-07
755.54,4.0964E+12,3.5956E-07
756.54,4.0946E+12,3.5959E-07
757.54,4.0927E+12,3.59615E-07
758.54,4.0909E+12,3.5964E-07
759.54,4.0891E+12,3.5967E-07
760.54,4.0873E+12,3.59695E-07
761.54,4.0854E+12,3.5972E-07
762.54,4.0836E+12,3.59745E-07
763.54,4.0818E+12,3.59775E-07
764.54,4.08E+12,3.598E-07
765.54,4.0782E+12,3.59825E-07
766.54,4.0764E+12,3.59855E-07
767.54,4.0746E+12,3.5988E-07
768.54,4.0728E+12,3.59905E-07
769.54,4.071E+12,3.5993E-07
770.54,4.0693E+12,3.59955E-07
771.54,4.0675E+12,3.59985E-07
772.54,4.0657E+12,3.6001E-07
773.54,4.0639E+12,3.60035E-07
774.54,4.0622E+12,3.6006E-07
775.54,4.0604E+12,3.60085E-07
776.54,4.0586E+12,3.60115E-07
777.54,4.0569E+12,3.6014E-07
778.54,4.0551E+12,3.60165E-07
779.54,4.0534E+12,3.6019E-07
780.54,4.0516E+12,3.60215E-07
781.54,4.0499E+12,3.6024E-07
782.54,4.0481E+12,3.6027E-07
783.54,4.0464E+12,3.60295E-07
784.54,4.0446E+12,3.6032E-07
785.54,4.0429E+12,3.60345E-07
786.54,4.0412E+12,3.6037E-07
787.54,4.0394E+12,3.60395E-07
788.54,4.0377E+12,3.6042E-07
789.54,4.036E+12,3.60445E-07
790.54,4.0343E+12,3.6047E-07
791.54,4.0326E+12,3.60495E-07
792.54,4.0309E+12,3.6052E-07
793.54,4.0291E+12,3.60545E-07
794.54,4.0274E+12,3.6057E-07
795.54,4.0257E+12,3.60595E-07
796.54,4.024E+12,3.6062E-07
797.54,4.0223E+12,3.6065E-07
798.54,4.0207E+12,3.60675E-07
799.54,4.019E+12,3.607E-07
800.54,4.0173E+12,3.60725E-07
801.54,4.0156E+12,3.60745E-07
802.54,4.0139E+12,3.6077E-07
803.54,4.0122E+12,3.60795E-07
804.54,4.0106E+12,3.6082E-07
805.54,4.0089E+12,3.60845E-07
806.54,4.0072E+12,3.6087E-07
807.54,4.0056E+12,3.60895E-07
808.54,4.0039E+12,3.6092E-07
809.54,4.0023E+12,3.60945E-07
810.54,4.0006E+12,3.6097E-07
811.54,3.9989E+12,3.60995E-07
812.54,3.9973E+12,3.6102E-07
813.54,3.9957E+12,3.61045E-07
814.54,3.994E+12,3.6107E-07
815.54,3.9924E+12,3.61095E-07
816.54,3.9907E+12,3.61115E-07
817.54,3.9891E+12,3.6114E-07
818.54,3.9875E+12,3.61165E-07
819.54,3.9858E+12,3.6119E-07
820.54,3.9842E+12,3.61215E-07
821.54,3.9826E+12,3.6124E-07
822.54,3.981E+12,3.61265E-07
823.54,3.9794E+12,3.61285E-07
824.54,3.9777E+12,3.6131E-07
825.54,3.9761E+12,3.61335E-07
826.54,3.9745E+12,3.6136E-07
827.54,3.9729E+12,3.61385E-07
828.54,3.9713E+12,3.61405E-07
829.54,3.9697E+12,3.6143E-07
830.54,3.9681E+12,3.61455E-07
831.54,3.9665E+12,3.6148E-07
832.54,3.9649E+12,3.615E-07
833.54,3.9634E+12,3.61525E-07
834.54,3.9618E+12,3.6155E-07
835.54,3.9602E+12,3.61575E-07
836.54,3.9586E+12,3.61595E-07
837.54,3.957E+12,3.6162E-07
838.54,3.9555E+12,3.61645E-07
839.54,3.9539E+12,3.6167E-07
840.54,3.9523E+12,3.6169E-07
841.54,3.9508E+12,3.61715E-07
842.54,3.9492E+12,3.6174E-07
843.54,3.9476E+12,3.6176E-07
844.54,3.9461E+12,3.61785E-07
845.54,3.9445E+12,3.6181E-07
846.54,3.943E+12,3.61835E-07
847.54,3.9414E+12,3.61855E-07
848.54,3.9399E+12,3.6188E-07
849.54,3.9383E+12,3.61905E-07
850.54,3.9368E+12,3.61925E-07
851.54,3.9353E+12,3.6195E-07
852.54,3.9337E+12,3.6197E-07
853.54,3.9322E+12,3.61995E-07
854.54,3.9307E+12,3.6202E-07
855.54,3.9291E+12,3.6204E-07
856.54,3.9276E+12,3.62065E-07
857.54,3.9261E+12,3.6209E-07
858.54,3.9246E+12,3.6211E-07
859.54,3.9231E+12,3.62135E-07
860.54,3.9215E+12,3.62155E-07
861.54,3.92E+12,3.6218E-07
862.54,3.9185E+12,3.622E-07
863.54,3.917E+12,3.62225E-07
864.54,3.9155E+12,3.6225E-07
865.54,3.914E+12,3.6227E-07
866.54,3.9125E+12,3.62295E-07
867.54,3.911E+12,3.62315E-07
868.54,3.9095E+12,3.6234E-07
869.54,3.908E+12,3.6236E-07
870.54,3.9065E+12,3.62385E-07
871.54,3.9051E+12,3.62405E-07
872.54,3.9036E+12,3.6243E-07
873.54,3.9021E+12,3.6245E-07
874.54,3.9006E+12,3.62475E-07
875.54,3.8991E+12,3.62495E-07
876.54,3.8977E+12,3.6252E-07
877.54,3.8962E+12,3.6254E-07
878.54,3.8947E+12,3.62565E-07
879.54,3.8933E+12,3.62585E-07
880.54,3.8918E+12,3.6261E-07
881.54,3.8903E+12,3.6263E-07
882.54,3.8889E+12,3.62655E-07
883.54,3.8874E+12,3.62675E-07
884.54,3.886E+12,3.627E-07
885.54,3.8845E+12,3.6272E-07
886.54,3.8831E+12,3.6274E-07
887.54,3.8816E+12,3.62765E-07
888.54,3.8802E+12,3.62785E-07
889.54,3.8787E+12,3.6281E-07
890.54,3.8773E+12,3.6283E-07
891.54,3.8759E+12,3.62855E-07
892.54,3.8744E+12,3.62875E-07
893.54,3.873E+12,3.62895E-07
894.54,3.8716E+12,3.6292E-07
895.54,3.8701E+12,3.6294E-07
896.54,3.8687E+12,3.6296E-07
897.54,3.8673E+12,3.62985E-07
898.54,3.8659E+12,3.63005E-07
899.54,3.8645E+12,3.6303E-07
900.54,3.863E+12,3.6305E-07
901.54,3.8616E+12,3.6307E-07
902.54,3.8602E+12,3.63095E-07
903.54,3.8588E+12,3.63115E-07
904.54,3.8574E+12,3.63135E-07
905.54,3.856E+12,3.6316E-07
906.54,3.8546E+12,3.6318E-07
907.54,3.8532E+12,3.632E-07
908.54,3.8518E+12,3.63225E-07
909.54,3.8504E+12,3.63245E-07
910.54,3.849E+12,3.63265E-07
911.54,3.8476E+12,3.63285E-07
912.54,3.8462E+12,3.6331E-07
913.54,3.8448E+12,3.6333E-07
914.54,3.8435E+12,3.6335E-07
915.54,3.8421E+12,3.6337E-07
916.54,3.8407E+12,3.63395E-07
917.54,3.8393E+12,3.63415E-07
918.54,3.8379E+12,3.63435E-07
919.54,3.8366E+12,3.6346E-07
920.54,3.8352E+12,3.6348E-07
921.54,3.8338E+12,3.635E-07
922.54,3.8325E+12,3.6352E-07
923.54,3.8311E+12,3.6354E-07
924.54,3.8297E+12,3.63565E-07
925.54,3.8284E+12,3.63585E-07
926.54,3.827E+12,3.63605E-07
927.54,3.8257E+12,3.63625E-07
928.54,3.8243E+12,3.6365E-07
929.54,3.823E+12,3.6367E-07
930.54,3.8216E+12,3.6369E-07
931.54,3.8203E+12,3.6371E-07
932.54,3.8189E+12,3.6373E-07
933.54,3.8176E+12,3.6375E-07
934.54,3.8162E+12,3.63775E-07
935.54,3.8149E+12,3.63795E-07
936.54,3.8136E+12,3.63815E-07
937.54,3.8122E+12,3.63835E-07
938.54,3.8109E+12,3.63855E-07
939.54,3.8096E+12,3.63875E-07
940.54,3.8082E+12,3.639E-07
941.54,3.8069E+12,3.6392E-07
942.54,3.8056E+12,3.6394E-07
943.54,3.8043E+12,3.6396E-07
944.54,3.803E+12,3.6398E-07
945.54,3.8016E+12,0.000000364
946.54,3.8003E+12,3.6402E-07
947.54,3.799E+12,3.6404E-07
948.54,3.7977E+12,3.6406E-07
949.54,3.7964E+12,3.64085E-07
950.54,3.7951E+12,3.64105E-07
951.54,3.7938E+12,3.64125E-07
952.54,3.7925E+12,3.64145E-07
953.54,3.7912E+12,3.64165E-07
954.54,3.7899E+12,3.64185E-07
955.54,3.7886E+12,3.64205E-07
956.54,3.7873E+12,3.64225E-07
957.54,3.786E+12,3.64245E-07
958.54,3.7847E+12,3.64265E-07
959.54,3.7834E+12,3.64285E-07
960.54,3.7821E+12,3.64305E-07
961.54,3.7808E+12,3.64325E-07
962.54,3.7795E+12,3.64345E-07
963.54,3.7783E+12,3.64365E-07
964.54,3.777E+12,3.64385E-07
965.54,3.7757E+12,3.64405E-07
966.54,3.7744E+12,3.64425E-07
967.54,3.7732E+12,3.64445E-07
968.54,3.7719E+12,3.64465E-07
969.54,3.7706E+12,3.64485E-07
970.54,3.7694E+12,3.64505E-07
971.54,3.7681E+12,3.64525E-07
972.54,3.7668E+12,3.64545E-07
973.54,3.7656E+12,3.64565E-07
974.54,3.7643E+12,3.64585E-07
975.54,3.763E+12,3.64605E-07
976.54,3.7618E+12,3.64625E-07
977.54,3.7605E+12,3.64645E-07
978.54,3.7593E+12,3.64665E-07
979.54,3.758E+12,3.64685E-07
980.54,3.7568E+12,3.64705E-07
981.54,3.7555E+12,3.64725E-07
982.54,3.7543E+12,3.64745E-07
983.54,3.753E+12,3.64765E-07
984.54,3.7518E+12,3.64785E-07
985.54,3.7506E+12,3.64805E-07
986.54,3.7493E+12,3.64825E-07
987.54,3.7481E+12,3.64845E-07
988.54,3.7468E+12,3.6486E-07
989.54,3.7456E+12,3.6488E-07
990.54,3.7444E+12,3.649E-07
991.54,3.7432E+12,3.6492E-07
992.54,3.7419E+12,3.6494E-07
993.54,3.7407E+12,3.6496E-07
994.54,3.7395E+12,3.6498E-07
995.54,3.7383E+12,0.000000365
996.54,3.737E+12,3.6502E-07
997.54,3.7358E+12,3.65035E-07
998.54,3.7346E+12,3.65055E-07
999.54,3.7334E+12,3.65075E-07
1000.5,3.7322E+12,3.65095E-07
1001.5,3.731E+12,3.65115E-07
1002.5,3.7298E+12,3.65135E-07
1003.5,3.7286E+12,3.65155E-07
1004.5,3.7273E+12,3.6517E-07
1005.5,3.7261E+12,3.6519E-07
1006.5,3.7249E+12,3.6521E-07
1007.5,3.7237E+12,3.6523E-07
1008.5,3.7225E+12,3.6525E-07
1009.5,3.7213E+12,3.6527E-07
1010.5,3.7201E+12,3.65285E-07
1011.5,3.719E+12,3.65305E-07
1012.5,3.7178E+12,3.65325E-07
1013.5,3.7166E+12,3.65345E-07
1014.5,3.7154E+12,3.65365E-07
1015.5,3.7142E+12,3.6538E-07
1016.5,3.713E+12,3.654E-07
1017.5,3.7118E+12,3.6542E-07
1018.5,3.7106E+12,3.6544E-07
1019.5,3.7095E+12,3.65455E-07
1020.5,3.7083E+12,3.65475E-07
1021.5,3.7071E+12,3.65495E-07
1022.5,3.7059E+12,3.65515E-07
1023.5,3.7048E+12,3.6553E-07
1024.5,3.7036E+12,3.6555E-07
1025.5,3.7024E+12,3.6557E-07
1026.5,3.7013E+12,3.6559E-07
1027.5,3.7001E+12,3.65605E-07
1028.5,3.6989E+12,3.65625E-07
1029.5,3.6978E+12,3.65645E-07
1030.5,3.6966E+12,3.65665E-07
1031.5,3.6954E+12,3.6568E-07
1032.5,3.6943E+12,3.657E-07
1033.5,3.6931E+12,3.6572E-07
1034.5,3.692E+12,3.6574E-07
1035.5,3.6908E+12,3.65755E-07
1036.5,3.6897E+12,3.65775E-07
1037.5,3.6885E+12,3.65795E-07
1038.5,3.6874E+12,3.6581E-07
1039.5,3.6862E+12,3.6583E-07
1040.5,3.6851E+12,3.6585E-07
1041.5,3.6839E+12,3.65865E-07
1042.5,3.6828E+12,3.65885E-07
1043.5,3.6816E+12,3.65905E-07
1044.5,3.6805E+12,3.6592E-07
1045.5,3.6794E+12,3.6594E-07
1046.5,3.6782E+12,3.6596E-07
1047.5,3.6771E+12,3.65975E-07
1048.5,3.676E+12,3.65995E-07
1049.5,3.6748E+12,3.66015E-07
1050.5,3.6737E+12,3.6603E-07
1051.5,3.6726E+12,3.6605E-07
1052.5,3.6715E+12,3.6607E-07
1053.5,3.6703E+12,3.66085E-07
1054.5,3.6692E+12,3.66105E-07
1055.5,3.6681E+12,3.66125E-07
1056.5,3.667E+12,3.6614E-07
1057.5,3.6658E+12,3.6616E-07
1058.5,3.6647E+12,3.66175E-07
1059.5,3.6636E+12,3.66195E-07
1060.5,3.6625E+12,3.66215E-07
1061.5,3.6614E+12,3.6623E-07
1062.5,3.6603E+12,3.6625E-07
1063.5,3.6592E+12,3.66265E-07
1064.5,3.6581E+12,3.66285E-07
1065.5,3.657E+12,3.66305E-07
1066.5,3.6558E+12,3.6632E-07
1067.5,3.6547E+12,3.6634E-07
1068.5,3.6536E+12,3.66355E-07
1069.5,3.6525E+12,3.66375E-07
1070.5,3.6514E+12,3.66395E-07
1071.5,3.6503E+12,3.6641E-07
1072.5,3.6493E+12,3.6643E-07
1073.5,3.6482E+12,3.66445E-07
1074.5,3.6471E+12,3.66465E-07
1075.5,3.646E+12,3.6648E-07
1076.5,3.6449E+12,3.665E-07
1077.5,3.6438E+12,3.66515E-07
1078.5,3.6427E+12,3.66535E-07
1079.5,3.6416E+12,3.6655E-07
1080.5,3.6405E+12,3.6657E-07
1081.5,3.6395E+12,3.6659E-07
1082.5,3.6384E+12,3.66605E-07
1083.5,3.6373E+12,3.66625E-07
1084.5,3.6362E+12,3.6664E-07
1085.5,3.6351E+12,3.6666E-07
1086.5,3.6341E+12,3.66675E-07
1087.5,3.633E+12,3.66695E-07
1088.5,3.6319E+12,3.6671E-07
1089.5,3.6308E+12,3.6673E-07
1090.5,3.6298E+12,3.66745E-07
1091.5,3.6287E+12,3.66765E-07
1092.5,3.6276E+12,3.6678E-07
1093.5,3.6266E+12,3.668E-07
1094.5,3.6255E+12,3.66815E-07
1095.5,3.6244E+12,3.66835E-07
1096.5,3.6234E+12,3.6685E-07
1097.5,3.6223E+12,3.6687E-07
1098.5,3.6213E+12,3.66885E-07
1099.5,3.6202E+12,3.669E-07
1100.5,3.6192E+12,3.6692E-07
1101.5,3.6181E+12,3.66935E-07
1102.5,3.617E+12,3.66955E-07
1103.5,3.616E+12,3.6697E-07
1104.5,3.6149E+12,3.6699E-07
1105.5,3.6139E+12,3.67005E-07
1106.5,3.6129E+12,3.67025E-07
1107.5,3.6118E+12,3.6704E-07
1108.5,3.6108E+12,3.67055E-07
1109.5,3.6097E+12,3.67075E-07
1110.5,3.6087E+12,3.6709E-07
1111.5,3.6076E+12,3.6711E-07
1112.5,3.6066E+12,3.67125E-07
1113.5,3.6056E+12,3.67145E-07
1114.5,3.6045E+12,3.6716E-07
1115.5,3.6035E+12,3.67175E-07
1116.5,3.6025E+12,3.67195E-07
1117.5,3.6014E+12,3.6721E-07
1118.5,3.6004E+12,3.6723E-07
1119.5,3.5994E+12,3.67245E-07
1120.5,3.5983E+12,3.6726E-07
1121.5,3.5973E+12,3.6728E-07
1122.5,3.5963E+12,3.67295E-07
1123.5,3.5953E+12,3.67315E-07
1124.5,3.5942E+12,3.6733E-07
1125.5,3.5932E+12,3.67345E-07
1126.5,3.5922E+12,3.67365E-07
1127.5,3.5912E+12,3.6738E-07
1128.5,3.5902E+12,3.67395E-07
1129.5,3.5891E+12,3.67415E-07
1130.5,3.5881E+12,3.6743E-07
1131.5,3.5871E+12,3.67445E-07
1132.5,3.5861E+12,3.67465E-07
1133.5,3.5851E+12,3.6748E-07
1134.5,3.5841E+12,3.675E-07
1135.5,3.5831E+12,3.67515E-07
1136.5,3.5821E+12,3.6753E-07
1137.5,3.5811E+12,3.6755E-07
1138.5,3.58E+12,3.67565E-07
1139.5,3.579E+12,3.6758E-07
1140.5,3.578E+12,3.676E-07
1141.5,3.577E+12,3.67615E-07
1142.5,3.576E+12,3.6763E-07
1143.5,3.575E+12,3.67645E-07
1144.5,3.574E+12,3.67665E-07
1145.5,3.573E+12,3.6768E-07
1146.5,3.5721E+12,3.67695E-07
1147.5,3.5711E+12,3.67715E-07
1148.5,3.5701E+12,3.6773E-07
1149.5,3.5691E+12,3.67745E-07
1150.5,3.5681E+12,3.67765E-07
1151.5,3.5671E+12,3.6778E-07
1152.5,3.5661E+12,3.67795E-07
1153.5,3.5651E+12,3.6781E-07
1154.5,3.5641E+12,3.6783E-07
1155.5,3.5632E+12,3.67845E-07
1156.5,3.5622E+12,3.6786E-07
1157.5,3.5612E+12,3.6788E-07
1158.5,3.5602E+12,3.67895E-07
1159.5,3.5592E+12,3.6791E-07
1160.5,3.5583E+12,3.67925E-07
1161.5,3.5573E+12,3.67945E-07
1162.5,3.5563E+12,3.6796E-07
1163.5,3.5553E+12,3.67975E-07
1164.5,3.5544E+12,3.6799E-07
1165.5,3.5534E+12,3.6801E-07
1166.5,3.5524E+12,3.68025E-07
1167.5,3.5514E+12,3.6804E-07
1168.5,3.5505E+12,3.68055E-07
1169.5,3.5495E+12,3.68075E-07
1170.5,3.5485E+12,3.6809E-07
1171.5,3.5476E+12,3.68105E-07
1172.5,3.5466E+12,3.6812E-07
1173.5,3.5457E+12,3.68135E-07
1174.5,3.5447E+12,3.68155E-07
1175.5,3.5437E+12,3.6817E-07
1176.5,3.5428E+12,3.68185E-07
1177.5,3.5418E+12,3.682E-07
1178.5,3.5409E+12,3.68215E-07
1179.5,3.5399E+12,3.68235E-07
1180.5,3.539E+12,3.6825E-07
1181.5,3.538E+12,3.68265E-07
1182.5,3.5371E+12,3.6828E-07
1183.5,3.5361E+12,3.68295E-07
1184.5,3.5352E+12,3.68315E-07
1185.5,3.5342E+12,3.6833E-07
1186.5,3.5333E+12,3.68345E-07
1187.5,3.5323E+12,3.6836E-07
1188.5,3.5314E+12,3.68375E-07
1189.5,3.5304E+12,3.68395E-07
1190.5,3.5295E+12,3.6841E-07
1191.5,3.5285E+12,3.68425E-07
1192.5,3.5276E+12,3.6844E-07
1193.5,3.5267E+12,3.68455E-07
1194.5,3.5257E+12,3.6847E-07
1195.5,3.5248E+12,3.68485E-07
1196.5,3.5239E+12,3.68505E-07
1197.5,3.5229E+12,3.6852E-07
1198.5,3.522E+12,3.68535E-07
1199.5,3.5211E+12,3.6855E-07
1200.5,3.5201E+12,3.68565E-07
1201.5,3.5192E+12,3.6858E-07
1202.5,3.5183E+12,3.68595E-07
1203.5,3.5173E+12,3.68615E-07
1204.5,3.5164E+12,3.6863E-07
1205.5,3.5155E+12,3.68645E-07
1206.5,3.5146E+12,3.6866E-07
1207.5,3.5136E+12,3.68675E-07
1208.5,3.5127E+12,3.6869E-07
1209.5,3.5118E+12,3.68705E-07
1210.5,3.5109E+12,3.6872E-07
1211.5,3.51E+12,3.6874E-07
1212.5,3.509E+12,3.68755E-07
1213.5,3.5081E+12,3.6877E-07
1214.5,3.5072E+12,3.68785E-07
1215.5,3.5063E+12,3.688E-07
1216.5,3.5054E+12,3.68815E-07
1217.5,3.5045E+12,3.6883E-07
1218.5,3.5036E+12,3.68845E-07
1219.5,3.5027E+12,3.6886E-07
1220.5,3.5017E+12,3.68875E-07
1221.5,3.5008E+12,3.6889E-07
1222.5,3.4999E+12,3.68905E-07
1223.5,3.499E+12,3.68925E-07
1224.5,3.4981E+12,3.6894E-07
1225.5,3.4972E+12,3.68955E-07
1226.5,3.4963E+12,3.6897E-07
1227.5,3.4954E+12,3.68985E-07
1228.5,3.4945E+12,0.000000369
1229.5,3.4936E+12,3.69015E-07
1230.5,3.4927E+12,3.6903E-07
1231.5,3.4918E+12,3.69045E-07
1232.5,3.4909E+12,3.6906E-07
1233.5,3.49E+12,3.69075E-07
1234.5,3.4891E+12,3.6909E-07
1235.5,3.4882E+12,3.69105E-07
1236.5,3.4874E+12,3.6912E-07
1237.5,3.4865E+12,3.69135E-07
1238.5,3.4856E+12,3.6915E-07
1239.5,3.4847E+12,3.69165E-07
1240.5,3.4838E+12,3.6918E-07
1241.5,3.4829E+12,3.69195E-07
1242.5,3.482E+12,3.6921E-07
1243.5,3.4811E+12,3.69225E-07
1244.5,3.4803E+12,3.6924E-07
1245.5,3.4794E+12,3.69255E-07
1246.5,3.4785E+12,3.6927E-07
1247.5,3.4776E+12,3.69285E-07
1248.5,3.4767E+12,3.693E-07
1249.5,3.4758E+12,3.69315E-07
1250.5,3.475E+12,3.6933E-07
1251.5,3.4741E+12,3.69345E-07
1252.5,3.4732E+12,3.6936E-07
1253.5,3.4723E+12,3.69375E-07
1254.5,3.4715E+12,3.6939E-07
1255.5,3.4706E+12,3.69405E-07
1256.5,3.4697E+12,3.6942E-07
1257.5,3.4689E+12,3.69435E-07
1258.5,3.468E+12,3.6945E-07
1259.5,3.4671E+12,3.69465E-07
1260.5,3.4663E+12,3.6948E-07
1261.5,3.4654E+12,3.69495E-07
1262.5,3.4645E+12,3.6951E-07
1263.5,3.4637E+12,3.69525E-07
1264.5,3.4628E+12,3.6954E-07
1265.5,3.4619E+12,3.69555E-07
1266.5,3.4611E+12,3.6957E-07
1267.5,3.4602E+12,3.69585E-07
1268.5,3.4593E+12,3.696E-07
1269.5,3.4585E+12,3.69615E-07
1270.5,3.4576E+12,3.6963E-07
1271.5,3.4568E+12,3.69645E-07
1272.5,3.4559E+12,3.6966E-07
1273.5,3.4551E+12,3.69675E-07
1274.5,3.4542E+12,3.6969E-07
1275.5,3.4534E+12,3.69705E-07
1276.5,3.4525E+12,3.6972E-07
1277.5,3.4517E+12,3.6973E-07
1278.5,3.4508E+12,3.69745E-07
1279.5,3.45E+12,3.6976E-07
1280.5,3.4491E+12,3.69775E-07
1281.5,3.4483E+12,3.6979E-07
1282.5,3.4474E+12,3.69805E-07
1283.5,3.4466E+12,3.6982E-07
1284.5,3.4457E+12,3.69835E-07
1285.5,3.4449E+12,3.6985E-07
1286.5,3.444E+12,3.69865E-07
1287.5,3.4432E+12,3.6988E-07
1288.5,3.4424E+12,3.69895E-07
1289.5,3.4415E+12,3.69905E-07
1290.5,3.4407E+12,3.6992E-07
1291.5,3.4398E+12,3.69935E-07
1292.5,3.439E+12,3.6995E-07
1293.5,3.4382E+12,3.69965E-07
1294.5,3.4373E+12,3.6998E-07
1295.5,3.4365E+12,3.69995E-07
1296.5,3.4357E+12,3.7001E-07
1297.5,3.4348E+12,3.7002E-07
1298.5,3.434E+12,3.70035E-07
1299.5,3.4332E+12,3.7005E-07
1300.5,3.4323E+12,3.70065E-07
1301.5,3.4315E+12,3.7008E-07
1302.5,3.4307E+12,3.70095E-07
1303.5,3.4299E+12,3.7011E-07
1304.5,3.429E+12,3.70125E-07
1305.5,3.4282E+12,3.70135E-07
1306.5,3.4274E+12,3.7015E-07
1307.5,3.4266E+12,3.70165E-07
1308.5,3.4257E+12,3.7018E-07
1309.5,3.4249E+12,3.70195E-07
1310.5,3.4241E+12,3.7021E-07
1311.5,3.4233E+12,3.70225E-07
1312.5,3.4225E+12,3.70235E-07
1313.5,3.4216E+12,3.7025E-07
1314.5,3.4208E+12,3.70265E-07
1315.5,3.42E+12,3.7028E-07
1316.5,3.4192E+12,3.70295E-07
1317.5,3.4184E+12,3.7031E-07
1318.5,3.4176E+12,3.7032E-07
1319.5,3.4167E+12,3.70335E-07
1320.5,3.4159E+12,3.7035E-07
1321.5,3.4151E+12,3.70365E-07
1322.5,3.4143E+12,3.7038E-07
1323.5,3.4135E+12,3.7039E-07
1324.5,3.4127E+12,3.70405E-07
1325.5,3.4119E+12,3.7042E-07
1326.5,3.4111E+12,3.70435E-07
1327.5,3.4103E+12,3.7045E-07
1328.5,3.4095E+12,3.70465E-07
1329.5,3.4087E+12,3.70475E-07
1330.5,3.4079E+12,3.7049E-07
1331.5,3.4071E+12,3.70505E-07
1332.5,3.4063E+12,3.7052E-07
1333.5,3.4055E+12,3.70535E-07
1334.5,3.4047E+12,3.70545E-07
1335.5,3.4039E+12,3.7056E-07
1336.5,3.4031E+12,3.70575E-07
1337.5,3.4023E+12,3.7059E-07
1338.5,3.4015E+12,3.706E-07
1339.5,3.4007E+12,3.70615E-07
1340.5,3.3999E+12,3.7063E-07
1341.5,3.3991E+12,3.70645E-07
1342.5,3.3983E+12,3.7066E-07
1343.5,3.3975E+12,3.7067E-07
1344.5,3.3967E+12,3.70685E-07
1345.5,3.3959E+12,3.707E-07
1346.5,3.3951E+12,3.70715E-07
1347.5,3.3943E+12,3.70725E-07
1348.5,3.3936E+12,3.7074E-07
1349.5,3.3928E+12,3.70755E-07
1350.5,3.392E+12,3.7077E-07
1351.5,3.3912E+12,3.7078E-07
1352.5,3.3904E+12,3.70795E-07
1353.5,3.3896E+12,3.7081E-07
1354.5,3.3889E+12,3.70825E-07
1355.5,3.3881E+12,3.70835E-07
1356.5,3.3873E+12,3.7085E-07
1357.5,3.3865E+12,3.70865E-07
1358.5,3.3857E+12,3.7088E-07
1359.5,3.385E+12,3.7089E-07
1360.5,3.3842E+12,3.70905E-07
1361.5,3.3834E+12,3.7092E-07
1362.5,3.3826E+12,3.7093E-07
1363.5,3.3818E+12,3.70945E-07
1364.5,3.3811E+12,3.7096E-07
1365.5,3.3803E+12,3.70975E-07
1366.5,3.3795E+12,3.70985E-07
1367.5,3.3788E+12,0.000000371
1368.5,3.378E+12,3.71015E-07
1369.5,3.3772E+12,3.7103E-07
1370.5,3.3764E+12,3.7104E-07
1371.5,3.3757E+12,3.71055E-07
1372.5,3.3749E+12,3.7107E-07
1373.5,3.3741E+12,3.7108E-07
1374.5,3.3734E+12,3.71095E-07
1375.5,3.3726E+12,3.7111E-07
1376.5,3.3718E+12,3.7112E-07
1377.5,3.3711E+12,3.71135E-07
1378.5,3.3703E+12,3.7115E-07
1379.5,3.3696E+12,3.7116E-07
1380.5,3.3688E+12,3.71175E-07
1381.5,3.368E+12,3.7119E-07
1382.5,3.3673E+12,3.71205E-07
1383.5,3.3665E+12,3.71215E-07
1384.5,3.3658E+12,3.7123E-07
1385.5,3.365E+12,3.71245E-07
1386.5,3.3642E+12,3.71255E-07
1387.5,3.3635E+12,3.7127E-07
1388.5,3.3627E+12,3.71285E-07
1389.5,3.362E+12,3.71295E-07
1390.5,3.3612E+12,3.7131E-07
1391.5,3.3605E+12,3.71325E-07
1392.5,3.3597E+12,3.71335E-07
1393.5,3.359E+12,3.7135E-07
1394.5,3.3582E+12,3.71365E-07
1395.5,3.3575E+12,3.71375E-07
1396.5,3.3567E+12,3.7139E-07
1397.5,3.356E+12,3.71405E-07
1398.5,3.3552E+12,3.71415E-07
1399.5,3.3545E+12,3.7143E-07
1400.5,3.3537E+12,3.7144E-07
1401.5,3.353E+12,3.71455E-07
1402.5,3.3522E+12,3.7147E-07
1403.5,3.3515E+12,3.7148E-07
1404.5,3.3507E+12,3.71495E-07
1405.5,3.35E+12,3.7151E-07
1406.5,3.3493E+12,3.7152E-07
1407.5,3.3485E+12,3.71535E-07
1408.5,3.3478E+12,3.7155E-07
1409.5,3.347E+12,3.7156E-07
1410.5,3.3463E+12,3.71575E-07
1411.5,3.3456E+12,3.71585E-07
1412.5,3.3448E+12,3.716E-07
1413.5,3.3441E+12,3.71615E-07
1414.5,3.3434E+12,3.71625E-07
1415.5,3.3426E+12,3.7164E-07
1416.5,3.3419E+12,3.71655E-07
1417.5,3.3412E+12,3.71665E-07
1418.5,3.3404E+12,3.7168E-07
1419.5,3.3397E+12,3.7169E-07
1420.5,3.339E+12,3.71705E-07
1421.5,3.3382E+12,3.7172E-07
1422.5,3.3375E+12,3.7173E-07
1423.5,3.3368E+12,3.71745E-07
1424.5,3.336E+12,3.71755E-07
1425.5,3.3353E+12,3.7177E-07
1426.5,3.3346E+12,3.71785E-07
1427.5,3.3339E+12,3.71795E-07
1428.5,3.3331E+12,3.7181E-07
1429.5,3.3324E+12,3.7182E-07
1430.5,3.3317E+12,3.71835E-07
1431.5,3.331E+12,3.71845E-07
1432.5,3.3302E+12,3.7186E-07
1433.5,3.3295E+12,3.71875E-07
1434.5,3.3288E+12,3.71885E-07
1435.5,3.3281E+12,3.719E-07
1436.5,3.3274E+12,3.7191E-07
1437.5,3.3266E+12,3.71925E-07
1438.5,3.3259E+12,3.71935E-07
1439.5,3.3252E+12,3.7195E-07
1440.5,3.3245E+12,3.71965E-07
1441.5,3.3238E+12,3.71975E-07
1442.5,3.3231E+12,3.7199E-07
1443.5,3.3223E+12,0.000000372
1444.5,3.3216E+12,3.72015E-07
1445.5,3.3209E+12,3.72025E-07
1446.5,3.3202E+12,3.7204E-07
1447.5,3.3195E+12,3.72055E-07
1448.5,3.3188E+12,3.72065E-07
1449.5,3.3181E+12,3.7208E-07
1450.5,3.3174E+12,3.7209E-07
1451.5,3.3167E+12,3.72105E-07
1452.5,3.3159E+12,3.72115E-07
1453.5,3.3152E+12,3.7213E-07
1454.5,3.3145E+12,3.7214E-07
1455.5,3.3138E+12,3.72155E-07
1456.5,3.3131E+12,3.72165E-07
1457.5,3.3124E+12,3.7218E-07
1458.5,3.3117E+12,3.7219E-07
1459.5,3.311E+12,3.72205E-07
1460.5,3.3103E+12,3.72215E-07
1461.5,3.3096E+12,3.7223E-07
1462.5,3.3089E+12,3.72245E-07
1463.5,3.3082E+12,3.72255E-07
1464.5,3.3075E+12,3.7227E-07
1465.5,3.3068E+12,3.7228E-07
1466.5,3.3061E+12,3.72295E-07
1467.5,3.3054E+12,3.72305E-07
1468.5,3.3047E+12,3.7232E-07
1469.5,3.304E+12,3.7233E-07
1470.5,3.3033E+12,3.72345E-07
1471.5,3.3026E+12,3.72355E-07
1472.5,3.3019E+12,3.7237E-07
1473.5,3.3012E+12,3.7238E-07
1474.5,3.3005E+12,3.72395E-07
1475.5,3.2998E+12,3.72405E-07
1476.5,3.2991E+12,3.7242E-07
1477.5,3.2985E+12,3.7243E-07
1478.5,3.2978E+12,3.72445E-07
1479.5,3.2971E+12,3.72455E-07
1480.5,3.2964E+12,3.7247E-07
1481.5,3.2957E+12,3.7248E-07
1482.5,3.295E+12,3.72495E-07
1483.5,3.2943E+12,3.72505E-07
1484.5,3.2936E+12,3.7252E-07
1485.5,3.293E+12,3.7253E-07
1486.5,3.2923E+12,3.7254E-07
1487.5,3.2916E+12,3.72555E-07
1488.5,3.2909E+12,3.72565E-07
1489.5,3.2902E+12,3.7258E-07
1490.5,3.2895E+12,3.7259E-07
1491.5,3.2888E+12,3.72605E-07
1492.5,3.2882E+12,3.72615E-07
1493.5,3.2875E+12,3.7263E-07
1494.5,3.2868E+12,3.7264E-07
1495.5,3.2861E+12,3.72655E-07
1496.5,3.2854E+12,3.72665E-07
1497.5,3.2848E+12,3.7268E-07
1498.5,3.2841E+12,3.7269E-07
1499.5,3.2834E+12,3.72705E-07
1500.5,3.2827E+12,3.72715E-07
1501.5,3.2821E+12,3.72725E-07
1502.5,3.2814E+12,3.7274E-07
1503.5,3.2807E+12,3.7275E-07
1504.5,3.28E+12,3.72765E-07
1505.5,3.2794E+12,3.72775E-07
1506.5,3.2787E+12,3.7279E-07
1507.5,3.278E+12,3.728E-07
1508.5,3.2774E+12,3.72815E-07
1509.5,3.2767E+12,3.72825E-07
1510.5,3.276E+12,3.72835E-07
1511.5,3.2753E+12,3.7285E-07
1512.5,3.2747E+12,3.7286E-07
1513.5,3.274E+12,3.72875E-07
1514.5,3.2733E+12,3.72885E-07
1515.5,3.2727E+12,3.729E-07
1516.5,3.272E+12,3.7291E-07
1517.5,3.2713E+12,3.7292E-07
1518.5,3.2707E+12,3.72935E-07
1519.5,3.27E+12,3.72945E-07
1520.5,3.2693E+12,3.7296E-07
1521.5,3.2687E+12,3.7297E-07
1522.5,3.268E+12,3.7298E-07
1523.5,3.2674E+12,3.72995E-07
1524.5,3.2667E+12,3.73005E-07
1525.5,3.266E+12,3.7302E-07
1526.5,3.2654E+12,3.7303E-07
1527.5,3.2647E+12,3.73045E-07
1528.5,3.2641E+12,3.73055E-07
1529.5,3.2634E+12,3.73065E-07
1530.5,3.2627E+12,3.7308E-07
1531.5,3.2621E+12,3.7309E-07
1532.5,3.2614E+12,3.73105E-07
1533.5,3.2608E+12,3.73115E-07
1534.5,3.2601E+12,3.73125E-07
1535.5,3.2595E+12,3.7314E-07
1536.5,3.2588E+12,3.7315E-07
1537.5,3.2582E+12,3.7316E-07
1538.5,3.2575E+12,3.73175E-07
1539.5,3.2569E+12,3.73185E-07
1540.5,3.2562E+12,3.732E-07
1541.5,3.2556E+12,3.7321E-07
1542.5,3.2549E+12,3.7322E-07
1543.5,3.2543E+12,3.73235E-07
1544.5,3.2536E+12,3.73245E-07
1545.5,3.253E+12,3.7326E-07
1546.5,3.2523E+12,3.7327E-07
1547.5,3.2517E+12,3.7328E-07
1548.5,3.251E+12,3.73295E-07
1549.5,3.2504E+12,3.73305E-07
1550.5,3.2497E+12,3.73315E-07
1551.5,3.2491E+12,3.7333E-07
1552.5,3.2484E+12,3.7334E-07
1553.5,3.2478E+12,3.7335E-07
1554.5,3.2471E+12,3.73365E-07
1555.5,3.2465E+12,3.73375E-07
1556.5,3.2459E+12,3.7339E-07
1557.5,3.2452E+12,3.734E-07
1558.5,3.2446E+12,3.7341E-07
1559.5,3.2439E+12,3.73425E-07
1560.5,3.2433E+12,3.73435E-07
1561.5,3.2427E+12,3.73445E-07
1562.5,3.242E+12,3.7346E-07
1563.5,3.2414E+12,3.7347E-07
1564.5,3.2407E+12,3.7348E-07
1565.5,3.2401E+12,3.73495E-07
1566.5,3.2395E+12,3.73505E-07
1567.5,3.2388E+12,3.73515E-07
1568.5,3.2382E+12,3.7353E-07
1569.5,3.2376E+12,3.7354E-07
1570.5,3.2369E+12,3.7355E-07
1571.5,3.2363E+12,3.73565E-07
1572.5,3.2357E+12,3.73575E-07
1573.5,3.235E+12,3.73585E-07
1574.5,3.2344E+12,3.736E-07
1575.5,3.2338E+12,3.7361E-07
1576.5,3.2331E+12,3.7362E-07
1577.5,3.2325E+12,3.73635E-07
1578.5,3.2319E+12,3.73645E-07
1579.5,3.2313E+12,3.73655E-07
1580.5,3.2306E+12,3.7367E-07
1581.5,3.23E+12,3.7368E-07
1582.5,3.2294E+12,3.7369E-07
1583.5,3.2287E+12,3.737E-07
1584.5,3.2281E+12,3.73715E-07
1585.5,3.2275E+12,3.73725E-07
1586.5,3.2269E+12,3.73735E-07
1587.5,3.2262E+12,3.7375E-07
1588.5,3.2256E+12,3.7376E-07
1589.5,3.225E+12,3.7377E-07
1590.5,3.2244E+12,3.73785E-07
1591.5,3.2238E+12,3.73795E-07
1592.5,3.2231E+12,3.73805E-07
1593.5,3.2225E+12,3.7382E-07
1594.5,3.2219E+12,3.7383E-07
1595.5,3.2213E+12,3.7384E-07
1596.5,3.2207E+12,3.7385E-07
1597.5,3.22E+12,3.73865E-07
1598.5,3.2194E+12,3.73875E-07
1599.5,3.2188E+12,3.73885E-07
1600.5,3.2182E+12,3.739E-07
1601.5,3.2176E+12,3.7391E-07
1602.5,3.2169E+12,3.7392E-07
1603.5,3.2163E+12,3.7393E-07
1604.5,3.2157E+12,3.73945E-07
1605.5,3.2151E+12,3.73955E-07
1606.5,3.2145E+12,3.73965E-07
1607.5,3.2139E+12,3.7398E-07
1608.5,3.2133E+12,3.7399E-07
1609.5,3.2126E+12,0.000000374
1610.5,3.212E+12,3.7401E-07
1611.5,3.2114E+12,3.74025E-07
1612.5,3.2108E+12,3.74035E-07
1613.5,3.2102E+12,3.74045E-07
1614.5,3.2096E+12,3.74055E-07
1615.5,3.209E+12,3.7407E-07
1616.5,3.2084E+12,3.7408E-07
1617.5,3.2078E+12,3.7409E-07
1618.5,3.2072E+12,3.741E-07
1619.5,3.2066E+12,3.74115E-07
1620.5,3.206E+12,3.74125E-07
1621.5,3.2053E+12,3.74135E-07
1622.5,3.2047E+12,3.74145E-07
1623.5,3.2041E+12,3.7416E-07
1624.5,3.2035E+12,3.7417E-07
1625.5,3.2029E+12,3.7418E-07
1626.5,3.2023E+12,3.7419E-07
1627.5,3.2017E+12,3.74205E-07
1628.5,3.2011E+12,3.74215E-07
1629.5,3.2005E+12,3.74225E-07
1630.5,3.1999E+12,3.74235E-07
1631.5,3.1993E+12,3.7425E-07
1632.5,3.1987E+12,3.7426E-07
1633.5,3.1981E+12,3.7427E-07
1634.5,3.1975E+12,3.7428E-07
1635.5,3.1969E+12,3.74295E-07
1636.5,3.1963E+12,3.74305E-07
1637.5,3.1957E+12,3.74315E-07
1638.5,3.1951E+12,3.74325E-07
1639.5,3.1945E+12,3.74335E-07
1640.5,3.1939E+12,3.7435E-07
1641.5,3.1933E+12,3.7436E-07
1642.5,3.1927E+12,3.7437E-07
1643.5,3.1921E+12,3.7438E-07
1644.5,3.1916E+12,3.74395E-07
1645.5,3.191E+12,3.74405E-07
1646.5,3.1904E+12,3.74415E-07
1647.5,3.1898E+12,3.74425E-07
1648.5,3.1892E+12,3.74435E-07
1649.5,3.1886E+12,3.7445E-07
1650.5,3.188E+12,3.7446E-07
1651.5,3.1874E+12,3.7447E-07
1652.5,3.1868E+12,3.7448E-07
1653.5,3.1862E+12,3.7449E-07
1654.5,3.1856E+12,3.74505E-07
1655.5,3.1851E+12,3.74515E-07
1656.5,3.1845E+12,3.74525E-07
1657.5,3.1839E+12,3.74535E-07
1658.5,3.1833E+12,3.74545E-07
1659.5,3.1827E+12,3.7456E-07
1660.5,3.1821E+12,3.7457E-07
1661.5,3.1815E+12,3.7458E-07
1662.5,3.181E+12,3.7459E-07
1663.5,3.1804E+12,3.746E-07
1664.5,3.1798E+12,3.74615E-07
1665.5,3.1792E+12,3.74625E-07
1666.5,3.1786E+12,3.74635E-07
1667.5,3.178E+12,3.74645E-07
1668.5,3.1775E+12,3.74655E-07
1669.5,3.1769E+12,3.7467E-07
1670.5,3.1763E+12,3.7468E-07
1671.5,3.1757E+12,3.7469E-07
1672.5,3.1751E+12,3.747E-07
1673.5,3.1746E+12,3.7471E-07
1674.5,3.174E+12,3.7472E-07
1675.5,3.1734E+12,3.74735E-07
1676.5,3.1728E+12,3.74745E-07
1677.5,3.1722E+12,3.74755E-07
1678.5,3.1717E+12,3.74765E-07
1679.5,3.1711E+12,3.74775E-07
1680.5,3.1705E+12,3.74785E-07
1681.5,3.1699E+12,3.748E-07
1682.5,3.1694E+12,3.7481E-07
1683.5,3.1688E+12,3.7482E-07
1684.5,3.1682E+12,3.7483E-07
1685.5,3.1676E+12,3.7484E-07
1686.5,3.1671E+12,3.7485E-07
1687.5,3.1665E+12,3.74865E-07
1688.5,3.1659E+12,3.74875E-07
1689.5,3.1653E+12,3.74885E-07
1690.5,3.1648E+12,3.74895E-07
1691.5,3.1642E+12,3.74905E-07
1692.5,3.1636E+12,3.74915E-07
1693.5,3.1631E+12,3.7493E-07
1694.5,3.1625E+12,3.7494E-07
1695.5,3.1619E+12,3.7495E-07
1696.5,3.1614E+12,3.7496E-07
1697.5,3.1608E+12,3.7497E-07
1698.5,3.1602E+12,3.7498E-07
1699.5,3.1597E+12,3.7499E-07
1700.5,3.1591E+12,3.75005E-07
1701.5,3.1585E+12,3.75015E-07
1702.5,3.158E+12,3.75025E-07
1703.5,3.1574E+12,3.75035E-07
1704.5,3.1568E+12,3.75045E-07
1705.5,3.1563E+12,3.75055E-07
1706.5,3.1557E+12,3.75065E-07
1707.5,3.1551E+12,3.75075E-07
1708.5,3.1546E+12,3.7509E-07
1709.5,3.154E+12,3.751E-07
1710.5,3.1535E+12,3.7511E-07
1711.5,3.1529E+12,3.7512E-07
1712.5,3.1523E+12,3.7513E-07
1713.5,3.1518E+12,3.7514E-07
1714.5,3.1512E+12,3.7515E-07
1715.5,3.1507E+12,3.7516E-07
1716.5,3.1501E+12,3.75175E-07
1717.5,3.1495E+12,3.75185E-07
1718.5,3.149E+12,3.75195E-07
1719.5,3.1484E+12,3.75205E-07
1720.5,3.1479E+12,3.75215E-07
1721.5,3.1473E+12,3.75225E-07
1722.5,3.1467E+12,3.75235E-07
1723.5,3.1462E+12,3.75245E-07
1724.5,3.1456E+12,3.75255E-07
1725.5,3.1451E+12,3.7527E-07
1726.5,3.1445E+12,3.7528E-07
1727.5,3.144E+12,3.7529E-07
1728.5,3.1434E+12,3.753E-07
1729.5,3.1429E+12,3.7531E-07
1730.5,3.1423E+12,3.7532E-07
1731.5,3.1418E+12,3.7533E-07
1732.5,3.1412E+12,3.7534E-07
1733.5,3.1407E+12,3.7535E-07
1734.5,3.1401E+12,3.7536E-07
1735.5,3.1396E+12,3.75375E-07
1736.5,3.139E+12,3.75385E-07
1737.5,3.1385E+12,3.75395E-07
1738.5,3.1379E+12,3.75405E-07
1739.5,3.1374E+12,3.75415E-07
1740.5,3.1368E+12,3.75425E-07
1741.5,3.1363E+12,3.75435E-07
1742.5,3.1357E+12,3.75445E-07
1743.5,3.1352E+12,3.75455E-07
1744.5,3.1346E+12,3.75465E-07
1745.5,3.1341E+12,3.75475E-07
1746.5,3.1335E+12,3.75485E-07
1747.5,3.133E+12,3.755E-07
1748.5,3.1324E+12,3.7551E-07
1749.5,3.1319E+12,3.7552E-07
1750.5,3.1314E+12,3.7553E-07
1751.5,3.1308E+12,3.7554E-07
1752.5,3.1303E+12,3.7555E-07
1753.5,3.1297E+12,3.7556E-07
1754.5,3.1292E+12,3.7557E-07
1755.5,3.1286E+12,3.7558E-07
1756.5,3.1281E+12,3.7559E-07
1757.5,3.1276E+12,3.756E-07
1758.5,3.127E+12,3.7561E-07
1759.5,3.1265E+12,3.7562E-07
1760.5,3.1259E+12,3.7563E-07
1761.5,3.1254E+12,3.75645E-07
1762.5,3.1249E+12,3.75655E-07
1763.5,3.1243E+12,3.75665E-07
1764.5,3.1238E+12,3.75675E-07
1765.5,3.1233E+12,3.75685E-07
1766.5,3.1227E+12,3.75695E-07
1767.5,3.1222E+12,3.75705E-07
1768.5,3.1216E+12,3.75715E-07
1769.5,3.1211E+12,3.75725E-07
1770.5,3.1206E+12,3.75735E-07
1771.5,3.12E+12,3.75745E-07
1772.5,3.1195E+12,3.75755E-07
1773.5,3.119E+12,3.75765E-07
1774.5,3.1184E+12,3.75775E-07
1775.5,3.1179E+12,3.75785E-07
1776.5,3.1174E+12,3.75795E-07
1777.5,3.1168E+12,3.75805E-07
1778.5,3.1163E+12,3.75815E-07
1779.5,3.1158E+12,3.75825E-07
1780.5,3.1152E+12,3.75835E-07
1781.5,3.1147E+12,3.75845E-07
1782.5,3.1142E+12,3.75855E-07
1783.5,3.1137E+12,3.75865E-07
1784.5,3.1131E+12,3.7588E-07
1785.5,3.1126E+12,3.7589E-07
1786.5,3.1121E+12,3.759E-07
1787.5,3.1115E+12,3.7591E-07
1788.5,3.111E+12,3.7592E-07
1789.5,3.1105E+12,3.7593E-07
1790.5,3.11E+12,3.7594E-07
1791.5,3.1094E+12,3.7595E-07
1792.5,3.1089E+12,3.7596E-07
1793.5,3.1084E+12,3.7597E-07
1794.5,3.1079E+12,3.7598E-07
1795.5,3.1073E+12,3.7599E-07
1796.5,3.1068E+12,0.000000376
1797.5,3.1063E+12,3.7601E-07
1798.5,3.1058E+12,3.7602E-07
1799.5,3.1052E+12,3.7603E-07
1800.5,3.1047E+12,3.7604E-07
1801.5,3.1042E+12,3.7605E-07
1802.5,3.1037E+12,3.7606E-07
1803.5,3.1031E+12,3.7607E-07
1804.5,3.1026E+12,3.7608E-07
1805.5,3.1021E+12,3.7609E-07
1806.5,3.1016E+12,3.761E-07
1807.5,3.1011E+12,3.7611E-07
1808.5,3.1005E+12,3.7612E-07
1809.5,3.1E+12,3.7613E-07
1810.5,3.0995E+12,3.7614E-07
1811.5,3.099E+12,3.7615E-07
1812.5,3.0985E+12,3.7616E-07
1813.5,3.098E+12,3.7617E-07
1814.5,3.0974E+12,3.7618E-07
1815.5,3.0969E+12,3.7619E-07
1816.5,3.0964E+12,3.762E-07
1817.5,3.0959E+12,3.7621E-07
1818.5,3.0954E+12,3.7622E-07
1819.5,3.0949E+12,3.7623E-07
1820.5,3.0943E+12,3.7624E-07
1821.5,3.0938E+12,3.7625E-07
1822.5,3.0933E+12,3.7626E-07
1823.5,3.0928E+12,3.7627E-07
1824.5,3.0923E+12,3.7628E-07
1825.5,3.0918E+12,3.7629E-07
1826.5,3.0913E+12,3.763E-07
1827.5,3.0908E+12,3.7631E-07
1828.5,3.0902E+12,3.7632E-07
1829.5,3.0897E+12,3.7633E-07
1830.5,3.0892E+12,3.7634E-07
1831.5,3.0887E+12,3.7635E-07
1832.5,3.0882E+12,3.7636E-07
1833.5,3.0877E+12,3.7637E-07
1834.5,3.0872E+12,3.76375E-07
1835.5,3.0867E+12,3.76385E-07
1836.5,3.0862E+12,3.76395E-07
1837.5,3.0857E+12,3.76405E-07
1838.5,3.0852E+12,3.76415E-07
1839.5,3.0846E+12,3.76425E-07
1840.5,3.0841E+12,3.76435E-07
1841.5,3.0836E+12,3.76445E-07
1842.5,3.0831E+12,3.76455E-07
1843.5,3.0826E+12,3.76465E-07
1844.5,3.0821E+12,3.76475E-07
1845.5,3.0816E+12,3.76485E-07
1846.5,3.0811E+12,3.76495E-07
1847.5,3.0806E+12,3.76505E-07
1848.5,3.0801E+12,3.76515E-07
1849.5,3.0796E+12,3.76525E-07
1850.5,3.0791E+12,3.76535E-07
1851.5,3.0786E+12,3.76545E-07
1852.5,3.0781E+12,3.76555E-07
1853.5,3.0776E+12,3.76565E-07
1854.5,3.0771E+12,3.76575E-07
1855.5,3.0766E+12,3.76585E-07
1856.5,3.0761E+12,3.76595E-07
1857.5,3.0756E+12,3.766E-07
1858.5,3.0751E+12,3.7661E-07
1859.5,3.0746E+12,3.7662E-07
1860.5,3.0741E+12,3.7663E-07
1861.5,3.0736E+12,3.7664E-07
1862.5,3.0731E+12,3.7665E-07
1863.5,3.0726E+12,3.7666E-07
1864.5,3.0721E+12,3.7667E-07
1865.5,3.0716E+12,3.7668E-07
1866.5,3.0711E+12,3.7669E-07
1867.5,3.0706E+12,3.767E-07
1868.5,3.0701E+12,3.7671E-07
1869.5,3.0696E+12,3.7672E-07
1870.5,3.0691E+12,3.7673E-07
1871.5,3.0686E+12,3.7674E-07
1872.5,3.0681E+12,3.7675E-07
1873.5,3.0676E+12,3.76755E-07
1874.5,3.0671E+12,3.76765E-07
1875.5,3.0666E+12,3.76775E-07
1876.5,3.0661E+12,3.76785E-07
1877.5,3.0657E+12,3.76795E-07
1878.5,3.0652E+12,3.76805E-07
1879.5,3.0647E+12,3.76815E-07
1880.5,3.0642E+12,3.76825E-07
1881.5,3.0637E+12,3.76835E-07
1882.5,3.0632E+12,3.76845E-07
1883.5,3.0627E+12,3.76855E-07
1884.5,3.0622E+12,3.76865E-07
1885.5,3.0617E+12,3.7687E-07
1886.5,3.0612E+12,3.7688E-07
1887.5,3.0607E+12,3.7689E-07
1888.5,3.0603E+12,3.769E-07
1889.5,3.0598E+12,3.7691E-07
1890.5,3.0593E+12,3.7692E-07
1891.5,3.0588E+12,3.7693E-07
1892.5,3.0583E+12,3.7694E-07
1893.5,3.0578E+12,3.7695E-07
1894.5,3.0573E+12,3.7696E-07
1895.5,3.0568E+12,3.7697E-07
1896.5,3.0564E+12,3.76975E-07
1897.5,3.0559E+12,3.76985E-07
1898.5,3.0554E+12,3.76995E-07
1899.5,3.0549E+12,3.77005E-07
1900.5,3.0544E+12,3.77015E-07
1901.5,3.0539E+12,3.77025E-07
1902.5,3.0535E+12,3.77035E-07
1903.5,3.053E+12,3.77045E-07
1904.5,3.0525E+12,3.77055E-07
1905.5,3.052E+12,3.77065E-07
1906.5,3.0515E+12,3.7707E-07
1907.5,3.051E+12,3.7708E-07
1908.5,3.0506E+12,3.7709E-07
1909.5,3.0501E+12,3.771E-07
1910.5,3.0496E+12,3.7711E-07
1911.5,3.0491E+12,3.7712E-07
1912.5,3.0486E+12,3.7713E-07
1913.5,3.0482E+12,3.7714E-07
1914.5,3.0477E+12,3.77145E-07
1915.5,3.0472E+12,3.77155E-07
1916.5,3.0467E+12,3.77165E-07
1917.5,3.0462E+12,3.77175E-07
1918.5,3.0458E+12,3.77185E-07
1919.5,3.0453E+12,3.77195E-07
1920.5,3.0448E+12,3.77205E-07
1921.5,3.0443E+12,3.77215E-07
1922.5,3.0439E+12,3.77225E-07
1923.5,3.0434E+12,3.7723E-07
1924.5,3.0429E+12,3.7724E-07
1925.5,3.0424E+12,3.7725E-07
1926.5,3.042E+12,3.7726E-07
1927.5,3.0415E+12,3.7727E-07
1928.5,3.041E+12,3.7728E-07
1929.5,3.0405E+12,3.7729E-07
1930.5,3.0401E+12,3.77295E-07
1931.5,3.0396E+12,3.77305E-07
1932.5,3.0391E+12,3.77315E-07
1933.5,3.0386E+12,3.77325E-07
1934.5,3.0382E+12,3.77335E-07
1935.5,3.0377E+12,3.77345E-07
1936.5,3.0372E+12,3.77355E-07
1937.5,3.0367E+12,3.7736E-07
1938.5,3.0363E+12,3.7737E-07
1939.5,3.0358E+12,3.7738E-07
1940.5,3.0353E+12,3.7739E-07
1941.5,3.0349E+12,3.774E-07
1942.5,3.0344E+12,3.7741E-07
1943.5,3.0339E+12,3.7742E-07
1944.5,3.0335E+12,3.77425E-07
1945.5,3.033E+12,3.77435E-07
1946.5,3.0325E+12,3.77445E-07
1947.5,3.0321E+12,3.77455E-07
1948.5,3.0316E+12,3.77465E-07
1949.5,3.0311E+12,3.77475E-07
1950.5,3.0306E+12,3.77485E-07
1951.5,3.0302E+12,3.7749E-07
1952.5,3.0297E+12,3.775E-07
1953.5,3.0293E+12,3.7751E-07
1954.5,3.0288E+12,3.7752E-07
1955.5,3.0283E+12,3.7753E-07
1956.5,3.0279E+12,3.7754E-07
1957.5,3.0274E+12,3.77545E-07
1958.5,3.0269E+12,3.77555E-07
1959.5,3.0265E+12,3.77565E-07
1960.5,3.026E+12,3.77575E-07
1961.5,3.0255E+12,3.77585E-07
1962.5,3.0251E+12,3.77595E-07
1963.5,3.0246E+12,3.776E-07
1964.5,3.0241E+12,3.7761E-07
1965.5,3.0237E+12,3.7762E-07
1966.5,3.0232E+12,3.7763E-07
1967.5,3.0228E+12,3.7764E-07
1968.5,3.0223E+12,3.7765E-07
1969.5,3.0218E+12,3.77655E-07
1970.5,3.0214E+12,3.77665E-07
1971.5,3.0209E+12,3.77675E-07
1972.5,3.0205E+12,3.77685E-07
1973.5,3.02E+12,3.77695E-07
1974.5,3.0195E+12,3.77705E-07
1975.5,3.0191E+12,3.7771E-07
1976.5,3.0186E+12,3.7772E-07
1977.5,3.0182E+12,3.7773E-07
1978.5,3.0177E+12,3.7774E-07
1979.5,3.0172E+12,3.7775E-07
1980.5,3.0168E+12,3.77755E-07
1981.5,3.0163E+12,3.77765E-07
1982.5,3.0159E+12,3.77775E-07
1983.5,3.0154E+12,3.77785E-07
1984.5,3.015E+12,3.77795E-07
1985.5,3.0145E+12,3.778E-07
1986.5,3.0141E+12,3.7781E-07
1987.5,3.0136E+12,3.7782E-07
1988.5,3.0131E+12,3.7783E-07
1989.5,3.0127E+12,3.7784E-07
1990.5,3.0122E+12,3.77845E-07
1991.5,3.0118E+12,3.77855E-07
1992.5,3.0113E+12,3.77865E-07
1993.5,3.0109E+12,3.77875E-07
1994.5,3.0104E+12,3.77885E-07
1995.5,3.01E+12,3.77895E-07
1996.5,3.0095E+12,3.779E-07
1997.5,3.0091E+12,3.7791E-07
1998.5,3.0086E+12,3.7792E-07
1999.5,3.0082E+12,3.7793E-07
2000.5,3.0077E+12,3.77935E-07
2001.5,3.0073E+12,3.77945E-07
2002.5,3.0068E+12,3.77955E-07
2003.5,3.0064E+12,3.77965E-07
2004.5,3.0059E+12,3.77975E-07
2005.5,3.0055E+12,3.7798E-07
2006.5,3.005E+12,3.7799E-07
2007.5,3.0046E+12,0.000000378
2008.5,3.0041E+12,3.7801E-07
2009.5,3.0037E+12,3.7802E-07
2010.5,3.0032E+12,3.78025E-07
2011.5,3.0028E+12,3.78035E-07
2012.5,3.0023E+12,3.78045E-07
2013.5,3.0019E+12,3.78055E-07
2014.5,3.0014E+12,3.78065E-07
2015.5,3.001E+12,3.7807E-07
2016.5,3.0005E+12,3.7808E-07
2017.5,3.0001E+12,3.7809E-07
2018.5,2.9997E+12,3.781E-07
2019.5,2.9992E+12,3.78105E-07
2020.5,2.9988E+12,3.78115E-07
2021.5,2.9983E+12,3.78125E-07
2022.5,2.9979E+12,3.78135E-07
2023.5,2.9974E+12,3.78145E-07
2024.5,2.997E+12,3.7815E-07
2025.5,2.9965E+12,3.7816E-07
2026.5,2.9961E+12,3.7817E-07
2027.5,2.9957E+12,3.7818E-07
2028.5,2.9952E+12,3.78185E-07
2029.5,2.9948E+12,3.78195E-07
2030.5,2.9943E+12,3.78205E-07
2031.5,2.9939E+12,3.78215E-07
2032.5,2.9935E+12,3.7822E-07
2033.5,2.993E+12,3.7823E-07
2034.5,2.9926E+12,3.7824E-07
2035.5,2.9921E+12,3.7825E-07
2036.5,2.9917E+12,3.78255E-07
2037.5,2.9913E+12,3.78265E-07
2038.5,2.9908E+12,3.78275E-07
2039.5,2.9904E+12,3.78285E-07
2040.5,2.9899E+12,3.78295E-07
2041.5,2.9895E+12,3.783E-07
2042.5,2.9891E+12,3.7831E-07
2043.5,2.9886E+12,3.7832E-07
2044.5,2.9882E+12,3.7833E-07
2045.5,2.9877E+12,3.78335E-07
2046.5,2.9873E+12,3.78345E-07
2047.5,2.9869E+12,3.78355E-07
2048.5,2.9864E+12,3.78365E-07
2049.5,2.986E+12,3.7837E-07
2050.5,2.9856E+12,3.7838E-07
2051.5,2.9851E+12,3.7839E-07
2052.5,2.9847E+12,3.784E-07
2053.5,2.9843E+12,3.78405E-07
2054.5,2.9838E+12,3.78415E-07
2055.5,2.9834E+12,3.78425E-07
2056.5,2.983E+12,3.78435E-07
2057.5,2.9825E+12,3.7844E-07
2058.5,2.9821E+12,3.7845E-07
2059.5,2.9817E+12,3.7846E-07
2060.5,2.9812E+12,3.78465E-07
2061.5,2.9808E+12,3.78475E-07
2062.5,2.9804E+12,3.78485E-07
2063.5,2.9799E+12,3.78495E-07
2064.5,2.9795E+12,3.785E-07
2065.5,2.9791E+12,3.7851E-07
2066.5,2.9786E+12,3.7852E-07
2067.5,2.9782E+12,3.7853E-07
2068.5,2.9778E+12,3.78535E-07
2069.5,2.9773E+12,3.78545E-07
2070.5,2.9769E+12,3.78555E-07
2071.5,2.9765E+12,3.78565E-07
2072.5,2.9761E+12,3.7857E-07
2073.5,2.9756E+12,3.7858E-07
2074.5,2.9752E+12,3.7859E-07
2075.5,2.9748E+12,3.78595E-07
2076.5,2.9743E+12,3.78605E-07
2077.5,2.9739E+12,3.78615E-07
2078.5,2.9735E+12,3.78625E-07
2079.5,2.9731E+12,3.7863E-07
2080.5,2.9726E+12,3.7864E-07
2081.5,2.9722E+12,3.7865E-07
2082.5,2.9718E+12,3.78655E-07
2083.5,2.9714E+12,3.78665E-07
2084.5,2.9709E+12,3.78675E-07
2085.5,2.9705E+12,3.78685E-07
2086.5,2.9701E+12,3.7869E-07
2087.5,2.9697E+12,3.787E-07
2088.5,2.9692E+12,3.7871E-07
2089.5,2.9688E+12,3.7872E-07
2090.5,2.9684E+12,3.78725E-07
2091.5,2.968E+12,3.78735E-07
2092.5,2.9675E+12,3.78745E-07
2093.5,2.9671E+12,3.7875E-07
2094.5,2.9667E+12,3.7876E-07
2095.5,2.9663E+12,3.7877E-07
2096.5,2.9658E+12,3.78775E-07
2097.5,2.9654E+12,3.78785E-07
2098.5,2.965E+12,3.78795E-07
2099.5,2.9646E+12,3.78805E-07
2100.5,2.9642E+12,3.7881E-07
2101.5,2.9637E+12,3.7882E-07
2102.5,2.9633E+12,3.7883E-07
2103.5,2.9629E+12,3.78835E-07
2104.5,2.9625E+12,3.78845E-07
2105.5,2.9621E+12,3.78855E-07
2106.5,2.9616E+12,3.7886E-07
2107.5,2.9612E+12,3.7887E-07
2108.5,2.9608E+12,3.7888E-07
2109.5,2.9604E+12,3.7889E-07
2110.5,2.96E+12,3.78895E-07
2111.5,2.9595E+12,3.78905E-07
2112.5,2.9591E+12,3.78915E-07
2113.5,2.9587E+12,3.7892E-07
2114.5,2.9583E+12,3.7893E-07
2115.5,2.9579E+12,3.7894E-07
2116.5,2.9575E+12,3.78945E-07
2117.5,2.957E+12,3.78955E-07
2118.5,2.9566E+12,3.78965E-07
2119.5,2.9562E+12,3.7897E-07
2120.5,2.9558E+12,3.7898E-07
2121.5,2.9554E+12,3.7899E-07
2122.5,2.955E+12,0.000000379
2123.5,2.9546E+12,3.79005E-07
2124.5,2.9541E+12,3.79015E-07
2125.5,2.9537E+12,3.79025E-07
2126.5,2.9533E+12,3.7903E-07
2127.5,2.9529E+12,3.7904E-07
2128.5,2.9525E+12,3.7905E-07
2129.5,2.9521E+12,3.79055E-07
2130.5,2.9517E+12,3.79065E-07
2131.5,2.9512E+12,3.79075E-07
2132.5,2.9508E+12,3.7908E-07
2133.5,2.9504E+12,3.7909E-07
2134.5,2.95E+12,3.791E-07
2135.5,2.9496E+12,3.79105E-07
2136.5,2.9492E+12,3.79115E-07
2137.5,2.9488E+12,3.79125E-07
2138.5,2.9484E+12,3.7913E-07
2139.5,2.948E+12,3.7914E-07
2140.5,2.9475E+12,3.7915E-07
2141.5,2.9471E+12,3.79155E-07
2142.5,2.9467E+12,3.79165E-07
2143.5,2.9463E+12,3.79175E-07
2144.5,2.9459E+12,3.7918E-07
2145.5,2.9455E+12,3.7919E-07
2146.5,2.9451E+12,3.792E-07
2147.5,2.9447E+12,3.79205E-07
2148.5,2.9443E+12,3.79215E-07
2149.5,2.9439E+12,3.79225E-07
2150.5,2.9435E+12,3.7923E-07
2151.5,2.943E+12,3.7924E-07
2152.5,2.9426E+12,3.7925E-07
2153.5,2.9422E+12,3.79255E-07
2154.5,2.9418E+12,3.79265E-07
2155.5,2.9414E+12,3.79275E-07
2156.5,2.941E+12,3.7928E-07
2157.5,2.9406E+12,3.7929E-07
2158.5,2.9402E+12,3.793E-07
2159.5,2.9398E+12,3.79305E-07
2160.5,2.9394E+12,3.79315E-07
2161.5,2.939E+12,3.79325E-07
2162.5,2.9386E+12,3.7933E-07
2163.5,2.9382E+12,3.7934E-07
2164.5,2.9378E+12,3.7935E-07
2165.5,2.9374E+12,3.79355E-07
2166.5,2.937E+12,3.79365E-07
2167.5,2.9366E+12,3.7937E-07
2168.5,2.9362E+12,3.7938E-07
2169.5,2.9358E+12,3.7939E-07
2170.5,2.9354E+12,3.79395E-07
2171.5,2.935E+12,3.79405E-07
2172.5,2.9346E+12,3.79415E-07
2173.5,2.9342E+12,3.7942E-07
2174.5,2.9338E+12,3.7943E-07
2175.5,2.9334E+12,3.7944E-07
2176.5,2.933E+12,3.79445E-07
2177.5,2.9326E+12,3.79455E-07
2178.5,2.9322E+12,3.79465E-07
2179.5,2.9318E+12,3.7947E-07
2180.5,2.9314E+12,3.7948E-07
2181.5,2.931E+12,3.79485E-07
2182.5,2.9306E+12,3.79495E-07
2183.5,2.9302E+12,3.79505E-07
2184.5,2.9298E+12,3.7951E-07
2185.5,2.9294E+12,3.7952E-07
2186.5,2.929E+12,3.7953E-07
2187.5,2.9286E+12,3.79535E-07
2188.5,2.9282E+12,3.79545E-07
2189.5,2.9278E+12,3.79555E-07
2190.5,2.9274E+12,3.7956E-07
2191.5,2.927E+12,3.7957E-07
2192.5,2.9266E+12,3.79575E-07
2193.5,2.9262E+12,3.79585E-07
2194.5,2.9258E+12,3.79595E-07
2195.5,2.9254E+12,3.796E-07
2196.5,2.925E+12,3.7961E-07
2197.5,2.9246E+12,3.7962E-07
2198.5,2.9242E+12,3.79625E-07
2199.5,2.9238E+12,3.79635E-07
2200.5,2.9234E+12,3.7964E-07
2201.5,2.923E+12,3.7965E-07
2202.5,2.9226E+12,3.7966E-07
2203.5,2.9222E+12,3.79665E-07
2204.5,2.9218E+12,3.79675E-07
2205.5,2.9214E+12,3.7968E-07
2206.5,2.921E+12,3.7969E-07
2207.5,2.9207E+12,3.797E-07
2208.5,2.9203E+12,3.79705E-07
2209.5,2.9199E+12,3.79715E-07
2210.5,2.9195E+12,3.79725E-07
2211.5,2.9191E+12,3.7973E-07
2212.5,2.9187E+12,3.7974E-07
2213.5,2.9183E+12,3.79745E-07
2214.5,2.9179E+12,3.79755E-07
2215.5,2.9175E+12,3.79765E-07
2216.5,2.9171E+12,3.7977E-07
2217.5,2.9167E+12,3.7978E-07
2218.5,2.9163E+12,3.79785E-07
2219.5,2.916E+12,3.79795E-07
2220.5,2.9156E+12,3.79805E-07
2221.5,2.9152E+12,3.7981E-07
2222.5,2.9148E+12,3.7982E-07
2223.5,2.9144E+12,3.79825E-07
2224.5,2.914E+12,3.79835E-07
2225.5,2.9136E+12,3.79845E-07
2226.5,2.9132E+12,3.7985E-07
2227.5,2.9128E+12,3.7986E-07
2228.5,2.9125E+12,3.79865E-07
2229.5,2.9121E+12,3.79875E-07
2230.5,2.9117E+12,3.79885E-07
2231.5,2.9113E+12,3.7989E-07
2232.5,2.9109E+12,3.799E-07
2233.5,2.9105E+12,3.79905E-07
2234.5,2.9101E+12,3.79915E-07
2235.5,2.9098E+12,3.79925E-07
2236.5,2.9094E+12,3.7993E-07
2237.5,2.909E+12,3.7994E-07
2238.5,2.9086E+12,3.79945E-07
2239.5,2.9082E+12,3.79955E-07
2240.5,2.9078E+12,3.79965E-07
2241.5,2.9074E+12,3.7997E-07
2242.5,2.9071E+12,3.7998E-07
2243.5,2.9067E+12,3.79985E-07
2244.5,2.9063E+12,3.79995E-07
2245.5,2.9059E+12,3.80005E-07
2246.5,2.9055E+12,3.8001E-07
2247.5,2.9051E+12,3.8002E-07
2248.5,2.9048E+12,3.80025E-07
2249.5,2.9044E+12,3.80035E-07
2250.5,2.904E+12,3.8004E-07
2251.5,2.9036E+12,3.8005E-07
2252.5,2.9032E+12,3.8006E-07
2253.5,2.9028E+12,3.80065E-07
2254.5,2.9025E+12,3.80075E-07
2255.5,2.9021E+12,3.8008E-07
2256.5,2.9017E+12,3.8009E-07
2257.5,2.9013E+12,3.80095E-07
2258.5,2.9009E+12,3.80105E-07
2259.5,2.9006E+12,3.80115E-07
2260.5,2.9002E+12,3.8012E-07
2261.5,2.8998E+12,3.8013E-07
2262.5,2.8994E+12,3.80135E-07
2263.5,2.899E+12,3.80145E-07
2264.5,2.8987E+12,3.80155E-07
2265.5,2.8983E+12,3.8016E-07
2266.5,2.8979E+12,3.8017E-07
2267.5,2.8975E+12,3.80175E-07
2268.5,2.8971E+12,3.80185E-07
2269.5,2.8968E+12,3.8019E-07
2270.5,2.8964E+12,3.802E-07
2271.5,2.896E+12,3.80205E-07
2272.5,2.8956E+12,3.80215E-07
2273.5,2.8953E+12,3.80225E-07
2274.5,2.8949E+12,3.8023E-07
2275.5,2.8945E+12,3.8024E-07
2276.5,2.8941E+12,3.80245E-07
2277.5,2.8938E+12,3.80255E-07
2278.5,2.8934E+12,3.8026E-07
2279.5,2.893E+12,3.8027E-07
2280.5,2.8926E+12,3.8028E-07
2281.5,2.8922E+12,3.80285E-07
2282.5,2.8919E+12,3.80295E-07
2283.5,2.8915E+12,3.803E-07
2284.5,2.8911E+12,3.8031E-07
2285.5,2.8907E+12,3.80315E-07
2286.5,2.8904E+12,3.80325E-07
2287.5,2.89E+12,3.8033E-07
2288.5,2.8896E+12,3.8034E-07
2289.5,2.8893E+12,3.8035E-07
2290.5,2.8889E+12,3.80355E-07
2291.5,2.8885E+12,3.80365E-07
2292.5,2.8881E+12,3.8037E-07
2293.5,2.8878E+12,3.8038E-07
2294.5,2.8874E+12,3.80385E-07
2295.5,2.887E+12,3.80395E-07
2296.5,2.8866E+12,3.804E-07
2297.5,2.8863E+12,3.8041E-07
2298.5,2.8859E+12,3.8042E-07
2299.5,2.8855E+12,3.80425E-07
2300.5,2.8852E+12,3.80435E-07
2301.5,2.8848E+12,3.8044E-07
2302.5,2.8844E+12,3.8045E-07
2303.5,2.884E+12,3.80455E-07
2304.5,2.8837E+12,3.80465E-07
2305.5,2.8833E+12,3.8047E-07
2306.5,2.8829E+12,3.8048E-07
2307.5,2.8826E+12,3.80485E-07
2308.5,2.8822E+12,3.80495E-07
2309.5,2.8818E+12,3.805E-07
2310.5,2.8815E+12,3.8051E-07
2311.5,2.8811E+12,3.8052E-07
2312.5,2.8807E+12,3.80525E-07
2313.5,2.8804E+12,3.80535E-07
2314.5,2.88E+12,3.8054E-07
2315.5,2.8796E+12,3.8055E-07
2316.5,2.8793E+12,3.80555E-07
2317.5,2.8789E+12,3.80565E-07
2318.5,2.8785E+12,3.8057E-07
2319.5,2.8782E+12,3.8058E-07
2320.5,2.8778E+12,3.80585E-07
2321.5,2.8774E+12,3.80595E-07
2322.5,2.8771E+12,3.806E-07
2323.5,2.8767E+12,3.8061E-07
2324.5,2.8763E+12,3.80615E-07
2325.5,2.876E+12,3.80625E-07
2326.5,2.8756E+12,3.80635E-07
2327.5,2.8752E+12,3.8064E-07
2328.5,2.8749E+12,3.8065E-07
2329.5,2.8745E+12,3.80655E-07
2330.5,2.8741E+12,3.80665E-07
2331.5,2.8738E+12,3.8067E-07
2332.5,2.8734E+12,3.8068E-07
2333.5,2.873E+12,3.80685E-07
2334.5,2.8727E+12,3.80695E-07
2335.5,2.8723E+12,3.807E-07
2336.5,2.872E+12,3.8071E-07
2337.5,2.8716E+12,3.80715E-07
2338.5,2.8712E+12,3.80725E-07
2339.5,2.8709E+12,3.8073E-07
2340.5,2.8705E+12,3.8074E-07
2341.5,2.8701E+12,3.80745E-07
2342.5,2.8698E+12,3.80755E-07
2343.5,2.8694E+12,3.8076E-07
2344.5,2.8691E+12,3.8077E-07
2345.5,2.8687E+12,3.80775E-07
2346.5,2.8683E+12,3.80785E-07
2347.5,2.868E+12,3.8079E-07
2348.5,2.8676E+12,3.808E-07
2349.5,2.8673E+12,3.80805E-07
2350.5,2.8669E+12,3.80815E-07
2351.5,2.8665E+12,3.8082E-07
2352.5,2.8662E+12,3.8083E-07
2353.5,2.8658E+12,3.8084E-07
2354.5,2.8655E+12,3.80845E-07
2355.5,2.8651E+12,3.80855E-07
2356.5,2.8647E+12,3.8086E-07
2357.5,2.8644E+12,3.8087E-07
2358.5,2.864E+12,3.80875E-07
2359.5,2.8637E+12,3.80885E-07
2360.5,2.8633E+12,3.8089E-07
2361.5,2.8629E+12,3.809E-07
2362.5,2.8626E+12,3.80905E-07
2363.5,2.8622E+12,3.80915E-07
2364.5,2.8619E+12,3.8092E-07
2365.5,2.8615E+12,3.8093E-07
2366.5,2.8612E+12,3.80935E-07
2367.5,2.8608E+12,3.80945E-07
2368.5,2.8604E+12,3.8095E-07
2369.5,2.8601E+12,3.8096E-07
2370.5,2.8597E+12,3.80965E-07
2371.5,2.8594E+12,3.80975E-07
2372.5,2.859E+12,3.8098E-07
2373.5,2.8587E+12,3.8099E-07
2374.5,2.8583E+12,3.80995E-07
2375.5,2.858E+12,3.81005E-07
2376.5,2.8576E+12,3.8101E-07
2377.5,2.8572E+12,3.8102E-07
2378.5,2.8569E+12,3.81025E-07
2379.5,2.8565E+12,3.8103E-07
2380.5,2.8562E+12,3.8104E-07
2381.5,2.8558E+12,3.81045E-07
2382.5,2.8555E+12,3.81055E-07
2383.5,2.8551E+12,3.8106E-07
2384.5,2.8548E+12,3.8107E-07
2385.5,2.8544E+12,3.81075E-07
2386.5,2.8541E+12,3.81085E-07
2387.5,2.8537E+12,3.8109E-07
2388.5,2.8534E+12,3.811E-07
2389.5,2.853E+12,3.81105E-07
2390.5,2.8527E+12,3.81115E-07
2391.5,2.8523E+12,3.8112E-07
2392.5,2.852E+12,3.8113E-07
2393.5,2.8516E+12,3.81135E-07
2394.5,2.8513E+12,3.81145E-07
2395.5,2.8509E+12,3.8115E-07
2396.5,2.8506E+12,3.8116E-07
2397.5,2.8502E+12,3.81165E-07
2398.5,2.8499E+12,3.81175E-07
2399.5,2.8495E+12,3.8118E-07
2400.5,2.8492E+12,3.8119E-07
2401.5,2.8488E+12,3.81195E-07
2402.5,2.8485E+12,3.81205E-07
2403.5,2.8481E+12,3.8121E-07
2404.5,2.8478E+12,3.8122E-07
2405.5,2.8474E+12,3.81225E-07
2406.5,2.8471E+12,3.8123E-07
2407.5,2.8467E+12,3.8124E-07
2408.5,2.8464E+12,3.81245E-07
2409.5,2.846E+12,3.81255E-07
2410.5,2.8457E+12,3.8126E-07
2411.5,2.8453E+12,3.8127E-07
2412.5,2.845E+12,3.81275E-07
2413.5,2.8446E+12,3.81285E-07
2414.5,2.8443E+12,3.8129E-07
2415.5,2.8439E+12,3.813E-07
2416.5,2.8436E+12,3.81305E-07
2417.5,2.8432E+12,3.81315E-07
2418.5,2.8429E+12,3.8132E-07
2419.5,2.8425E+12,3.8133E-07
2420.5,2.8422E+12,3.81335E-07
2421.5,2.8419E+12,3.81345E-07
2422.5,2.8415E+12,3.8135E-07
2423.5,2.8412E+12,3.81355E-07
2424.5,2.8408E+12,3.81365E-07
2425.5,2.8405E+12,3.8137E-07
2426.5,2.8401E+12,3.8138E-07
2427.5,2.8398E+12,3.81385E-07
2428.5,2.8394E+12,3.81395E-07
2429.5,2.8391E+12,3.814E-07
2430.5,2.8388E+12,3.8141E-07
2431.5,2.8384E+12,3.81415E-07
2432.5,2.8381E+12,3.81425E-07
2433.5,2.8377E+12,3.8143E-07
2434.5,2.8374E+12,3.81435E-07
2435.5,2.837E+12,3.81445E-07
2436.5,2.8367E+12,3.8145E-07
2437.5,2.8364E+12,3.8146E-07
2438.5,2.836E+12,3.81465E-07
2439.5,2.8357E+12,3.81475E-07
2440.5,2.8353E+12,3.8148E-07
2441.5,2.835E+12,3.8149E-07
2442.5,2.8346E+12,3.81495E-07
2443.5,2.8343E+12,3.81505E-07
2444.5,2.834E+12,3.8151E-07
2445.5,2.8336E+12,3.81515E-07
2446.5,2.8333E+12,3.81525E-07
2447.5,2.8329E+12,3.8153E-07
2448.5,2.8326E+12,3.8154E-07
2449.5,2.8323E+12,3.81545E-07
2450.5,2.8319E+12,3.81555E-07
2451.5,2.8316E+12,3.8156E-07
2452.5,2.8312E+12,3.8157E-07
2453.5,2.8309E+12,3.81575E-07
2454.5,2.8306E+12,3.8158E-07
2455.5,2.8302E+12,3.8159E-07
2456.5,2.8299E+12,3.81595E-07
2457.5,2.8295E+12,3.81605E-07
2458.5,2.8292E+12,3.8161E-07
2459.5,2.8289E+12,3.8162E-07
2460.5,2.8285E+12,3.81625E-07
2461.5,2.8282E+12,3.81635E-07
2462.5,2.8279E+12,3.8164E-07
2463.5,2.8275E+12,3.81645E-07
2464.5,2.8272E+12,3.81655E-07
2465.5,2.8268E+12,3.8166E-07
2466.5,2.8265E+12,3.8167E-07
2467.5,2.8262E+12,3.81675E-07
2468.5,2.8258E+12,3.81685E-07
2469.5,2.8255E+12,3.8169E-07
2470.5,2.8252E+12,3.81695E-07
2471.5,2.8248E+12,3.81705E-07
2472.5,2.8245E+12,3.8171E-07
2473.5,2.8242E+12,3.8172E-07
2474.5,2.8238E+12,3.81725E-07
2475.5,2.8235E+12,3.81735E-07
2476.5,2.8231E+12,3.8174E-07
2477.5,2.8228E+12,3.81745E-07
2478.5,2.8225E+12,3.81755E-07
2479.5,2.8221E+12,3.8176E-07
2480.5,2.8218E+12,3.8177E-07
2481.5,2.8215E+12,3.81775E-07
2482.5,2.8211E+12,3.81785E-07
2483.5,2.8208E+12,3.8179E-07
2484.5,2.8205E+12,3.81795E-07
2485.5,2.8201E+12,3.81805E-07
2486.5,2.8198E+12,3.8181E-07
2487.5,2.8195E+12,3.8182E-07
2488.5,2.8191E+12,3.81825E-07
2489.5,2.8188E+12,3.81835E-07
2490.5,2.8185E+12,3.8184E-07
2491.5,2.8181E+12,3.81845E-07
2492.5,2.8178E+12,3.81855E-07
2493.5,2.8175E+12,3.8186E-07
2494.5,2.8172E+12,3.8187E-07
2495.5,2.8168E+12,3.81875E-07
2496.5,2.8165E+12,3.8188E-07
2497.5,2.8162E+12,3.8189E-07
2498.5,2.8158E+12,3.81895E-07
2499.5,2.8155E+12,3.81905E-07
2500.5,2.8152E+12,3.8191E-07
2501.5,2.8148E+12,3.8192E-07
2502.5,2.8145E+12,3.81925E-07
2503.5,2.8142E+12,3.8193E-07
2504.5,2.8138E+12,3.8194E-07
2505.5,2.8135E+12,3.81945E-07
2506.5,2.8132E+12,3.81955E-07
2507.5,2.8129E+12,3.8196E-07
2508.5,2.8125E+12,3.81965E-07
2509.5,2.8122E+12,3.81975E-07
2510.5,2.8119E+12,3.8198E-07
2511.5,2.8115E+12,3.8199E-07
2512.5,2.8112E+12,3.81995E-07
2513.5,2.8109E+12,0.000000382
2514.5,2.8106E+12,3.8201E-07
2515.5,2.8102E+12,3.82015E-07
2516.5,2.8099E+12,3.82025E-07
2517.5,2.8096E+12,3.8203E-07
2518.5,2.8092E+12,3.82035E-07
2519.5,2.8089E+12,3.82045E-07
2520.5,2.8086E+12,3.8205E-07
2521.5,2.8083E+12,3.8206E-07
2522.5,2.8079E+12,3.82065E-07
2523.5,2.8076E+12,3.8207E-07
2524.5,2.8073E+12,3.8208E-07
2525.5,2.807E+12,3.82085E-07
2526.5,2.8066E+12,3.82095E-07
2527.5,2.8063E+12,3.821E-07
2528.5,2.806E+12,3.82105E-07
2529.5,2.8057E+12,3.82115E-07
2530.5,2.8053E+12,3.8212E-07
2531.5,2.805E+12,3.8213E-07
2532.5,2.8047E+12,3.82135E-07
2533.5,2.8044E+12,3.8214E-07
2534.5,2.804E+12,3.8215E-07
2535.5,2.8037E+12,3.82155E-07
2536.5,2.8034E+12,3.82165E-07
2537.5,2.8031E+12,3.8217E-07
2538.5,2.8027E+12,3.82175E-07
2539.5,2.8024E+12,3.82185E-07
2540.5,2.8021E+12,3.8219E-07
2541.5,2.8018E+12,3.822E-07
2542.5,2.8014E+12,3.82205E-07
2543.5,2.8011E+12,3.8221E-07
2544.5,2.8008E+12,3.8222E-07
2545.5,2.8005E+12,3.82225E-07
2546.5,2.8002E+12,3.82235E-07
2547.5,2.7998E+12,3.8224E-07
2548.5,2.7995E+12,3.82245E-07
2549.5,2.7992E+12,3.82255E-07
2550.5,2.7989E+12,3.8226E-07
2551.5,2.7985E+12,3.82265E-07
2552.5,2.7982E+12,3.82275E-07
2553.5,2.7979E+12,3.8228E-07
2554.5,2.7976E+12,3.8229E-07
2555.5,2.7973E+12,3.82295E-07
2556.5,2.7969E+12,3.823E-07
2557.5,2.7966E+12,3.8231E-07
2558.5,2.7963E+12,3.82315E-07
2559.5,2.796E+12,3.82325E-07
2560.5,2.7957E+12,3.8233E-07
2561.5,2.7953E+12,3.82335E-07
2562.5,2.795E+12,3.82345E-07
2563.5,2.7947E+12,3.8235E-07
2564.5,2.7944E+12,3.82355E-07
2565.5,2.7941E+12,3.82365E-07
2566.5,2.7937E+12,3.8237E-07
2567.5,2.7934E+12,3.8238E-07
2568.5,2.7931E+12,3.82385E-07
2569.5,2.7928E+12,3.8239E-07
2570.5,2.7925E+12,3.824E-07
2571.5,2.7922E+12,3.82405E-07
2572.5,2.7918E+12,3.8241E-07
2573.5,2.7915E+12,3.8242E-07
2574.5,2.7912E+12,3.82425E-07
2575.5,2.7909E+12,3.82435E-07
2576.5,2.7906E+12,3.8244E-07
2577.5,2.7903E+12,3.82445E-07
2578.5,2.7899E+12,3.82455E-07
2579.5,2.7896E+12,3.8246E-07
2580.5,2.7893E+12,3.82465E-07
2581.5,2.789E+12,3.82475E-07
2582.5,2.7887E+12,3.8248E-07
2583.5,2.7884E+12,3.82485E-07
2584.5,2.788E+12,3.82495E-07
2585.5,2.7877E+12,3.825E-07
2586.5,2.7874E+12,3.8251E-07
2587.5,2.7871E+12,3.82515E-07
2588.5,2.7868E+12,3.8252E-07
2589.5,2.7865E+12,3.8253E-07
2590.5,2.7861E+12,3.82535E-07
2591.5,2.7858E+12,3.8254E-07
2592.5,2.7855E+12,3.8255E-07
2593.5,2.7852E+12,3.82555E-07
2594.5,2.7849E+12,3.8256E-07
2595.5,2.7846E+12,3.8257E-07
2596.5,2.7843E+12,3.82575E-07
2597.5,2.784E+12,3.82585E-07
2598.5,2.7836E+12,3.8259E-07
2599.5,2.7833E+12,3.82595E-07
2600.5,2.783E+12,3.82605E-07
2601.5,2.7827E+12,3.8261E-07
2602.5,2.7824E+12,3.82615E-07
2603.5,2.7821E+12,3.82625E-07
2604.5,2.7818E+12,3.8263E-07
2605.5,2.7814E+12,3.82635E-07
2606.5,2.7811E+12,3.82645E-07
2607.5,2.7808E+12,3.8265E-07
2608.5,2.7805E+12,3.82655E-07
2609.5,2.7802E+12,3.82665E-07
2610.5,2.7799E+12,3.8267E-07
2611.5,2.7796E+12,3.82675E-07
2612.5,2.7793E+12,3.82685E-07
2613.5,2.779E+12,3.8269E-07
2614.5,2.7786E+12,3.827E-07
2615.5,2.7783E+12,3.82705E-07
2616.5,2.778E+12,3.8271E-07
2617.5,2.7777E+12,3.8272E-07
2618.5,2.7774E+12,3.82725E-07
2619.5,2.7771E+12,3.8273E-07
2620.5,2.7768E+12,3.8274E-07
2621.5,2.7765E+12,3.82745E-07
2622.5,2.7762E+12,3.8275E-07
2623.5,2.7759E+12,3.8276E-07
2624.5,2.7755E+12,3.82765E-07
2625.5,2.7752E+12,3.8277E-07
2626.5,2.7749E+12,3.8278E-07
2627.5,2.7746E+12,3.82785E-07
2628.5,2.7743E+12,3.8279E-07
2629.5,2.774E+12,3.828E-07
2630.5,2.7737E+12,3.82805E-07
2631.5,2.7734E+12,3.8281E-07
2632.5,2.7731E+12,3.8282E-07
2633.5,2.7728E+12,3.82825E-07
2634.5,2.7725E+12,3.8283E-07
2635.5,2.7722E+12,3.8284E-07
2636.5,2.7719E+12,3.82845E-07
2637.5,2.7715E+12,3.8285E-07
2638.5,2.7712E+12,3.8286E-07
2639.5,2.7709E+12,3.82865E-07
2640.5,2.7706E+12,3.8287E-07
2641.5,2.7703E+12,3.8288E-07
2642.5,2.77E+12,3.82885E-07
2643.5,2.7697E+12,3.8289E-07
2644.5,2.7694E+12,3.829E-07
2645.5,2.7691E+12,3.82905E-07
2646.5,2.7688E+12,3.8291E-07
2647.5,2.7685E+12,3.8292E-07
2648.5,2.7682E+12,3.82925E-07
2649.5,2.7679E+12,3.8293E-07
2650.5,2.7676E+12,3.8294E-07
2651.5,2.7673E+12,3.82945E-07
2652.5,2.767E+12,3.8295E-07
2653.5,2.7667E+12,3.8296E-07
2654.5,2.7663E+12,3.82965E-07
2655.5,2.766E+12,3.8297E-07
2656.5,2.7657E+12,3.8298E-07
2657.5,2.7654E+12,3.82985E-07
2658.5,2.7651E+12,3.8299E-07
2659.5,2.7648E+12,0.000000383
2660.5,2.7645E+12,3.83005E-07
2661.5,2.7642E+12,3.8301E-07
2662.5,2.7639E+12,3.8302E-07
2663.5,2.7636E+12,3.83025E-07
2664.5,2.7633E+12,3.8303E-07
2665.5,2.763E+12,3.8304E-07
2666.5,2.7627E+12,3.83045E-07
2667.5,2.7624E+12,3.8305E-07
2668.5,2.7621E+12,3.8306E-07
2669.5,2.7618E+12,3.83065E-07
2670.5,2.7615E+12,3.8307E-07
2671.5,2.7612E+12,3.8308E-07
2672.5,2.7609E+12,3.83085E-07
2673.5,2.7606E+12,3.8309E-07
2674.5,2.7603E+12,3.83095E-07
2675.5,2.76E+12,3.83105E-07
2676.5,2.7597E+12,3.8311E-07
2677.5,2.7594E+12,3.83115E-07
2678.5,2.7591E+12,3.83125E-07
2679.5,2.7588E+12,3.8313E-07
2680.5,2.7585E+12,3.83135E-07
2681.5,2.7582E+12,3.83145E-07
2682.5,2.7579E+12,3.8315E-07
2683.5,2.7576E+12,3.83155E-07
2684.5,2.7573E+12,3.83165E-07
2685.5,2.757E+12,3.8317E-07
2686.5,2.7567E+12,3.83175E-07
2687.5,2.7564E+12,3.83185E-07
2688.5,2.7561E+12,3.8319E-07
2689.5,2.7558E+12,3.83195E-07
2690.5,2.7555E+12,3.832E-07
2691.5,2.7552E+12,3.8321E-07
2692.5,2.7549E+12,3.83215E-07
2693.5,2.7546E+12,3.8322E-07
2694.5,2.7543E+12,3.8323E-07
2695.5,2.754E+12,3.83235E-07
2696.5,2.7537E+12,3.8324E-07
2697.5,2.7534E+12,3.8325E-07
2698.5,2.7531E+12,3.83255E-07
2699.5,2.7528E+12,3.8326E-07
2700.5,2.7525E+12,3.8327E-07
2701.5,2.7522E+12,3.83275E-07
2702.5,2.7519E+12,3.8328E-07
2703.5,2.7516E+12,3.83285E-07
2704.5,2.7513E+12,3.83295E-07
2705.5,2.751E+12,3.833E-07
2706.5,2.7507E+12,3.83305E-07
2707.5,2.7504E+12,3.83315E-07
2708.5,2.7501E+12,3.8332E-07
2709.5,2.7499E+12,3.83325E-07
2710.5,2.7496E+12,3.83335E-07
2711.5,2.7493E+12,3.8334E-07
2712.5,2.749E+12,3.83345E-07
2713.5,2.7487E+12,3.8335E-07
2714.5,2.7484E+12,3.8336E-07
2715.5,2.7481E+12,3.83365E-07
2716.5,2.7478E+12,3.8337E-07
2717.5,2.7475E+12,3.8338E-07
2718.5,2.7472E+12,3.83385E-07
2719.5,2.7469E+12,3.8339E-07
2720.5,2.7466E+12,3.83395E-07
2721.5,2.7463E+12,3.83405E-07
2722.5,2.746E+12,3.8341E-07
2723.5,2.7457E+12,3.83415E-07
2724.5,2.7454E+12,3.83425E-07
2725.5,2.7451E+12,3.8343E-07
2726.5,2.7448E+12,3.83435E-07
2727.5,2.7446E+12,3.83445E-07
2728.5,2.7443E+12,3.8345E-07
2729.5,2.744E+12,3.83455E-07
2730.5,2.7437E+12,3.8346E-07
2731.5,2.7434E+12,3.8347E-07
2732.5,2.7431E+12,3.83475E-07
2733.5,2.7428E+12,3.8348E-07
2734.5,2.7425E+12,3.8349E-07
2735.5,2.7422E+12,3.83495E-07
2736.5,2.7419E+12,3.835E-07
2737.5,2.7416E+12,3.83505E-07
2738.5,2.7413E+12,3.83515E-07
2739.5,2.741E+12,3.8352E-07
2740.5,2.7408E+12,3.83525E-07
2741.5,2.7405E+12,3.83535E-07
2742.5,2.7402E+12,3.8354E-07
2743.5,2.7399E+12,3.83545E-07
2744.5,2.7396E+12,3.8355E-07
2745.5,2.7393E+12,3.8356E-07
2746.5,2.739E+12,3.83565E-07
2747.5,2.7387E+12,3.8357E-07
2748.5,2.7384E+12,3.8358E-07
2749.5,2.7381E+12,3.83585E-07
2750.5,2.7379E+12,3.8359E-07
2751.5,2.7376E+12,3.83595E-07
2752.5,2.7373E+12,3.83605E-07
2753.5,2.737E+12,3.8361E-07
2754.5,2.7367E+12,3.83615E-07
2755.5,2.7364E+12,3.8362E-07
2756.5,2.7361E+12,3.8363E-07
2757.5,2.7358E+12,3.83635E-07
2758.5,2.7355E+12,3.8364E-07
2759.5,2.7353E+12,3.8365E-07
2760.5,2.735E+12,3.83655E-07
2761.5,2.7347E+12,3.8366E-07
2762.5,2.7344E+12,3.83665E-07
2763.5,2.7341E+12,3.83675E-07
2764.5,2.7338E+12,3.8368E-07
2765.5,2.7335E+12,3.83685E-07
2766.5,2.7332E+12,3.8369E-07
2767.5,2.7329E+12,3.837E-07
2768.5,2.7327E+12,3.83705E-07
2769.5,2.7324E+12,3.8371E-07
2770.5,2.7321E+12,3.8372E-07
2771.5,2.7318E+12,3.83725E-07
2772.5,2.7315E+12,3.8373E-07
2773.5,2.7312E+12,3.83735E-07
2774.5,2.7309E+12,3.83745E-07
2775.5,2.7307E+12,3.8375E-07
2776.5,2.7304E+12,3.83755E-07
2777.5,2.7301E+12,3.8376E-07
2778.5,2.7298E+12,3.8377E-07
2779.5,2.7295E+12,3.83775E-07
2780.5,2.7292E+12,3.8378E-07
2781.5,2.7289E+12,3.83785E-07
2782.5,2.7287E+12,3.83795E-07
2783.5,2.7284E+12,3.838E-07
2784.5,2.7281E+12,3.83805E-07
2785.5,2.7278E+12,3.8381E-07
2786.5,2.7275E+12,3.8382E-07
2787.5,2.7272E+12,3.83825E-07
2788.5,2.7269E+12,3.8383E-07
2789.5,2.7267E+12,3.8384E-07
2790.5,2.7264E+12,3.83845E-07
2791.5,2.7261E+12,3.8385E-07
2792.5,2.7258E+12,3.83855E-07
2793.5,2.7255E+12,3.83865E-07
2794.5,2.7252E+12,3.8387E-07
2795.5,2.725E+12,3.83875E-07
2796.5,2.7247E+12,3.8388E-07
2797.5,2.7244E+12,3.8389E-07
2798.5,2.7241E+12,3.83895E-07
2799.5,2.7238E+12,3.839E-07
2800.5,2.7235E+12,3.83905E-07
2801.5,2.7233E+12,3.83915E-07
2802.5,2.723E+12,3.8392E-07
2803.5,2.7227E+12,3.83925E-07
2804.5,2.7224E+12,3.8393E-07
2805.5,2.7221E+12,3.8394E-07
2806.5,2.7219E+12,3.83945E-07
2807.5,2.7216E+12,3.8395E-07
2808.5,2.7213E+12,3.83955E-07
2809.5,2.721E+12,3.83965E-07
2810.5,2.7207E+12,3.8397E-07
2811.5,2.7204E+12,3.83975E-07
2812.5,2.7202E+12,3.8398E-07
2813.5,2.7199E+12,3.8399E-07
2814.5,2.7196E+12,3.83995E-07
2815.5,2.7193E+12,0.000000384
2816.5,2.719E+12,3.84005E-07
2817.5,2.7188E+12,3.84015E-07
2818.5,2.7185E+12,3.8402E-07
2819.5,2.7182E+12,3.84025E-07
2820.5,2.7179E+12,3.8403E-07
2821.5,2.7176E+12,3.8404E-07
2822.5,2.7174E+12,3.84045E-07
2823.5,2.7171E+12,3.8405E-07
2824.5,2.7168E+12,3.84055E-07
2825.5,2.7165E+12,3.84065E-07
2826.5,2.7162E+12,3.8407E-07
2827.5,2.716E+12,3.84075E-07
2828.5,2.7157E+12,3.8408E-07
2829.5,2.7154E+12,3.8409E-07
2830.5,2.7151E+12,3.84095E-07
2831.5,2.7149E+12,3.841E-07
2832.5,2.7146E+12,3.84105E-07
2833.5,2.7143E+12,3.8411E-07
2834.5,2.714E+12,3.8412E-07
2835.5,2.7137E+12,3.84125E-07
2836.5,2.7135E+12,3.8413E-07
2837.5,2.7132E+12,3.84135E-07
2838.5,2.7129E+12,3.84145E-07
2839.5,2.7126E+12,3.8415E-07
2840.5,2.7124E+12,3.84155E-07
2841.5,2.7121E+12,3.8416E-07
2842.5,2.7118E+12,3.8417E-07
2843.5,2.7115E+12,3.84175E-07
2844.5,2.7112E+12,3.8418E-07
2845.5,2.711E+12,3.84185E-07
2846.5,2.7107E+12,3.84195E-07
2847.5,2.7104E+12,3.842E-07
2848.5,2.7101E+12,3.84205E-07
2849.5,2.7099E+12,3.8421E-07
2850.5,2.7096E+12,3.84215E-07
2851.5,2.7093E+12,3.84225E-07
2852.5,2.709E+12,3.8423E-07
2853.5,2.7088E+12,3.84235E-07
2854.5,2.7085E+12,3.8424E-07
2855.5,2.7082E+12,3.8425E-07
2856.5,2.7079E+12,3.84255E-07
2857.5,2.7077E+12,3.8426E-07
2858.5,2.7074E+12,3.84265E-07
2859.5,2.7071E+12,3.84275E-07
2860.5,2.7068E+12,3.8428E-07
2861.5,2.7066E+12,3.84285E-07
2862.5,2.7063E+12,3.8429E-07
2863.5,2.706E+12,3.84295E-07
2864.5,2.7057E+12,3.84305E-07
2865.5,2.7055E+12,3.8431E-07
2866.5,2.7052E+12,3.84315E-07
2867.5,2.7049E+12,3.8432E-07
2868.5,2.7046E+12,3.8433E-07
2869.5,2.7044E+12,3.84335E-07
2870.5,2.7041E+12,3.8434E-07
2871.5,2.7038E+12,3.84345E-07
2872.5,2.7036E+12,3.8435E-07
2873.5,2.7033E+12,3.8436E-07
2874.5,2.703E+12,3.84365E-07
2875.5,2.7027E+12,3.8437E-07
2876.5,2.7025E+12,3.84375E-07
2877.5,2.7022E+12,3.84385E-07
2878.5,2.7019E+12,3.8439E-07
2879.5,2.7016E+12,3.84395E-07
2880.5,2.7014E+12,3.844E-07
2881.5,2.7011E+12,3.84405E-07
2882.5,2.7008E+12,3.84415E-07
2883.5,2.7006E+12,3.8442E-07
2884.5,2.7003E+12,3.84425E-07
2885.5,2.7E+12,3.8443E-07
2886.5,2.6997E+12,3.84435E-07
2887.5,2.6995E+12,3.84445E-07
2888.5,2.6992E+12,3.8445E-07
2889.5,2.6989E+12,3.84455E-07
2890.5,2.6987E+12,3.8446E-07
2891.5,2.6984E+12,3.8447E-07
2892.5,2.6981E+12,3.84475E-07
2893.5,2.6979E+12,3.8448E-07
2894.5,2.6976E+12,3.84485E-07
2895.5,2.6973E+12,3.8449E-07
2896.5,2.697E+12,3.845E-07
2897.5,2.6968E+12,3.84505E-07
2898.5,2.6965E+12,3.8451E-07
2899.5,2.6962E+12,3.84515E-07
2900.5,2.696E+12,3.8452E-07
2901.5,2.6957E+12,3.8453E-07
2902.5,2.6954E+12,3.84535E-07
2903.5,2.6952E+12,3.8454E-07
2904.5,2.6949E+12,3.84545E-07
2905.5,2.6946E+12,3.8455E-07
2906.5,2.6944E+12,3.8456E-07
2907.5,2.6941E+12,3.84565E-07
2908.5,2.6938E+12,3.8457E-07
2909.5,2.6935E+12,3.84575E-07
2910.5,2.6933E+12,3.8458E-07
2911.5,2.693E+12,3.8459E-07
2912.5,2.6927E+12,3.84595E-07
2913.5,2.6925E+12,3.846E-07
2914.5,2.6922E+12,3.84605E-07
2915.5,2.6919E+12,3.8461E-07
2916.5,2.6917E+12,3.8462E-07
2917.5,2.6914E+12,3.84625E-07
2918.5,2.6911E+12,3.8463E-07
2919.5,2.6909E+12,3.84635E-07
2920.5,2.6906E+12,3.8464E-07
2921.5,2.6903E+12,3.8465E-07
2922.5,2.6901E+12,3.84655E-07
2923.5,2.6898E+12,3.8466E-07
2924.5,2.6895E+12,3.84665E-07
2925.5,2.6893E+12,3.8467E-07
2926.5,2.689E+12,3.8468E-07
2927.5,2.6887E+12,3.84685E-07
2928.5,2.6885E+12,3.8469E-07
2929.5,2.6882E+12,3.84695E-07
2930.5,2.6879E+12,3.847E-07
2931.5,2.6877E+12,3.8471E-07
2932.5,2.6874E+12,3.84715E-07
2933.5,2.6871E+12,3.8472E-07
2934.5,2.6869E+12,3.84725E-07
2935.5,2.6866E+12,3.8473E-07
2936.5,2.6864E+12,3.8474E-07
2937.5,2.6861E+12,3.84745E-07
2938.5,2.6858E+12,3.8475E-07
2939.5,2.6856E+12,3.84755E-07
2940.5,2.6853E+12,3.8476E-07
2941.5,2.685E+12,3.8477E-07
2942.5,2.6848E+12,3.84775E-07
2943.5,2.6845E+12,3.8478E-07
2944.5,2.6842E+12,3.84785E-07
2945.5,2.684E+12,3.8479E-07
2946.5,2.6837E+12,3.848E-07
2947.5,2.6834E+12,3.84805E-07
2948.5,2.6832E+12,3.8481E-07
2949.5,2.6829E+12,3.84815E-07
2950.5,2.6827E+12,3.8482E-07
2951.5,2.6824E+12,3.84825E-07
2952.5,2.6821E+12,3.84835E-07
2953.5,2.6819E+12,3.8484E-07
2954.5,2.6816E+12,3.84845E-07
2955.5,2.6813E+12,3.8485E-07
2956.5,2.6811E+12,3.84855E-07
2957.5,2.6808E+12,3.84865E-07
2958.5,2.6806E+12,3.8487E-07
2959.5,2.6803E+12,3.84875E-07
2960.5,2.68E+12,3.8488E-07
2961.5,2.6798E+12,3.84885E-07
2962.5,2.6795E+12,3.8489E-07
2963.5,2.6793E+12,3.849E-07
2964.5,2.679E+12,3.84905E-07
2965.5,2.6787E+12,3.8491E-07
2966.5,2.6785E+12,3.84915E-07
2967.5,2.6782E+12,3.8492E-07
2968.5,2.6779E+12,3.8493E-07
2969.5,2.6777E+12,3.84935E-07
2970.5,2.6774E+12,3.8494E-07
2971.5,2.6772E+12,3.84945E-07
2972.5,2.6769E+12,3.8495E-07
2973.5,2.6766E+12,3.84955E-07
2974.5,2.6764E+12,3.84965E-07
2975.5,2.6761E+12,3.8497E-07
2976.5,2.6759E+12,3.84975E-07
2977.5,2.6756E+12,3.8498E-07
2978.5,2.6753E+12,3.84985E-07
2979.5,2.6751E+12,3.84995E-07
2980.5,2.6748E+12,0.000000385
2981.5,2.6746E+12,3.85005E-07
2982.5,2.6743E+12,3.8501E-07
2983.5,2.674E+12,3.85015E-07
2984.5,2.6738E+12,3.8502E-07
2985.5,2.6735E+12,3.8503E-07
2986.5,2.6733E+12,3.85035E-07
2987.5,2.673E+12,3.8504E-07
2988.5,2.6728E+12,3.85045E-07
2989.5,2.6725E+12,3.8505E-07
2990.5,2.6722E+12,3.85055E-07
2991.5,2.672E+12,3.85065E-07
2992.5,2.6717E+12,3.8507E-07
2993.5,2.6715E+12,3.85075E-07
2994.5,2.6712E+12,3.8508E-07
2995.5,2.6709E+12,3.85085E-07
2996.5,2.6707E+12,3.8509E-07
2997.5,2.6704E+12,3.851E-07
2998.5,2.6702E+12,3.85105E-07
2999.5,2.6699E+12,3.8511E-07
3000.5,2.6697E+12,3.85115E-07
3001.5,2.6694E+12,3.8512E-07
3002.5,2.6691E+12,3.85125E-07
3003.5,2.6689E+12,3.85135E-07
3004.5,2.6686E+12,3.8514E-07
3005.5,2.6684E+12,3.85145E-07
3006.5,2.6681E+12,3.8515E-07
3007.5,2.6679E+12,3.85155E-07
3008.5,2.6676E+12,3.8516E-07
3009.5,2.6674E+12,3.8517E-07
3010.5,2.6671E+12,3.85175E-07
3011.5,2.6668E+12,3.8518E-07
3012.5,2.6666E+12,3.85185E-07
3013.5,2.6663E+12,3.8519E-07
3014.5,2.6661E+12,3.85195E-07
3015.5,2.6658E+12,3.85205E-07
3016.5,2.6656E+12,3.8521E-07
3017.5,2.6653E+12,3.85215E-07
3018.5,2.6651E+12,3.8522E-07
3019.5,2.6648E+12,3.85225E-07
3020.5,2.6645E+12,3.8523E-07
3021.5,2.6643E+12,3.85235E-07
3022.5,2.664E+12,3.85245E-07
3023.5,2.6638E+12,3.8525E-07
3024.5,2.6635E+12,3.85255E-07
3025.5,2.6633E+12,3.8526E-07
3026.5,2.663E+12,3.85265E-07
3027.5,2.6628E+12,3.8527E-07
3028.5,2.6625E+12,3.8528E-07
3029.5,2.6623E+12,3.85285E-07
3030.5,2.662E+12,3.8529E-07
3031.5,2.6618E+12,3.85295E-07
3032.5,2.6615E+12,3.853E-07
3033.5,2.6612E+12,3.85305E-07
3034.5,2.661E+12,3.8531E-07
3035.5,2.6607E+12,3.8532E-07
3036.5,2.6605E+12,3.85325E-07
3037.5,2.6602E+12,3.8533E-07
3038.5,2.66E+12,3.85335E-07
3039.5,2.6597E+12,3.8534E-07
3040.5,2.6595E+12,3.85345E-07
3041.5,2.6592E+12,3.85355E-07
3042.5,2.659E+12,3.8536E-07
3043.5,2.6587E+12,3.85365E-07
3044.5,2.6585E+12,3.8537E-07
3045.5,2.6582E+12,3.85375E-07
3046.5,2.658E+12,3.8538E-07
3047.5,2.6577E+12,3.85385E-07
3048.5,2.6575E+12,3.85395E-07
3049.5,2.6572E+12,3.854E-07
3050.5,2.657E+12,3.85405E-07
3051.5,2.6567E+12,3.8541E-07
3052.5,2.6565E+12,3.85415E-07
3053.5,2.6562E+12,3.8542E-07
3054.5,2.656E+12,3.85425E-07
3055.5,2.6557E+12,3.85435E-07
3056.5,2.6555E+12,3.8544E-07
3057.5,2.6552E+12,3.85445E-07
3058.5,2.6549E+12,3.8545E-07
3059.5,2.6547E+12,3.85455E-07
3060.5,2.6544E+12,3.8546E-07
3061.5,2.6542E+12,3.85465E-07
3062.5,2.6539E+12,3.85475E-07
3063.5,2.6537E+12,3.8548E-07
3064.5,2.6534E+12,3.85485E-07
3065.5,2.6532E+12,3.8549E-07
3066.5,2.653E+12,3.85495E-07
3067.5,2.6527E+12,3.855E-07
3068.5,2.6525E+12,3.85505E-07
3069.5,2.6522E+12,3.85515E-07
3070.5,2.652E+12,3.8552E-07
3071.5,2.6517E+12,3.85525E-07
3072.5,2.6515E+12,3.8553E-07
3073.5,2.6512E+12,3.85535E-07
3074.5,2.651E+12,3.8554E-07
3075.5,2.6507E+12,3.85545E-07
3076.5,2.6505E+12,3.8555E-07
3077.5,2.6502E+12,3.8556E-07
3078.5,2.65E+12,3.85565E-07
3079.5,2.6497E+12,3.8557E-07
3080.5,2.6495E+12,3.85575E-07
3081.5,2.6492E+12,3.8558E-07
3082.5,2.649E+12,3.85585E-07
3083.5,2.6487E+12,3.8559E-07
3084.5,2.6485E+12,3.856E-07
3085.5,2.6482E+12,3.85605E-07
3086.5,2.648E+12,3.8561E-07
3087.5,2.6477E+12,3.85615E-07
3088.5,2.6475E+12,3.8562E-07
3089.5,2.6472E+12,3.85625E-07
3090.5,2.647E+12,3.8563E-07
3091.5,2.6467E+12,3.85635E-07
3092.5,2.6465E+12,3.85645E-07
3093.5,2.6463E+12,3.8565E-07
3094.5,2.646E+12,3.85655E-07
3095.5,2.6458E+12,3.8566E-07
3096.5,2.6455E+12,3.85665E-07
3097.5,2.6453E+12,3.8567E-07
3098.5,2.645E+12,3.85675E-07
3099.5,2.6448E+12,3.8568E-07
3100.5,2.6445E+12,3.8569E-07
3101.5,2.6443E+12,3.85695E-07
3102.5,2.644E+12,3.857E-07
3103.5,2.6438E+12,3.85705E-07
3104.5,2.6436E+12,3.8571E-07
3105.5,2.6433E+12,3.85715E-07
3106.5,2.6431E+12,3.8572E-07
3107.5,2.6428E+12,3.85725E-07
3108.5,2.6426E+12,3.85735E-07
3109.5,2.6423E+12,3.8574E-07
3110.5,2.6421E+12,3.85745E-07
3111.5,2.6418E+12,3.8575E-07
3112.5,2.6416E+12,3.85755E-07
3113.5,2.6413E+12,3.8576E-07
3114.5,2.6411E+12,3.85765E-07
3115.5,2.6409E+12,3.8577E-07
3116.5,2.6406E+12,3.8578E-07
3117.5,2.6404E+12,3.85785E-07
3118.5,2.6401E+12,3.8579E-07
3119.5,2.6399E+12,3.85795E-07
3120.5,2.6396E+12,3.858E-07
3121.5,2.6394E+12,3.85805E-07
3122.5,2.6392E+12,3.8581E-07
3123.5,2.6389E+12,3.85815E-07
3124.5,2.6387E+12,3.85825E-07
3125.5,2.6384E+12,3.8583E-07
3126.5,2.6382E+12,3.85835E-07
3127.5,2.6379E+12,3.8584E-07
3128.5,2.6377E+12,3.85845E-07
3129.5,2.6375E+12,3.8585E-07
3130.5,2.6372E+12,3.85855E-07
3131.5,2.637E+12,3.8586E-07
3132.5,2.6367E+12,3.85865E-07
3133.5,2.6365E+12,3.85875E-07
3134.5,2.6362E+12,3.8588E-07
3135.5,2.636E+12,3.85885E-07
3136.5,2.6358E+12,3.8589E-07
3137.5,2.6355E+12,3.85895E-07
3138.5,2.6353E+12,3.859E-07
3139.5,2.635E+12,3.85905E-07
3140.5,2.6348E+12,3.8591E-07
3141.5,2.6346E+12,3.85915E-07
3142.5,2.6343E+12,3.85925E-07
3143.5,2.6341E+12,3.8593E-07
3144.5,2.6338E+12,3.85935E-07
3145.5,2.6336E+12,3.8594E-07
3146.5,2.6333E+12,3.85945E-07
3147.5,2.6331E+12,3.8595E-07
3148.5,2.6329E+12,3.85955E-07
3149.5,2.6326E+12,3.8596E-07
3150.5,2.6324E+12,3.85965E-07
3151.5,2.6321E+12,3.85975E-07
3152.5,2.6319E+12,3.8598E-07
3153.5,2.6317E+12,3.85985E-07
3154.5,2.6314E+12,3.8599E-07
3155.5,2.6312E+12,3.85995E-07
3156.5,2.6309E+12,0.000000386
3157.5,2.6307E+12,3.86005E-07
3158.5,2.6305E+12,3.8601E-07
3159.5,2.6302E+12,3.86015E-07
3160.5,2.63E+12,3.8602E-07
3161.5,2.6297E+12,3.8603E-07
3162.5,2.6295E+12,3.86035E-07
3163.5,2.6293E+12,3.8604E-07
3164.5,2.629E+12,3.86045E-07
3165.5,2.6288E+12,3.8605E-07
3166.5,2.6286E+12,3.86055E-07
3167.5,2.6283E+12,3.8606E-07
3168.5,2.6281E+12,3.86065E-07
3169.5,2.6278E+12,3.8607E-07
3170.5,2.6276E+12,3.8608E-07
3171.5,2.6274E+12,3.86085E-07
3172.5,2.6271E+12,3.8609E-07
3173.5,2.6269E+12,3.86095E-07
3174.5,2.6266E+12,3.861E-07
3175.5,2.6264E+12,3.86105E-07
3176.5,2.6262E+12,3.8611E-07
3177.5,2.6259E+12,3.86115E-07
3178.5,2.6257E+12,3.8612E-07
3179.5,2.6255E+12,3.86125E-07
3180.5,2.6252E+12,3.8613E-07
3181.5,2.625E+12,3.8614E-07
3182.5,2.6247E+12,3.86145E-07
3183.5,2.6245E+12,3.8615E-07
3184.5,2.6243E+12,3.86155E-07
3185.5,2.624E+12,3.8616E-07
3186.5,2.6238E+12,3.86165E-07
3187.5,2.6236E+12,3.8617E-07
3188.5,2.6233E+12,3.86175E-07
3189.5,2.6231E+12,3.8618E-07
3190.5,2.6229E+12,3.86185E-07
3191.5,2.6226E+12,3.86195E-07
3192.5,2.6224E+12,3.862E-07
3193.5,2.6221E+12,3.86205E-07
3194.5,2.6219E+12,3.8621E-07
3195.5,2.6217E+12,3.86215E-07
3196.5,2.6214E+12,3.8622E-07
3197.5,2.6212E+12,3.86225E-07
3198.5,2.621E+12,3.8623E-07
3199.5,2.6207E+12,3.86235E-07
3200.5,2.6205E+12,3.8624E-07
3201.5,2.6203E+12,3.86245E-07
3202.5,2.62E+12,3.86255E-07
3203.5,2.6198E+12,3.8626E-07
3204.5,2.6196E+12,3.86265E-07
3205.5,2.6193E+12,3.8627E-07
3206.5,2.6191E+12,3.86275E-07
3207.5,2.6188E+12,3.8628E-07
3208.5,2.6186E+12,3.86285E-07
3209.5,2.6184E+12,3.8629E-07
3210.5,2.6181E+12,3.86295E-07
3211.5,2.6179E+12,3.863E-07
3212.5,2.6177E+12,3.86305E-07
3213.5,2.6174E+12,3.8631E-07
3214.5,2.6172E+12,3.8632E-07
3215.5,2.617E+12,3.86325E-07
3216.5,2.6167E+12,3.8633E-07
3217.5,2.6165E+12,3.86335E-07
3218.5,2.6163E+12,3.8634E-07
3219.5,2.616E+12,3.86345E-07
3220.5,2.6158E+12,3.8635E-07
3221.5,2.6156E+12,3.86355E-07
3222.5,2.6153E+12,3.8636E-07
3223.5,2.6151E+12,3.86365E-07
3224.5,2.6149E+12,3.8637E-07
3225.5,2.6146E+12,3.86375E-07
3226.5,2.6144E+12,3.86385E-07
3227.5,2.6142E+12,3.8639E-07
3228.5,2.6139E+12,3.86395E-07
3229.5,2.6137E+12,3.864E-07
3230.5,2.6135E+12,3.86405E-07
3231.5,2.6132E+12,3.8641E-07
3232.5,2.613E+12,3.86415E-07
3233.5,2.6128E+12,3.8642E-07
3234.5,2.6126E+12,3.86425E-07
3235.5,2.6123E+12,3.8643E-07
3236.5,2.6121E+12,3.86435E-07
3237.5,2.6119E+12,3.8644E-07
3238.5,2.6116E+12,3.86445E-07
3239.5,2.6114E+12,3.86455E-07
3240.5,2.6112E+12,3.8646E-07
3241.5,2.6109E+12,3.86465E-07
3242.5,2.6107E+12,3.8647E-07
3243.5,2.6105E+12,3.86475E-07
3244.5,2.6102E+12,3.8648E-07
3245.5,2.61E+12,3.86485E-07
3246.5,2.6098E+12,3.8649E-07
3247.5,2.6095E+12,3.86495E-07
3248.5,2.6093E+12,3.865E-07
3249.5,2.6091E+12,3.86505E-07
3250.5,2.6089E+12,3.8651E-07
3251.5,2.6086E+12,3.86515E-07
3252.5,2.6084E+12,3.8652E-07
3253.5,2.6082E+12,3.8653E-07
3254.5,2.6079E+12,3.86535E-07
3255.5,2.6077E+12,3.8654E-07
3256.5,2.6075E+12,3.86545E-07
3257.5,2.6072E+12,3.8655E-07
3258.5,2.607E+12,3.86555E-07
3259.5,2.6068E+12,3.8656E-07
3260.5,2.6066E+12,3.86565E-07
3261.5,2.6063E+12,3.8657E-07
3262.5,2.6061E+12,3.86575E-07
3263.5,2.6059E+12,3.8658E-07
3264.5,2.6056E+12,3.86585E-07
3265.5,2.6054E+12,3.8659E-07
3266.5,2.6052E+12,3.86595E-07
3267.5,2.605E+12,3.866E-07
3268.5,2.6047E+12,3.8661E-07
3269.5,2.6045E+12,3.86615E-07
3270.5,2.6043E+12,3.8662E-07
3271.5,2.604E+12,3.86625E-07
3272.5,2.6038E+12,3.8663E-07
3273.5,2.6036E+12,3.86635E-07
3274.5,2.6034E+12,3.8664E-07
3275.5,2.6031E+12,3.86645E-07
3276.5,2.6029E+12,3.8665E-07
3277.5,2.6027E+12,3.86655E-07
3278.5,2.6024E+12,3.8666E-07
3279.5,2.6022E+12,3.86665E-07
3280.5,2.602E+12,3.8667E-07
3281.5,2.6018E+12,3.86675E-07
3282.5,2.6015E+12,3.8668E-07
3283.5,2.6013E+12,3.86685E-07
3284.5,2.6011E+12,3.86695E-07
3285.5,2.6009E+12,3.867E-07
3286.5,2.6006E+12,3.86705E-07
3287.5,2.6004E+12,3.8671E-07
3288.5,2.6002E+12,3.86715E-07
3289.5,2.5999E+12,3.8672E-07
3290.5,2.5997E+12,3.86725E-07
3291.5,2.5995E+12,3.8673E-07
3292.5,2.5993E+12,3.86735E-07
3293.5,2.599E+12,3.8674E-07
3294.5,2.5988E+12,3.86745E-07
3295.5,2.5986E+12,3.8675E-07
3296.5,2.5984E+12,3.86755E-07
3297.5,2.5981E+12,3.8676E-07
3298.5,2.5979E+12,3.86765E-07
3299.5,2.5977E+12,3.8677E-07
3300.5,2.5975E+12,3.86775E-07
3301.5,2.5972E+12,3.86785E-07
3302.5,2.597E+12,3.8679E-07
3303.5,2.5968E+12,3.86795E-07
3304.5,2.5966E+12,3.868E-07
3305.5,2.5963E+12,3.86805E-07
3306.5,2.5961E+12,3.8681E-07
3307.5,2.5959E+12,3.86815E-07
3308.5,2.5957E+12,3.8682E-07
3309.5,2.5954E+12,3.86825E-07
3310.5,2.5952E+12,3.8683E-07
3311.5,2.595E+12,3.86835E-07
3312.5,2.5948E+12,3.8684E-07
3313.5,2.5945E+12,3.86845E-07
3314.5,2.5943E+12,3.8685E-07
3315.5,2.5941E+12,3.86855E-07
3316.5,2.5939E+12,3.8686E-07
3317.5,2.5936E+12,3.86865E-07
3318.5,2.5934E+12,3.8687E-07
3319.5,2.5932E+12,3.86875E-07
3320.5,2.593E+12,3.8688E-07
3321.5,2.5927E+12,3.8689E-07
3322.5,2.5925E+12,3.86895E-07
3323.5,2.5923E+12,3.869E-07
3324.5,2.5921E+12,3.86905E-07
3325.5,2.5919E+12,3.8691E-07
3326.5,2.5916E+12,3.86915E-07
3327.5,2.5914E+12,3.8692E-07
3328.5,2.5912E+12,3.86925E-07
3329.5,2.591E+12,3.8693E-07
3330.5,2.5907E+12,3.86935E-07
3331.5,2.5905E+12,3.8694E-07
3332.5,2.5903E+12,3.86945E-07
3333.5,2.5901E+12,3.8695E-07
3334.5,2.5898E+12,3.86955E-07
3335.5,2.5896E+12,3.8696E-07
3336.5,2.5894E+12,3.86965E-07
3337.5,2.5892E+12,3.8697E-07
3338.5,2.589E+12,3.86975E-07
3339.5,2.5887E+12,3.8698E-07
3340.5,2.5885E+12,3.86985E-07
3341.5,2.5883E+12,3.8699E-07
3342.5,2.5881E+12,3.86995E-07
3343.5,2.5878E+12,0.000000387
3344.5,2.5876E+12,3.8701E-07
3345.5,2.5874E+12,3.87015E-07
3346.5,2.5872E+12,3.8702E-07
3347.5,2.587E+12,3.87025E-07
3348.5,2.5867E+12,3.8703E-07
3349.5,2.5865E+12,3.87035E-07
3350.5,2.5863E+12,3.8704E-07
3351.5,2.5861E+12,3.87045E-07
3352.5,2.5859E+12,3.8705E-07
3353.5,2.5856E+12,3.87055E-07
3354.5,2.5854E+12,3.8706E-07
3355.5,2.5852E+12,3.87065E-07
3356.5,2.585E+12,3.8707E-07
3357.5,2.5848E+12,3.87075E-07
3358.5,2.5845E+12,3.8708E-07
3359.5,2.5843E+12,3.87085E-07
3360.5,2.5841E+12,3.8709E-07
3361.5,2.5839E+12,3.87095E-07
3362.5,2.5837E+12,3.871E-07
3363.5,2.5834E+12,3.87105E-07
3364.5,2.5832E+12,3.8711E-07
3365.5,2.583E+12,3.87115E-07
3366.5,2.5828E+12,3.8712E-07
3367.5,2.5826E+12,3.87125E-07
3368.5,2.5823E+12,3.8713E-07
3369.5,2.5821E+12,3.87135E-07
3370.5,2.5819E+12,3.8714E-07
3371.5,2.5817E+12,3.87145E-07
3372.5,2.5815E+12,3.8715E-07
3373.5,2.5812E+12,3.8716E-07
3374.5,2.581E+12,3.87165E-07
3375.5,2.5808E+12,3.8717E-07
3376.5,2.5806E+12,3.87175E-07
3377.5,2.5804E+12,3.8718E-07
3378.5,2.5801E+12,3.87185E-07
3379.5,2.5799E+12,3.8719E-07
3380.5,2.5797E+12,3.87195E-07
3381.5,2.5795E+12,3.872E-07
3382.5,2.5793E+12,3.87205E-07
3383.5,2.5791E+12,3.8721E-07
3384.5,2.5788E+12,3.87215E-07
3385.5,2.5786E+12,3.8722E-07
3386.5,2.5784E+12,3.87225E-07
3387.5,2.5782E+12,3.8723E-07
3388.5,2.578E+12,3.87235E-07
3389.5,2.5778E+12,3.8724E-07
3390.5,2.5775E+12,3.87245E-07
3391.5,2.5773E+12,3.8725E-07
3392.5,2.5771E+12,3.87255E-07
3393.5,2.5769E+12,3.8726E-07
3394.5,2.5767E+12,3.87265E-07
3395.5,2.5764E+12,3.8727E-07
3396.5,2.5762E+12,3.87275E-07
3397.5,2.576E+12,3.8728E-07
3398.5,2.5758E+12,3.87285E-07
3399.5,2.5756E+12,3.8729E-07
3400.5,2.5754E+12,3.87295E-07
3401.5,2.5751E+12,3.873E-07
3402.5,2.5749E+12,3.87305E-07
3403.5,2.5747E+12,3.8731E-07
3404.5,2.5745E+12,3.87315E-07
3405.5,2.5743E+12,3.8732E-07
3406.5,2.5741E+12,3.87325E-07
3407.5,2.5738E+12,3.8733E-07
3408.5,2.5736E+12,3.87335E-07
3409.5,2.5734E+12,3.8734E-07
3410.5,2.5732E+12,3.87345E-07
3411.5,2.573E+12,3.8735E-07
3412.5,2.5728E+12,3.87355E-07
3413.5,2.5726E+12,3.8736E-07
3414.5,2.5723E+12,3.87365E-07
3415.5,2.5721E+12,3.8737E-07
3416.5,2.5719E+12,3.8738E-07
3417.5,2.5717E+12,3.87385E-07
3418.5,2.5715E+12,3.8739E-07
3419.5,2.5713E+12,3.87395E-07
3420.5,2.5711E+12,3.874E-07
3421.5,2.5708E+12,3.87405E-07
3422.5,2.5706E+12,3.8741E-07
3423.5,2.5704E+12,3.87415E-07
3424.5,2.5702E+12,3.8742E-07
3425.5,2.57E+12,3.87425E-07
3426.5,2.5698E+12,3.8743E-07
3427.5,2.5695E+12,3.87435E-07
3428.5,2.5693E+12,3.8744E-07
3429.5,2.5691E+12,3.87445E-07
3430.5,2.5689E+12,3.8745E-07
3431.5,2.5687E+12,3.87455E-07
3432.5,2.5685E+12,3.8746E-07
3433.5,2.5683E+12,3.87465E-07
3434.5,2.5681E+12,3.8747E-07
3435.5,2.5678E+12,3.87475E-07
3436.5,2.5676E+12,3.8748E-07
3437.5,2.5674E+12,3.87485E-07
3438.5,2.5672E+12,3.8749E-07
3439.5,2.567E+12,3.87495E-07
3440.5,2.5668E+12,3.875E-07
3441.5,2.5666E+12,3.87505E-07
3442.5,2.5663E+12,3.8751E-07
3443.5,2.5661E+12,3.87515E-07
3444.5,2.5659E+12,3.8752E-07
3445.5,2.5657E+12,3.87525E-07
3446.5,2.5655E+12,3.8753E-07
3447.5,2.5653E+12,3.87535E-07
3448.5,2.5651E+12,3.8754E-07
3449.5,2.5649E+12,3.87545E-07
3450.5,2.5646E+12,3.8755E-07
3451.5,2.5644E+12,3.87555E-07
3452.5,2.5642E+12,3.8756E-07
3453.5,2.564E+12,3.87565E-07
3454.5,2.5638E+12,3.8757E-07
3455.5,2.5636E+12,3.87575E-07
3456.5,2.5634E+12,3.8758E-07
3457.5,2.5632E+12,3.87585E-07
3458.5,2.5629E+12,3.8759E-07
3459.5,2.5627E+12,3.87595E-07
3460.5,2.5625E+12,3.876E-07
3461.5,2.5623E+12,3.87605E-07
3462.5,2.5621E+12,3.8761E-07
3463.5,2.5619E+12,3.87615E-07
3464.5,2.5617E+12,3.8762E-07
3465.5,2.5615E+12,3.87625E-07
3466.5,2.5613E+12,3.8763E-07
3467.5,2.561E+12,3.87635E-07
3468.5,2.5608E+12,3.8764E-07
3469.5,2.5606E+12,3.87645E-07
3470.5,2.5604E+12,3.8765E-07
3471.5,2.5602E+12,3.87655E-07
3472.5,2.56E+12,3.8766E-07
3473.5,2.5598E+12,3.87665E-07
3474.5,2.5596E+12,3.8767E-07
3475.5,2.5594E+12,3.87675E-07
3476.5,2.5592E+12,3.8768E-07
3477.5,2.5589E+12,3.87685E-07
3478.5,2.5587E+12,3.8769E-07
3479.5,2.5585E+12,3.87695E-07
3480.5,2.5583E+12,3.877E-07
3481.5,2.5581E+12,3.87705E-07
3482.5,2.5579E+12,3.8771E-07
3483.5,2.5577E+12,3.87715E-07
3484.5,2.5575E+12,3.8772E-07
3485.5,2.5573E+12,3.87725E-07
3486.5,2.5571E+12,3.8773E-07
3487.5,2.5568E+12,3.87735E-07
3488.5,2.5566E+12,3.8774E-07
3489.5,2.5564E+12,3.87745E-07
3490.5,2.5562E+12,3.8775E-07
3491.5,2.556E+12,3.87755E-07
3492.5,2.5558E+12,3.8776E-07
3493.5,2.5556E+12,3.87765E-07
3494.5,2.5554E+12,3.8777E-07
3495.5,2.5552E+12,3.87775E-07
3496.5,2.555E+12,3.8778E-07
3497.5,2.5548E+12,3.87785E-07
3498.5,2.5546E+12,3.8779E-07
3499.5,2.5543E+12,3.87795E-07
3500.5,2.5541E+12,3.878E-07
3501.5,2.5539E+12,3.87805E-07
3502.5,2.5537E+12,3.8781E-07
3503.5,2.5535E+12,3.87815E-07
3504.5,2.5533E+12,3.8782E-07
3505.5,2.5531E+12,3.87825E-07
3506.5,2.5529E+12,3.8783E-07
3507.5,2.5527E+12,3.87835E-07
3508.5,2.5525E+12,3.8784E-07
3509.5,2.5523E+12,3.87845E-07
3510.5,2.5521E+12,3.8785E-07
3511.5,2.5519E+12,3.87855E-07
3512.5,2.5516E+12,3.8786E-07
3513.5,2.5514E+12,3.87865E-07
3514.5,2.5512E+12,3.8787E-07
3515.5,2.551E+12,3.87875E-07
3516.5,2.5508E+12,3.8788E-07
3517.5,2.5506E+12,3.87885E-07
3518.5,2.5504E+12,3.8789E-07
3519.5,2.5502E+12,3.87895E-07
3520.5,2.55E+12,3.879E-07
3521.5,2.5498E+12,3.87905E-07
3522.5,2.5496E+12,3.8791E-07
3523.5,2.5494E+12,3.8791E-07
3524.5,2.5492E+12,3.87915E-07
3525.5,2.549E+12,3.8792E-07
3526.5,2.5488E+12,3.87925E-07
3527.5,2.5485E+12,3.8793E-07
3528.5,2.5483E+12,3.87935E-07
3529.5,2.5481E+12,3.8794E-07
3530.5,2.5479E+12,3.87945E-07
3531.5,2.5477E+12,3.8795E-07
3532.5,2.5475E+12,3.87955E-07
3533.5,2.5473E+12,3.8796E-07
3534.5,2.5471E+12,3.87965E-07
3535.5,2.5469E+12,3.8797E-07
3536.5,2.5467E+12,3.87975E-07
3537.5,2.5465E+12,3.8798E-07
3538.5,2.5463E+12,3.87985E-07
3539.5,2.5461E+12,3.8799E-07
3540.5,2.5459E+12,3.87995E-07
3541.5,2.5457E+12,0.000000388
3542.5,2.5455E+12,3.88005E-07
3543.5,2.5453E+12,3.8801E-07
3544.5,2.5451E+12,3.88015E-07
3545.5,2.5449E+12,3.8802E-07
3546.5,2.5446E+12,3.88025E-07
3547.5,2.5444E+12,3.8803E-07
3548.5,2.5442E+12,3.88035E-07
3549.5,2.544E+12,3.8804E-07
3550.5,2.5438E+12,3.88045E-07
3551.5,2.5436E+12,3.8805E-07
3552.5,2.5434E+12,3.88055E-07
3553.5,2.5432E+12,3.8806E-07
3554.5,2.543E+12,3.88065E-07
3555.5,2.5428E+12,3.8807E-07
3556.5,2.5426E+12,3.88075E-07
3557.5,2.5424E+12,3.8808E-07
3558.5,2.5422E+12,3.88085E-07
3559.5,2.542E+12,3.8809E-07
3560.5,2.5418E+12,3.88095E-07
3561.5,2.5416E+12,3.881E-07
3562.5,2.5414E+12,3.88105E-07
3563.5,2.5412E+12,3.8811E-07
3564.5,2.541E+12,3.88115E-07
3565.5,2.5408E+12,3.8812E-07
3566.5,2.5406E+12,3.88125E-07
3567.5,2.5404E+12,3.8813E-07
3568.5,2.5402E+12,3.8813E-07
3569.5,2.54E+12,3.88135E-07
3570.5,2.5398E+12,3.8814E-07
3571.5,2.5396E+12,3.88145E-07
3572.5,2.5394E+12,3.8815E-07
3573.5,2.5392E+12,3.88155E-07
3574.5,2.539E+12,3.8816E-07
3575.5,2.5388E+12,3.88165E-07
3576.5,2.5385E+12,3.8817E-07
3577.5,2.5383E+12,3.88175E-07
3578.5,2.5381E+12,3.8818E-07
3579.5,2.5379E+12,3.88185E-07
3580.5,2.5377E+12,3.8819E-07
3581.5,2.5375E+12,3.88195E-07
3582.5,2.5373E+12,3.882E-07
3583.5,2.5371E+12,3.88205E-07
3584.5,2.5369E+12,3.8821E-07
3585.5,2.5367E+12,3.88215E-07
3586.5,2.5365E+12,3.8822E-07
3587.5,2.5363E+12,3.88225E-07
3588.5,2.5361E+12,3.8823E-07
3589.5,2.5359E+12,3.88235E-07
3590.5,2.5357E+12,3.8824E-07
3591.5,2.5355E+12,3.88245E-07
3592.5,2.5353E+12,3.8825E-07
3593.5,2.5351E+12,3.88255E-07
3594.5,2.5349E+12,3.8826E-07
3595.5,2.5347E+12,3.88265E-07
3596.5,2.5345E+12,3.8827E-07
3597.5,2.5343E+12,3.88275E-07
3598.5,2.5341E+12,3.88275E-07
3599.5,2.5339E+12,3.8828E-07
3600.5,2.5337E+12,3.88285E-07
3601.5,2.5335E+12,3.8829E-07
3602.5,2.5333E+12,3.88295E-07
3603.5,2.5331E+12,3.883E-07
3604.5,2.5329E+12,3.88305E-07
3605.5,2.5327E+12,3.8831E-07
3606.5,2.5325E+12,3.88315E-07
3607.5,2.5323E+12,3.8832E-07
3608.5,2.5321E+12,3.88325E-07
3609.5,2.5319E+12,3.8833E-07
3610.5,2.5317E+12,3.88335E-07
3611.5,2.5315E+12,3.8834E-07
3612.5,2.5313E+12,3.88345E-07
3613.5,2.5311E+12,3.8835E-07
3614.5,2.5309E+12,3.88355E-07
3615.5,2.5307E+12,3.8836E-07
3616.5,2.5305E+12,3.88365E-07
3617.5,2.5303E+12,3.8837E-07
3618.5,2.5301E+12,3.88375E-07
3619.5,2.5299E+12,3.8838E-07
3620.5,2.5297E+12,3.88385E-07
3621.5,2.5295E+12,3.8839E-07
3622.5,2.5293E+12,3.8839E-07
3623.5,2.5291E+12,3.88395E-07
3624.5,2.5289E+12,3.884E-07
3625.5,2.5287E+12,3.88405E-07
3626.5,2.5285E+12,3.8841E-07
3627.5,2.5283E+12,3.88415E-07
3628.5,2.5281E+12,3.8842E-07
3629.5,2.5279E+12,3.88425E-07
3630.5,2.5277E+12,3.8843E-07
3631.5,2.5275E+12,3.88435E-07
3632.5,2.5274E+12,3.8844E-07
3633.5,2.5272E+12,3.88445E-07
3634.5,2.527E+12,3.8845E-07
3635.5,2.5268E+12,3.88455E-07
3636.5,2.5266E+12,3.8846E-07
3637.5,2.5264E+12,3.88465E-07
3638.5,2.5262E+12,3.8847E-07
3639.5,2.526E+12,3.88475E-07
3640.5,2.5258E+12,3.8848E-07
3641.5,2.5256E+12,3.88485E-07
3642.5,2.5254E+12,3.8849E-07
3643.5,2.5252E+12,3.8849E-07
3644.5,2.525E+12,3.88495E-07
3645.5,2.5248E+12,3.885E-07
3646.5,2.5246E+12,3.88505E-07
3647.5,2.5244E+12,3.8851E-07
3648.5,2.5242E+12,3.88515E-07
3649.5,2.524E+12,3.8852E-07
3650.5,2.5238E+12,3.88525E-07
3651.5,2.5236E+12,3.8853E-07
3652.5,2.5234E+12,3.88535E-07
3653.5,2.5232E+12,3.8854E-07
3654.5,2.523E+12,3.88545E-07
3655.5,2.5228E+12,3.8855E-07
3656.5,2.5226E+12,3.88555E-07
3657.5,2.5224E+12,3.8856E-07
3658.5,2.5222E+12,3.88565E-07
3659.5,2.522E+12,3.8857E-07
3660.5,2.5218E+12,3.88575E-07
3661.5,2.5216E+12,3.8858E-07
3662.5,2.5214E+12,3.8858E-07
3663.5,2.5213E+12,3.88585E-07
3664.5,2.5211E+12,3.8859E-07
3665.5,2.5209E+12,3.88595E-07
3666.5,2.5207E+12,3.886E-07
3667.5,2.5205E+12,3.88605E-07
3668.5,2.5203E+12,3.8861E-07
3669.5,2.5201E+12,3.88615E-07
3670.5,2.5199E+12,3.8862E-07
3671.5,2.5197E+12,3.88625E-07
3672.5,2.5195E+12,3.8863E-07
3673.5,2.5193E+12,3.88635E-07
3674.5,2.5191E+12,3.8864E-07
3675.5,2.5189E+12,3.88645E-07
3676.5,2.5187E+12,3.8865E-07
3677.5,2.5185E+12,3.88655E-07
3678.5,2.5183E+12,3.8866E-07
3679.5,2.5181E+12,3.8866E-07
3680.5,2.5179E+12,3.88665E-07
3681.5,2.5177E+12,3.8867E-07
3682.5,2.5175E+12,3.88675E-07
3683.5,2.5174E+12,3.8868E-07
3684.5,2.5172E+12,3.88685E-07
3685.5,2.517E+12,3.8869E-07
3686.5,2.5168E+12,3.88695E-07
3687.5,2.5166E+12,3.887E-07
3688.5,2.5164E+12,3.88705E-07
3689.5,2.5162E+12,3.8871E-07
3690.5,2.516E+12,3.88715E-07
3691.5,2.5158E+12,3.8872E-07
3692.5,2.5156E+12,3.88725E-07
3693.5,2.5154E+12,3.8873E-07
3694.5,2.5152E+12,3.88735E-07
3695.5,2.515E+12,3.8874E-07
3696.5,2.5148E+12,3.8874E-07
3697.5,2.5146E+12,3.88745E-07
3698.5,2.5144E+12,3.8875E-07
3699.5,2.5143E+12,3.88755E-07
3700.5,2.5141E+12,3.8876E-07
3701.5,2.5139E+12,3.88765E-07
3702.5,2.5137E+12,3.8877E-07
3703.5,2.5135E+12,3.88775E-07
3704.5,2.5133E+12,3.8878E-07
3705.5,2.5131E+12,3.88785E-07
3706.5,2.5129E+12,3.8879E-07
3707.5,2.5127E+12,3.88795E-07
3708.5,2.5125E+12,3.888E-07
3709.5,2.5123E+12,3.88805E-07
3710.5,2.5121E+12,3.8881E-07
3711.5,2.5119E+12,3.8881E-07
3712.5,2.5118E+12,3.88815E-07
3713.5,2.5116E+12,3.8882E-07
3714.5,2.5114E+12,3.88825E-07
3715.5,2.5112E+12,3.8883E-07
3716.5,2.511E+12,3.88835E-07
3717.5,2.5108E+12,3.8884E-07
3718.5,2.5106E+12,3.88845E-07
3719.5,2.5104E+12,3.8885E-07
3720.5,2.5102E+12,3.88855E-07
3721.5,2.51E+12,3.8886E-07
3722.5,2.5098E+12,3.88865E-07
3723.5,2.5096E+12,3.8887E-07
3724.5,2.5095E+12,3.88875E-07
3725.5,2.5093E+12,3.88875E-07
3726.5,2.5091E+12,3.8888E-07
3727.5,2.5089E+12,3.88885E-07
3728.5,2.5087E+12,3.8889E-07
3729.5,2.5085E+12,3.88895E-07
3730.5,2.5083E+12,3.889E-07
3731.5,2.5081E+12,3.88905E-07
3732.5,2.5079E+12,3.8891E-07
3733.5,2.5077E+12,3.88915E-07
3734.5,2.5075E+12,3.8892E-07
3735.5,2.5074E+12,3.88925E-07
3736.5,2.5072E+12,3.8893E-07
3737.5,2.507E+12,3.88935E-07
3738.5,2.5068E+12,3.88935E-07
3739.5,2.5066E+12,3.8894E-07
3740.5,2.5064E+12,3.88945E-07
3741.5,2.5062E+12,3.8895E-07
3742.5,2.506E+12,3.88955E-07
3743.5,2.5058E+12,3.8896E-07
3744.5,2.5056E+12,3.88965E-07
3745.5,2.5055E+12,3.8897E-07
3746.5,2.5053E+12,3.88975E-07
3747.5,2.5051E+12,3.8898E-07
3748.5,2.5049E+12,3.88985E-07
3749.5,2.5047E+12,3.8899E-07
3750.5,2.5045E+12,3.88995E-07
3751.5,2.5043E+12,3.88995E-07
3752.5,2.5041E+12,0.000000389
3753.5,2.5039E+12,3.89005E-07
3754.5,2.5037E+12,3.8901E-07
3755.5,2.5036E+12,3.89015E-07
3756.5,2.5034E+12,3.8902E-07
3757.5,2.5032E+12,3.89025E-07
3758.5,2.503E+12,3.8903E-07
3759.5,2.5028E+12,3.89035E-07
3760.5,2.5026E+12,3.8904E-07
3761.5,2.5024E+12,3.89045E-07
3762.5,2.5022E+12,3.8905E-07
3763.5,2.502E+12,3.89055E-07
3764.5,2.5019E+12,3.89055E-07
3765.5,2.5017E+12,3.8906E-07
3766.5,2.5015E+12,3.89065E-07
3767.5,2.5013E+12,3.8907E-07
3768.5,2.5011E+12,3.89075E-07
3769.5,2.5009E+12,3.8908E-07
3770.5,2.5007E+12,3.89085E-07
3771.5,2.5005E+12,3.8909E-07
3772.5,2.5004E+12,3.89095E-07
3773.5,2.5002E+12,3.891E-07
3774.5,2.5E+12,3.89105E-07
3775.5,2.4998E+12,3.8911E-07
3776.5,2.4996E+12,3.8911E-07
3777.5,2.4994E+12,3.89115E-07
3778.5,2.4992E+12,3.8912E-07
3779.5,2.499E+12,3.89125E-07
3780.5,2.4989E+12,3.8913E-07
3781.5,2.4987E+12,3.89135E-07
3782.5,2.4985E+12,3.8914E-07
3783.5,2.4983E+12,3.89145E-07
3784.5,2.4981E+12,3.8915E-07
3785.5,2.4979E+12,3.89155E-07
3786.5,2.4977E+12,3.8916E-07
3787.5,2.4975E+12,3.8916E-07
3788.5,2.4974E+12,3.89165E-07
3789.5,2.4972E+12,3.8917E-07
3790.5,2.497E+12,3.89175E-07
3791.5,2.4968E+12,3.8918E-07
3792.5,2.4966E+12,3.89185E-07
3793.5,2.4964E+12,3.8919E-07
3794.5,2.4962E+12,3.89195E-07
3795.5,2.496E+12,3.892E-07
3796.5,2.4959E+12,3.89205E-07
3797.5,2.4957E+12,3.8921E-07
3798.5,2.4955E+12,3.8921E-07
3799.5,2.4953E+12,3.89215E-07
3800.5,2.4951E+12,3.8922E-07
3801.5,2.4949E+12,3.89225E-07
3802.5,2.4947E+12,3.8923E-07
3803.5,2.4946E+12,3.89235E-07
3804.5,2.4944E+12,3.8924E-07
3805.5,2.4942E+12,3.89245E-07
3806.5,2.494E+12,3.8925E-07
3807.5,2.4938E+12,3.89255E-07
3808.5,2.4936E+12,3.8926E-07
3809.5,2.4934E+12,3.8926E-07
3810.5,2.4933E+12,3.89265E-07
3811.5,2.4931E+12,3.8927E-07
3812.5,2.4929E+12,3.89275E-07
3813.5,2.4927E+12,3.8928E-07
3814.5,2.4925E+12,3.89285E-07
3815.5,2.4923E+12,3.8929E-07
3816.5,2.4921E+12,3.89295E-07
3817.5,2.492E+12,3.893E-07
3818.5,2.4918E+12,3.89305E-07
3819.5,2.4916E+12,3.8931E-07
3820.5,2.4914E+12,3.8931E-07
3821.5,2.4912E+12,3.89315E-07
3822.5,2.491E+12,3.8932E-07
3823.5,2.4909E+12,3.89325E-07
3824.5,2.4907E+12,3.8933E-07
3825.5,2.4905E+12,3.89335E-07
3826.5,2.4903E+12,3.8934E-07
3827.5,2.4901E+12,3.89345E-07
3828.5,2.4899E+12,3.8935E-07
3829.5,2.4897E+12,3.89355E-07
3830.5,2.4896E+12,3.89355E-07
3831.5,2.4894E+12,3.8936E-07
3832.5,2.4892E+12,3.89365E-07
3833.5,2.489E+12,3.8937E-07
3834.5,2.4888E+12,3.89375E-07
3835.5,2.4886E+12,3.8938E-07
3836.5,2.4885E+12,3.89385E-07
3837.5,2.4883E+12,3.8939E-07
3838.5,2.4881E+12,3.89395E-07
3839.5,2.4879E+12,3.894E-07
3840.5,2.4877E+12,3.894E-07
3841.5,2.4875E+12,3.89405E-07
3842.5,2.4874E+12,3.8941E-07
3843.5,2.4872E+12,3.89415E-07
3844.5,2.487E+12,3.8942E-07
3845.5,2.4868E+12,3.89425E-07
3846.5,2.4866E+12,3.8943E-07
3847.5,2.4864E+12,3.89435E-07
3848.5,2.4863E+12,3.8944E-07
3849.5,2.4861E+12,3.89445E-07
3850.5,2.4859E+12,3.89445E-07
3851.5,2.4857E+12,3.8945E-07
3852.5,2.4855E+12,3.89455E-07
3853.5,2.4853E+12,3.8946E-07
3854.5,2.4852E+12,3.89465E-07
3855.5,2.485E+12,3.8947E-07
3856.5,2.4848E+12,3.89475E-07
3857.5,2.4846E+12,3.8948E-07
3858.5,2.4844E+12,3.89485E-07
3859.5,2.4843E+12,3.89485E-07
3860.5,2.4841E+12,3.8949E-07
3861.5,2.4839E+12,3.89495E-07
3862.5,2.4837E+12,3.895E-07
3863.5,2.4835E+12,3.89505E-07
3864.5,2.4833E+12,3.8951E-07
3865.5,2.4832E+12,3.89515E-07
3866.5,2.483E+12,3.8952E-07
3867.5,2.4828E+12,3.89525E-07
3868.5,2.4826E+12,3.8953E-07
3869.5,2.4824E+12,3.8953E-07
3870.5,2.4823E+12,3.89535E-07
3871.5,2.4821E+12,3.8954E-07
3872.5,2.4819E+12,3.89545E-07
3873.5,2.4817E+12,3.8955E-07
3874.5,2.4815E+12,3.89555E-07
3875.5,2.4813E+12,3.8956E-07
3876.5,2.4812E+12,3.89565E-07
3877.5,2.481E+12,3.8957E-07
3878.5,2.4808E+12,3.8957E-07
3879.5,2.4806E+12,3.89575E-07
3880.5,2.4804E+12,3.8958E-07
3881.5,2.4803E+12,3.89585E-07
3882.5,2.4801E+12,3.8959E-07
3883.5,2.4799E+12,3.89595E-07
3884.5,2.4797E+12,3.896E-07
3885.5,2.4795E+12,3.89605E-07
3886.5,2.4794E+12,3.8961E-07
3887.5,2.4792E+12,3.8961E-07
3888.5,2.479E+12,3.89615E-07
3889.5,2.4788E+12,3.8962E-07
3890.5,2.4786E+12,3.89625E-07
3891.5,2.4785E+12,3.8963E-07
3892.5,2.4783E+12,3.89635E-07
3893.5,2.4781E+12,3.8964E-07
3894.5,2.4779E+12,3.89645E-07
3895.5,2.4777E+12,3.89645E-07
3896.5,2.4776E+12,3.8965E-07
3897.5,2.4774E+12,3.89655E-07
3898.5,2.4772E+12,3.8966E-07
3899.5,2.477E+12,3.89665E-07
3900.5,2.4768E+12,3.8967E-07
3901.5,2.4767E+12,3.89675E-07
3902.5,2.4765E+12,3.8968E-07
3903.5,2.4763E+12,3.89685E-07
3904.5,2.4761E+12,3.89685E-07
3905.5,2.4759E+12,3.8969E-07
3906.5,2.4758E+12,3.89695E-07
3907.5,2.4756E+12,3.897E-07
3908.5,2.4754E+12,3.89705E-07
3909.5,2.4752E+12,3.8971E-07
3910.5,2.475E+12,3.89715E-07
3911.5,2.4749E+12,3.8972E-07
3912.5,2.4747E+12,3.89725E-07
3913.5,2.4745E+12,3.89725E-07
3914.5,2.4743E+12,3.8973E-07
3915.5,2.4741E+12,3.89735E-07
3916.5,2.474E+12,3.8974E-07
3917.5,2.4738E+12,3.89745E-07
3918.5,2.4736E+12,3.8975E-07
3919.5,2.4734E+12,3.89755E-07
3920.5,2.4733E+12,3.8976E-07
3921.5,2.4731E+12,3.8976E-07
3922.5,2.4729E+12,3.89765E-07
3923.5,2.4727E+12,3.8977E-07
3924.5,2.4725E+12,3.89775E-07
3925.5,2.4724E+12,3.8978E-07
3926.5,2.4722E+12,3.89785E-07
3927.5,2.472E+12,3.8979E-07
3928.5,2.4718E+12,3.89795E-07
3929.5,2.4717E+12,3.89795E-07
3930.5,2.4715E+12,3.898E-07
3931.5,2.4713E+12,3.89805E-07
3932.5,2.4711E+12,3.8981E-07
3933.5,2.4709E+12,3.89815E-07
3934.5,2.4708E+12,3.8982E-07
3935.5,2.4706E+12,3.89825E-07
3936.5,2.4704E+12,3.8983E-07
3937.5,2.4702E+12,3.8983E-07
3938.5,2.4701E+12,3.89835E-07
3939.5,2.4699E+12,3.8984E-07
3940.5,2.4697E+12,3.89845E-07
3941.5,2.4695E+12,3.8985E-07
3942.5,2.4693E+12,3.89855E-07
3943.5,2.4692E+12,3.8986E-07
3944.5,2.469E+12,3.89865E-07
3945.5,2.4688E+12,3.89865E-07
3946.5,2.4686E+12,3.8987E-07
3947.5,2.4685E+12,3.89875E-07
3948.5,2.4683E+12,3.8988E-07
3949.5,2.4681E+12,3.89885E-07
3950.5,2.4679E+12,3.8989E-07
3951.5,2.4678E+12,3.89895E-07
3952.5,2.4676E+12,3.899E-07
3953.5,2.4674E+12,3.899E-07
3954.5,2.4672E+12,3.89905E-07
3955.5,2.4671E+12,3.8991E-07
3956.5,2.4669E+12,3.89915E-07
3957.5,2.4667E+12,3.8992E-07
3958.5,2.4665E+12,3.89925E-07
3959.5,2.4663E+12,3.8993E-07
3960.5,2.4662E+12,3.89935E-07
3961.5,2.466E+12,3.89935E-07
3962.5,2.4658E+12,3.8994E-07
3963.5,2.4656E+12,3.89945E-07
3964.5,2.4655E+12,3.8995E-07
3965.5,2.4653E+12,3.89955E-07
3966.5,2.4651E+12,3.8996E-07
3967.5,2.4649E+12,3.89965E-07
3968.5,2.4648E+12,3.89965E-07
3969.5,2.4646E+12,3.8997E-07
3970.5,2.4644E+12,3.89975E-07
3971.5,2.4642E+12,3.8998E-07
3972.5,2.4641E+12,3.89985E-07
3973.5,2.4639E+12,3.8999E-07
3974.5,2.4637E+12,3.89995E-07
3975.5,2.4635E+12,0.00000039
3976.5,2.4634E+12,0.00000039
3977.5,2.4632E+12,3.90005E-07
3978.5,2.463E+12,3.9001E-07
3979.5,2.4628E+12,3.90015E-07
3980.5,2.4627E+12,3.9002E-07
3981.5,2.4625E+12,3.90025E-07
3982.5,2.4623E+12,3.9003E-07
3983.5,2.4621E+12,3.9003E-07
3984.5,2.462E+12,3.90035E-07
3985.5,2.4618E+12,3.9004E-07
3986.5,2.4616E+12,3.90045E-07
3987.5,2.4614E+12,3.9005E-07
3988.5,2.4613E+12,3.90055E-07
3989.5,2.4611E+12,3.9006E-07
3990.5,2.4609E+12,3.90065E-07
3991.5,2.4607E+12,3.90065E-07
3992.5,2.4606E+12,3.9007E-07
3993.5,2.4604E+12,3.90075E-07
3994.5,2.4602E+12,3.9008E-07
3995.5,2.4601E+12,3.90085E-07
3996.5,2.4599E+12,3.9009E-07
3997.5,2.4597E+12,3.90095E-07
3998.5,2.4595E+12,3.90095E-07
3999.5,2.4594E+12,3.901E-07
4000.5,2.4592E+12,3.90105E-07
4001.5,2.459E+12,3.9011E-07
4002.5,2.4588E+12,3.90115E-07
4003.5,2.4587E+12,3.9012E-07
4004.5,2.4585E+12,3.90125E-07
4005.5,2.4583E+12,3.90125E-07
4006.5,2.4581E+12,3.9013E-07
4007.5,2.458E+12,3.90135E-07
4008.5,2.4578E+12,3.9014E-07
4009.5,2.4576E+12,3.90145E-07
4010.5,2.4574E+12,3.9015E-07
4011.5,2.4573E+12,3.90155E-07
4012.5,2.4571E+12,3.90155E-07
4013.5,2.4569E+12,3.9016E-07
4014.5,2.4568E+12,3.90165E-07
4015.5,2.4566E+12,3.9017E-07
4016.5,2.4564E+12,3.90175E-07
4017.5,2.4562E+12,3.9018E-07
4018.5,2.4561E+12,3.90185E-07
4019.5,2.4559E+12,3.90185E-07
4020.5,2.4557E+12,3.9019E-07
4021.5,2.4556E+12,3.90195E-07
4022.5,2.4554E+12,3.902E-07
4023.5,2.4552E+12,3.90205E-07
4024.5,2.455E+12,3.9021E-07
4025.5,2.4549E+12,3.90215E-07
4026.5,2.4547E+12,3.90215E-07
4027.5,2.4545E+12,3.9022E-07
4028.5,2.4543E+12,3.90225E-07
4029.5,2.4542E+12,3.9023E-07
4030.5,2.454E+12,3.90235E-07
4031.5,2.4538E+12,3.9024E-07
4032.5,2.4537E+12,3.90245E-07
4033.5,2.4535E+12,3.90245E-07
4034.5,2.4533E+12,3.9025E-07
4035.5,2.4531E+12,3.90255E-07
4036.5,2.453E+12,3.9026E-07
4037.5,2.4528E+12,3.90265E-07
4038.5,2.4526E+12,3.9027E-07
4039.5,2.4525E+12,3.90275E-07
4040.5,2.4523E+12,3.90275E-07
4041.5,2.4521E+12,3.9028E-07
4042.5,2.4519E+12,3.90285E-07
4043.5,2.4518E+12,3.9029E-07
4044.5,2.4516E+12,3.90295E-07
4045.5,2.4514E+12,3.903E-07
4046.5,2.4513E+12,3.903E-07
4047.5,2.4511E+12,3.90305E-07
4048.5,2.4509E+12,3.9031E-07
4049.5,2.4507E+12,3.90315E-07
4050.5,2.4506E+12,3.9032E-07
4051.5,2.4504E+12,3.90325E-07
4052.5,2.4502E+12,3.9033E-07
4053.5,2.4501E+12,3.9033E-07
4054.5,2.4499E+12,3.90335E-07
4055.5,2.4497E+12,3.9034E-07
4056.5,2.4496E+12,3.90345E-07
4057.5,2.4494E+12,3.9035E-07
4058.5,2.4492E+12,3.90355E-07
4059.5,2.449E+12,3.9036E-07
4060.5,2.4489E+12,3.9036E-07
4061.5,2.4487E+12,3.90365E-07
4062.5,2.4485E+12,3.9037E-07
4063.5,2.4484E+12,3.90375E-07
4064.5,2.4482E+12,3.9038E-07
4065.5,2.448E+12,3.90385E-07
4066.5,2.4479E+12,3.90385E-07
4067.5,2.4477E+12,3.9039E-07
4068.5,2.4475E+12,3.90395E-07
4069.5,2.4473E+12,3.904E-07
4070.5,2.4472E+12,3.90405E-07
4071.5,2.447E+12,3.9041E-07
4072.5,2.4468E+12,3.90415E-07
4073.5,2.4467E+12,3.90415E-07
4074.5,2.4465E+12,3.9042E-07
4075.5,2.4463E+12,3.90425E-07
4076.5,2.4462E+12,3.9043E-07
4077.5,2.446E+12,3.90435E-07
4078.5,2.4458E+12,3.9044E-07
4079.5,2.4457E+12,3.9044E-07
4080.5,2.4455E+12,3.90445E-07
4081.5,2.4453E+12,3.9045E-07
4082.5,2.4451E+12,3.90455E-07
4083.5,2.445E+12,3.9046E-07
4084.5,2.4448E+12,3.90465E-07
4085.5,2.4446E+12,3.90465E-07
4086.5,2.4445E+12,3.9047E-07
4087.5,2.4443E+12,3.90475E-07
4088.5,2.4441E+12,3.9048E-07
4089.5,2.444E+12,3.90485E-07
4090.5,2.4438E+12,3.9049E-07
4091.5,2.4436E+12,3.90495E-07
4092.5,2.4435E+12,3.90495E-07
4093.5,2.4433E+12,3.905E-07
4094.5,2.4431E+12,3.90505E-07
4095.5,2.443E+12,3.9051E-07
4096.5,2.4428E+12,3.90515E-07
4097.5,2.4426E+12,3.9052E-07
4098.5,2.4425E+12,3.9052E-07
4099.5,2.4423E+12,3.90525E-07
4100.5,2.4421E+12,3.9053E-07
4101.5,2.4419E+12,3.90535E-07
4102.5,2.4418E+12,3.9054E-07
4103.5,2.4416E+12,3.90545E-07
4104.5,2.4414E+12,3.90545E-07
4105.5,2.4413E+12,3.9055E-07
4106.5,2.4411E+12,3.90555E-07
4107.5,2.4409E+12,3.9056E-07
4108.5,2.4408E+12,3.90565E-07
4109.5,2.4406E+12,3.9057E-07
4110.5,2.4404E+12,3.9057E-07
4111.5,2.4403E+12,3.90575E-07
4112.5,2.4401E+12,3.9058E-07
4113.5,2.4399E+12,3.90585E-07
4114.5,2.4398E+12,3.9059E-07
4115.5,2.4396E+12,3.90595E-07
4116.5,2.4394E+12,3.90595E-07
4117.5,2.4393E+12,3.906E-07
4118.5,2.4391E+12,3.90605E-07
4119.5,2.4389E+12,3.9061E-07
4120.5,2.4388E+12,3.90615E-07
4121.5,2.4386E+12,3.9062E-07
4122.5,2.4384E+12,3.90625E-07
4123.5,2.4383E+12,3.90625E-07
4124.5,2.4381E+12,3.9063E-07
4125.5,2.4379E+12,3.90635E-07
4126.5,2.4378E+12,3.9064E-07
4127.5,2.4376E+12,3.90645E-07
4128.5,2.4374E+12,3.9065E-07
4129.5,2.4373E+12,3.9065E-07
4130.5,2.4371E+12,3.90655E-07
4131.5,2.4369E+12,3.9066E-07
4132.5,2.4368E+12,3.90665E-07
4133.5,2.4366E+12,3.9067E-07
4134.5,2.4364E+12,3.9067E-07
4135.5,2.4363E+12,3.90675E-07
4136.5,2.4361E+12,3.9068E-07
4137.5,2.4359E+12,3.90685E-07
4138.5,2.4358E+12,3.9069E-07
4139.5,2.4356E+12,3.90695E-07
4140.5,2.4354E+12,3.90695E-07
4141.5,2.4353E+12,3.907E-07
4142.5,2.4351E+12,3.90705E-07
4143.5,2.435E+12,3.9071E-07
4144.5,2.4348E+12,3.90715E-07
4145.5,2.4346E+12,3.9072E-07
4146.5,2.4345E+12,3.9072E-07
4147.5,2.4343E+12,3.90725E-07
4148.5,2.4341E+12,3.9073E-07
4149.5,2.434E+12,3.90735E-07
4150.5,2.4338E+12,3.9074E-07
4151.5,2.4336E+12,3.90745E-07
4152.5,2.4335E+12,3.90745E-07
4153.5,2.4333E+12,3.9075E-07
4154.5,2.4331E+12,3.90755E-07
4155.5,2.433E+12,3.9076E-07
4156.5,2.4328E+12,3.90765E-07
4157.5,2.4326E+12,3.9077E-07
4158.5,2.4325E+12,3.9077E-07
4159.5,2.4323E+12,3.90775E-07
4160.5,2.4321E+12,3.9078E-07
4161.5,2.432E+12,3.90785E-07
4162.5,2.4318E+12,3.9079E-07
4163.5,2.4317E+12,3.90795E-07
4164.5,2.4315E+12,3.90795E-07
4165.5,2.4313E+12,3.908E-07
4166.5,2.4312E+12,3.90805E-07
4167.5,2.431E+12,3.9081E-07
4168.5,2.4308E+12,3.90815E-07
4169.5,2.4307E+12,3.90815E-07
4170.5,2.4305E+12,3.9082E-07
4171.5,2.4303E+12,3.90825E-07
4172.5,2.4302E+12,3.9083E-07
4173.5,2.43E+12,3.90835E-07
4174.5,2.4298E+12,3.9084E-07
4175.5,2.4297E+12,3.9084E-07
4176.5,2.4295E+12,3.90845E-07
4177.5,2.4294E+12,3.9085E-07
4178.5,2.4292E+12,3.90855E-07
4179.5,2.429E+12,3.9086E-07
4180.5,2.4289E+12,3.90865E-07
4181.5,2.4287E+12,3.90865E-07
4182.5,2.4285E+12,3.9087E-07
4183.5,2.4284E+12,3.90875E-07
4184.5,2.4282E+12,3.9088E-07
4185.5,2.428E+12,3.90885E-07
4186.5,2.4279E+12,3.90885E-07
4187.5,2.4277E+12,3.9089E-07
4188.5,2.4276E+12,3.90895E-07
4189.5,2.4274E+12,3.909E-07
4190.5,2.4272E+12,3.90905E-07
4191.5,2.4271E+12,3.9091E-07
4192.5,2.4269E+12,3.9091E-07
4193.5,2.4267E+12,3.90915E-07
4194.5,2.4266E+12,3.9092E-07
4195.5,2.4264E+12,3.90925E-07
4196.5,2.4263E+12,3.9093E-07
4197.5,2.4261E+12,3.9093E-07
4198.5,2.4259E+12,3.90935E-07
4199.5,2.4258E+12,3.9094E-07
4200.5,2.4256E+12,3.90945E-07
4201.5,2.4254E+12,3.9095E-07
4202.5,2.4253E+12,3.90955E-07
4203.5,2.4251E+12,3.90955E-07
4204.5,2.425E+12,3.9096E-07
4205.5,2.4248E+12,3.90965E-07
4206.5,2.4246E+12,3.9097E-07
4207.5,2.4245E+12,3.90975E-07
4208.5,2.4243E+12,3.90975E-07
4209.5,2.4241E+12,3.9098E-07
4210.5,2.424E+12,3.90985E-07
4211.5,2.4238E+12,3.9099E-07
4212.5,2.4237E+12,3.90995E-07
4213.5,2.4235E+12,0.000000391
4214.5,2.4233E+12,0.000000391
4215.5,2.4232E+12,3.91005E-07
4216.5,2.423E+12,3.9101E-07
4217.5,2.4229E+12,3.91015E-07
4218.5,2.4227E+12,3.9102E-07
4219.5,2.4225E+12,3.9102E-07
4220.5,2.4224E+12,3.91025E-07
4221.5,2.4222E+12,3.9103E-07
4222.5,2.422E+12,3.91035E-07
4223.5,2.4219E+12,3.9104E-07
4224.5,2.4217E+12,3.9104E-07
4225.5,2.4216E+12,3.91045E-07
4226.5,2.4214E+12,3.9105E-07
4227.5,2.4212E+12,3.91055E-07
4228.5,2.4211E+12,3.9106E-07
4229.5,2.4209E+12,3.91065E-07
4230.5,2.4208E+12,3.91065E-07
4231.5,2.4206E+12,3.9107E-07
4232.5,2.4204E+12,3.91075E-07
4233.5,2.4203E+12,3.9108E-07
4234.5,2.4201E+12,3.91085E-07
4235.5,2.42E+12,3.91085E-07
4236.5,2.4198E+12,3.9109E-07
4237.5,2.4196E+12,3.91095E-07
4238.5,2.4195E+12,3.911E-07
4239.5,2.4193E+12,3.91105E-07
4240.5,2.4192E+12,3.91105E-07
4241.5,2.419E+12,3.9111E-07
4242.5,2.4188E+12,3.91115E-07
4243.5,2.4187E+12,3.9112E-07
4244.5,2.4185E+12,3.91125E-07
4245.5,2.4184E+12,3.9113E-07
4246.5,2.4182E+12,3.9113E-07
4247.5,2.418E+12,3.91135E-07
4248.5,2.4179E+12,3.9114E-07
4249.5,2.4177E+12,3.91145E-07
4250.5,2.4176E+12,3.9115E-07
4251.5,2.4174E+12,3.9115E-07
4252.5,2.4172E+12,3.91155E-07
4253.5,2.4171E+12,3.9116E-07
4254.5,2.4169E+12,3.91165E-07
4255.5,2.4168E+12,3.9117E-07
4256.5,2.4166E+12,3.9117E-07
4257.5,2.4164E+12,3.91175E-07
4258.5,2.4163E+12,3.9118E-07
4259.5,2.4161E+12,3.91185E-07
4260.5,2.416E+12,3.9119E-07
4261.5,2.4158E+12,3.9119E-07
4262.5,2.4156E+12,3.91195E-07
4263.5,2.4155E+12,3.912E-07
4264.5,2.4153E+12,3.91205E-07
4265.5,2.4152E+12,3.9121E-07
4266.5,2.415E+12,3.9121E-07
4267.5,2.4148E+12,3.91215E-07
4268.5,2.4147E+12,3.9122E-07
4269.5,2.4145E+12,3.91225E-07
4270.5,2.4144E+12,3.9123E-07
4271.5,2.4142E+12,3.9123E-07
4272.5,2.414E+12,3.91235E-07
4273.5,2.4139E+12,3.9124E-07
4274.5,2.4137E+12,3.91245E-07
4275.5,2.4136E+12,3.9125E-07
4276.5,2.4134E+12,3.9125E-07
4277.5,2.4133E+12,3.91255E-07
4278.5,2.4131E+12,3.9126E-07
4279.5,2.4129E+12,3.91265E-07
4280.5,2.4128E+12,3.9127E-07
4281.5,2.4126E+12,3.9127E-07
4282.5,2.4125E+12,3.91275E-07
4283.5,2.4123E+12,3.9128E-07
4284.5,2.4121E+12,3.91285E-07
4285.5,2.412E+12,3.9129E-07
4286.5,2.4118E+12,3.9129E-07
4287.5,2.4117E+12,3.91295E-07
4288.5,2.4115E+12,3.913E-07
4289.5,2.4114E+12,3.91305E-07
4290.5,2.4112E+12,3.9131E-07
4291.5,2.411E+12,3.9131E-07
4292.5,2.4109E+12,3.91315E-07
4293.5,2.4107E+12,3.9132E-07
4294.5,2.4106E+12,3.91325E-07
4295.5,2.4104E+12,3.9133E-07
4296.5,2.4103E+12,3.9133E-07
4297.5,2.4101E+12,3.91335E-07
4298.5,2.4099E+12,3.9134E-07
4299.5,2.4098E+12,3.91345E-07
4300.5,2.4096E+12,3.9135E-07
4301.5,2.4095E+12,3.9135E-07
4302.5,2.4093E+12,3.91355E-07
4303.5,2.4091E+12,3.9136E-07
4304.5,2.409E+12,3.91365E-07
4305.5,2.4088E+12,3.9137E-07
4306.5,2.4087E+12,3.9137E-07
4307.5,2.4085E+12,3.91375E-07
4308.5,2.4084E+12,3.9138E-07
4309.5,2.4082E+12,3.91385E-07
4310.5,2.4081E+12,3.9139E-07
4311.5,2.4079E+12,3.9139E-07
4312.5,2.4077E+12,3.91395E-07
4313.5,2.4076E+12,3.914E-07
4314.5,2.4074E+12,3.91405E-07
4315.5,2.4073E+12,3.9141E-07
4316.5,2.4071E+12,3.9141E-07
4317.5,2.407E+12,3.91415E-07
4318.5,2.4068E+12,3.9142E-07
4319.5,2.4066E+12,3.91425E-07
4320.5,2.4065E+12,3.9143E-07
4321.5,2.4063E+12,3.9143E-07
4322.5,2.4062E+12,3.91435E-07
4323.5,2.406E+12,3.9144E-07
4324.5,2.4059E+12,3.91445E-07
4325.5,2.4057E+12,3.9145E-07
4326.5,2.4055E+12,3.9145E-07
4327.5,2.4054E+12,3.91455E-07
4328.5,2.4052E+12,3.9146E-07
4329.5,2.4051E+12,3.91465E-07
4330.5,2.4049E+12,3.9147E-07
4331.5,2.4048E+12,3.9147E-07
4332.5,2.4046E+12,3.91475E-07
4333.5,2.4045E+12,3.9148E-07
4334.5,2.4043E+12,3.91485E-07
4335.5,2.4041E+12,3.91485E-07
4336.5,2.404E+12,3.9149E-07
4337.5,2.4038E+12,3.91495E-07
4338.5,2.4037E+12,3.915E-07
4339.5,2.4035E+12,3.91505E-07
4340.5,2.4034E+12,3.91505E-07
4341.5,2.4032E+12,3.9151E-07
4342.5,2.4031E+12,3.91515E-07
4343.5,2.4029E+12,3.9152E-07
4344.5,2.4027E+12,3.91525E-07
4345.5,2.4026E+12,3.91525E-07
4346.5,2.4024E+12,3.9153E-07
4347.5,2.4023E+12,3.91535E-07
4348.5,2.4021E+12,3.9154E-07
4349.5,2.402E+12,3.91545E-07
4350.5,2.4018E+12,3.91545E-07
4351.5,2.4017E+12,3.9155E-07
4352.5,2.4015E+12,3.91555E-07
4353.5,2.4014E+12,3.9156E-07
4354.5,2.4012E+12,3.9156E-07
4355.5,2.401E+12,3.91565E-07
4356.5,2.4009E+12,3.9157E-07
4357.5,2.4007E+12,3.91575E-07
4358.5,2.4006E+12,3.9158E-07
4359.5,2.4004E+12,3.9158E-07
4360.5,2.4003E+12,3.91585E-07
4361.5,2.4001E+12,3.9159E-07
4362.5,2.4E+12,3.91595E-07
4363.5,2.3998E+12,3.916E-07
4364.5,2.3997E+12,3.916E-07
4365.5,2.3995E+12,3.91605E-07
4366.5,2.3993E+12,3.9161E-07
4367.5,2.3992E+12,3.91615E-07
4368.5,2.399E+12,3.91615E-07
4369.5,2.3989E+12,3.9162E-07
4370.5,2.3987E+12,3.91625E-07
4371.5,2.3986E+12,3.9163E-07
4372.5,2.3984E+12,3.91635E-07
4373.5,2.3983E+12,3.91635E-07
4374.5,2.3981E+12,3.9164E-07
4375.5,2.398E+12,3.91645E-07
4376.5,2.3978E+12,3.9165E-07
4377.5,2.3977E+12,3.91655E-07
4378.5,2.3975E+12,3.91655E-07
4379.5,2.3973E+12,3.9166E-07
4380.5,2.3972E+12,3.91665E-07
4381.5,2.397E+12,3.9167E-07
4382.5,2.3969E+12,3.9167E-07
4383.5,2.3967E+12,3.91675E-07
4384.5,2.3966E+12,3.9168E-07
4385.5,2.3964E+12,3.91685E-07
4386.5,2.3963E+12,3.9169E-07
4387.5,2.3961E+12,3.9169E-07
4388.5,2.396E+12,3.91695E-07
4389.5,2.3958E+12,3.917E-07
4390.5,2.3957E+12,3.91705E-07
4391.5,2.3955E+12,3.91705E-07
4392.5,2.3954E+12,3.9171E-07
4393.5,2.3952E+12,3.91715E-07
4394.5,2.395E+12,3.9172E-07
4395.5,2.3949E+12,3.91725E-07
4396.5,2.3947E+12,3.91725E-07
4397.5,2.3946E+12,3.9173E-07
4398.5,2.3944E+12,3.91735E-07
4399.5,2.3943E+12,3.9174E-07
4400.5,2.3941E+12,3.9174E-07
4401.5,2.394E+12,3.91745E-07
4402.5,2.3938E+12,3.9175E-07
4403.5,2.3937E+12,3.91755E-07
4404.5,2.3935E+12,3.9176E-07
4405.5,2.3934E+12,3.9176E-07
4406.5,2.3932E+12,3.91765E-07
4407.5,2.3931E+12,3.9177E-07
4408.5,2.3929E+12,3.91775E-07
4409.5,2.3928E+12,3.91775E-07
4410.5,2.3926E+12,3.9178E-07
4411.5,2.3925E+12,3.91785E-07
4412.5,2.3923E+12,3.9179E-07
4413.5,2.3922E+12,3.91795E-07
4414.5,2.392E+12,3.91795E-07
4415.5,2.3918E+12,3.918E-07
4416.5,2.3917E+12,3.91805E-07
4417.5,2.3915E+12,3.9181E-07
4418.5,2.3914E+12,3.9181E-07
4419.5,2.3912E+12,3.91815E-07
4420.5,2.3911E+12,3.9182E-07
4421.5,2.3909E+12,3.91825E-07
4422.5,2.3908E+12,3.9183E-07
4423.5,2.3906E+12,3.9183E-07
4424.5,2.3905E+12,3.91835E-07
4425.5,2.3903E+12,3.9184E-07
4426.5,2.3902E+12,3.91845E-07
4427.5,2.39E+12,3.91845E-07
4428.5,2.3899E+12,3.9185E-07
4429.5,2.3897E+12,3.91855E-07
4430.5,2.3896E+12,3.9186E-07
4431.5,2.3894E+12,3.91865E-07
4432.5,2.3893E+12,3.91865E-07
4433.5,2.3891E+12,3.9187E-07
4434.5,2.389E+12,3.91875E-07
4435.5,2.3888E+12,3.9188E-07
4436.5,2.3887E+12,3.9188E-07
4437.5,2.3885E+12,3.91885E-07
4438.5,2.3884E+12,3.9189E-07
4439.5,2.3882E+12,3.91895E-07
4440.5,2.3881E+12,3.91895E-07
4441.5,2.3879E+12,3.919E-07
4442.5,2.3878E+12,3.91905E-07
4443.5,2.3876E+12,3.9191E-07
4444.5,2.3875E+12,3.91915E-07
4445.5,2.3873E+12,3.91915E-07
4446.5,2.3872E+12,3.9192E-07
4447.5,2.387E+12,3.91925E-07
4448.5,2.3869E+12,3.9193E-07
4449.5,2.3867E+12,3.9193E-07
4450.5,2.3866E+12,3.91935E-07
4451.5,2.3864E+12,3.9194E-07
4452.5,2.3863E+12,3.91945E-07
4453.5,2.3861E+12,3.9195E-07
4454.5,2.386E+12,3.9195E-07
4455.5,2.3858E+12,3.91955E-07
4456.5,2.3857E+12,3.9196E-07
4457.5,2.3855E+12,3.91965E-07
4458.5,2.3854E+12,3.91965E-07
4459.5,2.3852E+12,3.9197E-07
4460.5,2.3851E+12,3.91975E-07
4461.5,2.3849E+12,3.9198E-07
4462.5,2.3848E+12,3.9198E-07
4463.5,2.3846E+12,3.91985E-07
4464.5,2.3845E+12,3.9199E-07
4465.5,2.3843E+12,3.91995E-07
4466.5,2.3842E+12,3.91995E-07
4467.5,2.384E+12,0.000000392
4468.5,2.3839E+12,3.92005E-07
4469.5,2.3837E+12,3.9201E-07
4470.5,2.3836E+12,3.92015E-07
4471.5,2.3834E+12,3.92015E-07
4472.5,2.3833E+12,3.9202E-07
4473.5,2.3831E+12,3.92025E-07
4474.5,2.383E+12,3.9203E-07
4475.5,2.3828E+12,3.9203E-07
4476.5,2.3827E+12,3.92035E-07
4477.5,2.3825E+12,3.9204E-07
4478.5,2.3824E+12,3.92045E-07
4479.5,2.3822E+12,3.92045E-07
4480.5,2.3821E+12,3.9205E-07
4481.5,2.3819E+12,3.92055E-07
4482.5,2.3818E+12,3.9206E-07
4483.5,2.3816E+12,3.9206E-07
4484.5,2.3815E+12,3.92065E-07
4485.5,2.3813E+12,3.9207E-07
4486.5,2.3812E+12,3.92075E-07
4487.5,2.381E+12,3.9208E-07
4488.5,2.3809E+12,3.9208E-07
4489.5,2.3807E+12,3.92085E-07
4490.5,2.3806E+12,3.9209E-07
4491.5,2.3804E+12,3.92095E-07
4492.5,2.3803E+12,3.92095E-07
4493.5,2.3801E+12,3.921E-07
4494.5,2.38E+12,3.92105E-07
4495.5,2.3799E+12,3.9211E-07
4496.5,2.3797E+12,3.9211E-07
4497.5,2.3796E+12,3.92115E-07
4498.5,2.3794E+12,3.9212E-07
4499.5,2.3793E+12,3.92125E-07
4500.5,2.3791E+12,3.92125E-07
4501.5,2.379E+12,3.9213E-07
4502.5,2.3788E+12,3.92135E-07
4503.5,2.3787E+12,3.9214E-07
4504.5,2.3785E+12,3.9214E-07
4505.5,2.3784E+12,3.92145E-07
4506.5,2.3782E+12,3.9215E-07
4507.5,2.3781E+12,3.92155E-07
4508.5,2.3779E+12,3.9216E-07
4509.5,2.3778E+12,3.9216E-07
4510.5,2.3776E+12,3.92165E-07
4511.5,2.3775E+12,3.9217E-07
4512.5,2.3773E+12,3.92175E-07
4513.5,2.3772E+12,3.92175E-07
4514.5,2.377E+12,3.9218E-07
4515.5,2.3769E+12,3.92185E-07
4516.5,2.3767E+12,3.9219E-07
4517.5,2.3766E+12,3.9219E-07
4518.5,2.3765E+12,3.92195E-07
4519.5,2.3763E+12,3.922E-07
4520.5,2.3762E+12,3.92205E-07
4521.5,2.376E+12,3.92205E-07
4522.5,2.3759E+12,3.9221E-07
4523.5,2.3757E+12,3.92215E-07
4524.5,2.3756E+12,3.9222E-07
4525.5,2.3754E+12,3.9222E-07
4526.5,2.3753E+12,3.92225E-07
4527.5,2.3751E+12,3.9223E-07
4528.5,2.375E+12,3.92235E-07
4529.5,2.3748E+12,3.92235E-07
4530.5,2.3747E+12,3.9224E-07
4531.5,2.3745E+12,3.92245E-07
4532.5,2.3744E+12,3.9225E-07
4533.5,2.3743E+12,3.9225E-07
4534.5,2.3741E+12,3.92255E-07
4535.5,2.374E+12,3.9226E-07
4536.5,2.3738E+12,3.92265E-07
4537.5,2.3737E+12,3.92265E-07
4538.5,2.3735E+12,3.9227E-07
4539.5,2.3734E+12,3.92275E-07
4540.5,2.3732E+12,3.9228E-07
4541.5,2.3731E+12,3.9228E-07
4542.5,2.3729E+12,3.92285E-07
4543.5,2.3728E+12,3.9229E-07
4544.5,2.3726E+12,3.92295E-07
4545.5,2.3725E+12,3.92295E-07
4546.5,2.3724E+12,3.923E-07
4547.5,2.3722E+12,3.92305E-07
4548.5,2.3721E+12,3.9231E-07
4549.5,2.3719E+12,3.92315E-07
4550.5,2.3718E+12,3.92315E-07
4551.5,2.3716E+12,3.9232E-07
4552.5,2.3715E+12,3.92325E-07
4553.5,2.3713E+12,3.9233E-07
4554.5,2.3712E+12,3.9233E-07
4555.5,2.371E+12,3.92335E-07
4556.5,2.3709E+12,3.9234E-07
4557.5,2.3707E+12,3.92345E-07
4558.5,2.3706E+12,3.92345E-07
4559.5,2.3705E+12,3.9235E-07
4560.5,2.3703E+12,3.92355E-07
4561.5,2.3702E+12,3.9236E-07
4562.5,2.37E+12,3.9236E-07
4563.5,2.3699E+12,3.92365E-07
4564.5,2.3697E+12,3.9237E-07
4565.5,2.3696E+12,3.92375E-07
4566.5,2.3694E+12,3.92375E-07
4567.5,2.3693E+12,3.9238E-07
4568.5,2.3692E+12,3.92385E-07
4569.5,2.369E+12,3.9239E-07
4570.5,2.3689E+12,3.9239E-07
4571.5,2.3687E+12,3.92395E-07
4572.5,2.3686E+12,3.924E-07
4573.5,2.3684E+12,3.924E-07
4574.5,2.3683E+12,3.92405E-07
4575.5,2.3681E+12,3.9241E-07
4576.5,2.368E+12,3.92415E-07
4577.5,2.3678E+12,3.92415E-07
4578.5,2.3677E+12,3.9242E-07
4579.5,2.3676E+12,3.92425E-07
4580.5,2.3674E+12,3.9243E-07
4581.5,2.3673E+12,3.9243E-07
4582.5,2.3671E+12,3.92435E-07
4583.5,2.367E+12,3.9244E-07
4584.5,2.3668E+12,3.92445E-07
4585.5,2.3667E+12,3.92445E-07
4586.5,2.3665E+12,3.9245E-07
4587.5,2.3664E+12,3.92455E-07
4588.5,2.3663E+12,3.9246E-07
4589.5,2.3661E+12,3.9246E-07
4590.5,2.366E+12,3.92465E-07
4591.5,2.3658E+12,3.9247E-07
4592.5,2.3657E+12,3.92475E-07
4593.5,2.3655E+12,3.92475E-07
4594.5,2.3654E+12,3.9248E-07
4595.5,2.3653E+12,3.92485E-07
4596.5,2.3651E+12,3.9249E-07
4597.5,2.365E+12,3.9249E-07
4598.5,2.3648E+12,3.92495E-07
4599.5,2.3647E+12,3.925E-07
4600.5,2.3645E+12,3.92505E-07
4601.5,2.3644E+12,3.92505E-07
4602.5,2.3642E+12,3.9251E-07
4603.5,2.3641E+12,3.92515E-07
4604.5,2.364E+12,3.9252E-07
4605.5,2.3638E+12,3.9252E-07
4606.5,2.3637E+12,3.92525E-07
4607.5,2.3635E+12,3.9253E-07
4608.5,2.3634E+12,3.92535E-07
4609.5,2.3632E+12,3.92535E-07
4610.5,2.3631E+12,3.9254E-07
4611.5,2.363E+12,3.92545E-07
4612.5,2.3628E+12,3.9255E-07
4613.5,2.3627E+12,3.9255E-07
4614.5,2.3625E+12,3.92555E-07
4615.5,2.3624E+12,3.9256E-07
4616.5,2.3622E+12,3.9256E-07
4617.5,2.3621E+12,3.92565E-07
4618.5,2.362E+12,3.9257E-07
4619.5,2.3618E+12,3.92575E-07
4620.5,2.3617E+12,3.92575E-07
4621.5,2.3615E+12,3.9258E-07
4622.5,2.3614E+12,3.92585E-07
4623.5,2.3612E+12,3.9259E-07
4624.5,2.3611E+12,3.9259E-07
4625.5,2.361E+12,3.92595E-07
4626.5,2.3608E+12,3.926E-07
4627.5,2.3607E+12,3.92605E-07
4628.5,2.3605E+12,3.92605E-07
4629.5,2.3604E+12,3.9261E-07
4630.5,2.3602E+12,3.92615E-07
4631.5,2.3601E+12,3.9262E-07
4632.5,2.36E+12,3.9262E-07
4633.5,2.3598E+12,3.92625E-07
4634.5,2.3597E+12,3.9263E-07
4635.5,2.3595E+12,3.92635E-07
4636.5,2.3594E+12,3.92635E-07
4637.5,2.3592E+12,3.9264E-07
4638.5,2.3591E+12,3.92645E-07
4639.5,2.359E+12,3.92645E-07
4640.5,2.3588E+12,3.9265E-07
4641.5,2.3587E+12,3.92655E-07
4642.5,2.3585E+12,3.9266E-07
4643.5,2.3584E+12,3.9266E-07
4644.5,2.3583E+12,3.92665E-07
4645.5,2.3581E+12,3.9267E-07
4646.5,2.358E+12,3.92675E-07
4647.5,2.3578E+12,3.92675E-07
4648.5,2.3577E+12,3.9268E-07
4649.5,2.3575E+12,3.92685E-07
4650.5,2.3574E+12,3.9269E-07
4651.5,2.3573E+12,3.9269E-07
4652.5,2.3571E+12,3.92695E-07
4653.5,2.357E+12,3.927E-07
4654.5,2.3568E+12,3.92705E-07
4655.5,2.3567E+12,3.92705E-07
4656.5,2.3566E+12,3.9271E-07
4657.5,2.3564E+12,3.92715E-07
4658.5,2.3563E+12,3.92715E-07
4659.5,2.3561E+12,3.9272E-07
4660.5,2.356E+12,3.92725E-07
4661.5,2.3558E+12,3.9273E-07
4662.5,2.3557E+12,3.9273E-07
4663.5,2.3556E+12,3.92735E-07
4664.5,2.3554E+12,3.9274E-07
4665.5,2.3553E+12,3.92745E-07
4666.5,2.3551E+12,3.92745E-07
4667.5,2.355E+12,3.9275E-07
4668.5,2.3549E+12,3.92755E-07
4669.5,2.3547E+12,3.9276E-07
4670.5,2.3546E+12,3.9276E-07
4671.5,2.3544E+12,3.92765E-07
4672.5,2.3543E+12,3.9277E-07
4673.5,2.3542E+12,3.9277E-07
4674.5,2.354E+12,3.92775E-07
4675.5,2.3539E+12,3.9278E-07
4676.5,2.3537E+12,3.92785E-07
4677.5,2.3536E+12,3.92785E-07
4678.5,2.3535E+12,3.9279E-07
4679.5,2.3533E+12,3.92795E-07
4680.5,2.3532E+12,3.928E-07
4681.5,2.353E+12,3.928E-07
4682.5,2.3529E+12,3.92805E-07
4683.5,2.3528E+12,3.9281E-07
4684.5,2.3526E+12,3.9281E-07
4685.5,2.3525E+12,3.92815E-07
4686.5,2.3523E+12,3.9282E-07
4687.5,2.3522E+12,3.92825E-07
4688.5,2.3521E+12,3.92825E-07
4689.5,2.3519E+12,3.9283E-07
4690.5,2.3518E+12,3.92835E-07
4691.5,2.3516E+12,3.9284E-07
4692.5,2.3515E+12,3.9284E-07
4693.5,2.3514E+12,3.92845E-07
4694.5,2.3512E+12,3.9285E-07
4695.5,2.3511E+12,3.9285E-07
4696.5,2.3509E+12,3.92855E-07
4697.5,2.3508E+12,3.9286E-07
4698.5,2.3507E+12,3.92865E-07
4699.5,2.3505E+12,3.92865E-07
4700.5,2.3504E+12,3.9287E-07
4701.5,2.3502E+12,3.92875E-07
4702.5,2.3501E+12,3.9288E-07
4703.5,2.35E+12,3.9288E-07
4704.5,2.3498E+12,3.92885E-07
4705.5,2.3497E+12,3.9289E-07
4706.5,2.3495E+12,3.9289E-07
4707.5,2.3494E+12,3.92895E-07
4708.5,2.3493E+12,3.929E-07
4709.5,2.3491E+12,3.92905E-07
4710.5,2.349E+12,3.92905E-07
4711.5,2.3488E+12,3.9291E-07
4712.5,2.3487E+12,3.92915E-07
4713.5,2.3486E+12,3.9292E-07
4714.5,2.3484E+12,3.9292E-07
4715.5,2.3483E+12,3.92925E-07
4716.5,2.3482E+12,3.9293E-07
4717.5,2.348E+12,3.9293E-07
4718.5,2.3479E+12,3.92935E-07
4719.5,2.3477E+12,3.9294E-07
4720.5,2.3476E+12,3.92945E-07
4721.5,2.3475E+12,3.92945E-07
4722.5,2.3473E+12,3.9295E-07
4723.5,2.3472E+12,3.92955E-07
4724.5,2.347E+12,3.92955E-07
4725.5,2.3469E+12,3.9296E-07
4726.5,2.3468E+12,3.92965E-07
4727.5,2.3466E+12,3.9297E-07
4728.5,2.3465E+12,3.9297E-07
4729.5,2.3463E+12,3.92975E-07
4730.5,2.3462E+12,3.9298E-07
4731.5,2.3461E+12,3.92985E-07
4732.5,2.3459E+12,3.92985E-07
4733.5,2.3458E+12,3.9299E-07
4734.5,2.3457E+12,3.92995E-07
4735.5,2.3455E+12,3.92995E-07
4736.5,2.3454E+12,0.000000393
4737.5,2.3452E+12,3.93005E-07
4738.5,2.3451E+12,3.9301E-07
4739.5,2.345E+12,3.9301E-07
4740.5,2.3448E+12,3.93015E-07
4741.5,2.3447E+12,3.9302E-07
4742.5,2.3446E+12,3.9302E-07
4743.5,2.3444E+12,3.93025E-07
4744.5,2.3443E+12,3.9303E-07
4745.5,2.3441E+12,3.93035E-07
4746.5,2.344E+12,3.93035E-07
4747.5,2.3439E+12,3.9304E-07
4748.5,2.3437E+12,3.93045E-07
4749.5,2.3436E+12,3.9305E-07
4750.5,2.3435E+12,3.9305E-07
4751.5,2.3433E+12,3.93055E-07
4752.5,2.3432E+12,3.9306E-07
4753.5,2.343E+12,3.9306E-07
4754.5,2.3429E+12,3.93065E-07
4755.5,2.3428E+12,3.9307E-07
4756.5,2.3426E+12,3.93075E-07
4757.5,2.3425E+12,3.93075E-07
4758.5,2.3424E+12,3.9308E-07
4759.5,2.3422E+12,3.93085E-07
4760.5,2.3421E+12,3.93085E-07
4761.5,2.3419E+12,3.9309E-07
4762.5,2.3418E+12,3.93095E-07
4763.5,2.3417E+12,3.931E-07
4764.5,2.3415E+12,3.931E-07
4765.5,2.3414E+12,3.93105E-07
4766.5,2.3413E+12,3.9311E-07
4767.5,2.3411E+12,3.9311E-07
4768.5,2.341E+12,3.93115E-07
4769.5,2.3408E+12,3.9312E-07
4770.5,2.3407E+12,3.93125E-07
4771.5,2.3406E+12,3.93125E-07
4772.5,2.3404E+12,3.9313E-07
4773.5,2.3403E+12,3.93135E-07
4774.5,2.3402E+12,3.93135E-07
4775.5,2.34E+12,3.9314E-07
4776.5,2.3399E+12,3.93145E-07
4777.5,2.3398E+12,3.9315E-07
4778.5,2.3396E+12,3.9315E-07
4779.5,2.3395E+12,3.93155E-07
4780.5,2.3393E+12,3.9316E-07
4781.5,2.3392E+12,3.9316E-07
4782.5,2.3391E+12,3.93165E-07
4783.5,2.3389E+12,3.9317E-07
4784.5,2.3388E+12,3.93175E-07
4785.5,2.3387E+12,3.93175E-07
4786.5,2.3385E+12,3.9318E-07
4787.5,2.3384E+12,3.93185E-07
4788.5,2.3383E+12,3.93185E-07
4789.5,2.3381E+12,3.9319E-07
4790.5,2.338E+12,3.93195E-07
4791.5,2.3378E+12,3.932E-07
4792.5,2.3377E+12,3.932E-07
4793.5,2.3376E+12,3.93205E-07
4794.5,2.3374E+12,3.9321E-07
4795.5,2.3373E+12,3.9321E-07
4796.5,2.3372E+12,3.93215E-07
4797.5,2.337E+12,3.9322E-07
4798.5,2.3369E+12,3.93225E-07
4799.5,2.3368E+12,3.93225E-07
4800.5,2.3366E+12,3.9323E-07
4801.5,2.3365E+12,3.93235E-07
4802.5,2.3364E+12,3.93235E-07
4803.5,2.3362E+12,3.9324E-07
4804.5,2.3361E+12,3.93245E-07
4805.5,2.3359E+12,3.9325E-07
4806.5,2.3358E+12,3.9325E-07
4807.5,2.3357E+12,3.93255E-07
4808.5,2.3355E+12,3.9326E-07
4809.5,2.3354E+12,3.9326E-07
4810.5,2.3353E+12,3.93265E-07
4811.5,2.3351E+12,3.9327E-07
4812.5,2.335E+12,3.9327E-07
4813.5,2.3349E+12,3.93275E-07
4814.5,2.3347E+12,3.9328E-07
4815.5,2.3346E+12,3.93285E-07
4816.5,2.3345E+12,3.93285E-07
4817.5,2.3343E+12,3.9329E-07
4818.5,2.3342E+12,3.93295E-07
4819.5,2.3341E+12,3.93295E-07
4820.5,2.3339E+12,3.933E-07
4821.5,2.3338E+12,3.93305E-07
4822.5,2.3336E+12,3.9331E-07
4823.5,2.3335E+12,3.9331E-07
4824.5,2.3334E+12,3.93315E-07
4825.5,2.3332E+12,3.9332E-07
4826.5,2.3331E+12,3.9332E-07
4827.5,2.333E+12,3.93325E-07
4828.5,2.3328E+12,3.9333E-07
4829.5,2.3327E+12,3.93335E-07
4830.5,2.3326E+12,3.93335E-07
4831.5,2.3324E+12,3.9334E-07
4832.5,2.3323E+12,3.93345E-07
4833.5,2.3322E+12,3.93345E-07
4834.5,2.332E+12,3.9335E-07
4835.5,2.3319E+12,3.93355E-07
4836.5,2.3318E+12,3.93355E-07
4837.5,2.3316E+12,3.9336E-07
4838.5,2.3315E+12,3.93365E-07
4839.5,2.3314E+12,3.9337E-07
4840.5,2.3312E+12,3.9337E-07
4841.5,2.3311E+12,3.93375E-07
4842.5,2.331E+12,3.9338E-07
4843.5,2.3308E+12,3.9338E-07
4844.5,2.3307E+12,3.93385E-07
4845.5,2.3306E+12,3.9339E-07
4846.5,2.3304E+12,3.9339E-07
4847.5,2.3303E+12,3.93395E-07
4848.5,2.3302E+12,3.934E-07
4849.5,2.33E+12,3.93405E-07
4850.5,2.3299E+12,3.93405E-07
4851.5,2.3298E+12,3.9341E-07
4852.5,2.3296E+12,3.93415E-07
4853.5,2.3295E+12,3.93415E-07
4854.5,2.3294E+12,3.9342E-07
4855.5,2.3292E+12,3.93425E-07
4856.5,2.3291E+12,3.9343E-07
4857.5,2.329E+12,3.9343E-07
4858.5,2.3288E+12,3.93435E-07
4859.5,2.3287E+12,3.9344E-07
4860.5,2.3286E+12,3.9344E-07
4861.5,2.3284E+12,3.93445E-07
4862.5,2.3283E+12,3.9345E-07
4863.5,2.3282E+12,3.9345E-07
4864.5,2.328E+12,3.93455E-07
4865.5,2.3279E+12,3.9346E-07
4866.5,2.3278E+12,3.93465E-07
4867.5,2.3276E+12,3.93465E-07
4868.5,2.3275E+12,3.9347E-07
4869.5,2.3274E+12,3.93475E-07
4870.5,2.3272E+12,3.93475E-07
4871.5,2.3271E+12,3.9348E-07
4872.5,2.327E+12,3.93485E-07
4873.5,2.3268E+12,3.93485E-07
4874.5,2.3267E+12,3.9349E-07
4875.5,2.3266E+12,3.93495E-07
4876.5,2.3264E+12,3.935E-07
4877.5,2.3263E+12,3.935E-07
4878.5,2.3262E+12,3.93505E-07
4879.5,2.326E+12,3.9351E-07
4880.5,2.3259E+12,3.9351E-07
4881.5,2.3258E+12,3.93515E-07
4882.5,2.3256E+12,3.9352E-07
4883.5,2.3255E+12,3.9352E-07
4884.5,2.3254E+12,3.93525E-07
4885.5,2.3252E+12,3.9353E-07
4886.5,2.3251E+12,3.93535E-07
4887.5,2.325E+12,3.93535E-07
4888.5,2.3248E+12,3.9354E-07
4889.5,2.3247E+12,3.93545E-07
4890.5,2.3246E+12,3.93545E-07
4891.5,2.3244E+12,3.9355E-07
4892.5,2.3243E+12,3.93555E-07
4893.5,2.3242E+12,3.93555E-07
4894.5,2.324E+12,3.9356E-07
4895.5,2.3239E+12,3.93565E-07
4896.5,2.3238E+12,3.93565E-07
4897.5,2.3236E+12,3.9357E-07
4898.5,2.3235E+12,3.93575E-07
4899.5,2.3234E+12,3.9358E-07
4900.5,2.3233E+12,3.9358E-07
4901.5,2.3231E+12,3.93585E-07
4902.5,2.323E+12,3.9359E-07
4903.5,2.3229E+12,3.9359E-07
4904.5,2.3227E+12,3.93595E-07
4905.5,2.3226E+12,3.936E-07
4906.5,2.3225E+12,3.936E-07
4907.5,2.3223E+12,3.93605E-07
4908.5,2.3222E+12,3.9361E-07
4909.5,2.3221E+12,3.93615E-07
4910.5,2.3219E+12,3.93615E-07
4911.5,2.3218E+12,3.9362E-07
4912.5,2.3217E+12,3.93625E-07
4913.5,2.3215E+12,3.93625E-07
4914.5,2.3214E+12,3.9363E-07
4915.5,2.3213E+12,3.93635E-07
4916.5,2.3211E+12,3.93635E-07
4917.5,2.321E+12,3.9364E-07
4918.5,2.3209E+12,3.93645E-07
4919.5,2.3208E+12,3.93645E-07
4920.5,2.3206E+12,3.9365E-07
4921.5,2.3205E+12,3.93655E-07
4922.5,2.3204E+12,3.9366E-07
4923.5,2.3202E+12,3.9366E-07
4924.5,2.3201E+12,3.93665E-07
4925.5,2.32E+12,3.9367E-07
4926.5,2.3198E+12,3.9367E-07
4927.5,2.3197E+12,3.93675E-07
4928.5,2.3196E+12,3.9368E-07
4929.5,2.3194E+12,3.9368E-07
4930.5,2.3193E+12,3.93685E-07
4931.5,2.3192E+12,3.9369E-07
4932.5,2.319E+12,3.9369E-07
4933.5,2.3189E+12,3.93695E-07
4934.5,2.3188E+12,3.937E-07
4935.5,2.3187E+12,3.93705E-07
4936.5,2.3185E+12,3.93705E-07
4937.5,2.3184E+12,3.9371E-07
4938.5,2.3183E+12,3.93715E-07
4939.5,2.3181E+12,3.93715E-07
4940.5,2.318E+12,3.9372E-07
4941.5,2.3179E+12,3.93725E-07
4942.5,2.3177E+12,3.93725E-07
4943.5,2.3176E+12,3.9373E-07
4944.5,2.3175E+12,3.93735E-07
4945.5,2.3174E+12,3.93735E-07
4946.5,2.3172E+12,3.9374E-07
4947.5,2.3171E+12,3.93745E-07
4948.5,2.317E+12,3.93745E-07
4949.5,2.3168E+12,3.9375E-07
4950.5,2.3167E+12,3.93755E-07
4951.5,2.3166E+12,3.9376E-07
4952.5,2.3164E+12,3.9376E-07
4953.5,2.3163E+12,3.93765E-07
4954.5,2.3162E+12,3.9377E-07
4955.5,2.3161E+12,3.9377E-07
4956.5,2.3159E+12,3.93775E-07
4957.5,2.3158E+12,3.9378E-07
4958.5,2.3157E+12,3.9378E-07
4959.5,2.3155E+12,3.93785E-07
4960.5,2.3154E+12,3.9379E-07
4961.5,2.3153E+12,3.9379E-07
4962.5,2.3151E+12,3.93795E-07
4963.5,2.315E+12,3.938E-07
4964.5,2.3149E+12,3.938E-07
4965.5,2.3148E+12,3.93805E-07
4966.5,2.3146E+12,3.9381E-07
4967.5,2.3145E+12,3.93815E-07
4968.5,2.3144E+12,3.93815E-07
4969.5,2.3142E+12,3.9382E-07
4970.5,2.3141E+12,3.93825E-07
4971.5,2.314E+12,3.93825E-07
4972.5,2.3138E+12,3.9383E-07
4973.5,2.3137E+12,3.93835E-07
4974.5,2.3136E+12,3.93835E-07
4975.5,2.3135E+12,3.9384E-07
4976.5,2.3133E+12,3.93845E-07
4977.5,2.3132E+12,3.93845E-07
4978.5,2.3131E+12,3.9385E-07
4979.5,2.3129E+12,3.93855E-07
4980.5,2.3128E+12,3.93855E-07
4981.5,2.3127E+12,3.9386E-07
4982.5,2.3126E+12,3.93865E-07
4983.5,2.3124E+12,3.93865E-07
4984.5,2.3123E+12,3.9387E-07
4985.5,2.3122E+12,3.93875E-07
4986.5,2.312E+12,3.9388E-07
4987.5,2.3119E+12,3.9388E-07
4988.5,2.3118E+12,3.93885E-07
4989.5,2.3117E+12,3.9389E-07
4990.5,2.3115E+12,3.9389E-07
4991.5,2.3114E+12,3.93895E-07
4992.5,2.3113E+12,3.939E-07
4993.5,2.3111E+12,3.939E-07
4994.5,2.311E+12,3.93905E-07
4995.5,2.3109E+12,3.9391E-07
4996.5,2.3108E+12,3.9391E-07
4997.5,2.3106E+12,3.93915E-07
4998.5,2.3105E+12,3.9392E-07
4999.5,2.3104E+12,3.9392E-07
5000.5,2.3102E+12,3.93925E-07
5001.5,2.3101E+12,3.9393E-07
5002.5,2.31E+12,3.9393E-07
5003.5,2.3099E+12,3.93935E-07
5004.5,2.3097E+12,3.9394E-07
5005.5,2.3096E+12,3.9394E-07
5006.5,2.3095E+12,3.93945E-07
5007.5,2.3093E+12,3.9395E-07
5008.5,2.3092E+12,3.93955E-07
5009.5,2.3091E+12,3.93955E-07
5010.5,2.309E+12,3.9396E-07
5011.5,2.3088E+12,3.93965E-07
5012.5,2.3087E+12,3.93965E-07
5013.5,2.3086E+12,3.9397E-07
5014.5,2.3084E+12,3.93975E-07
5015.5,2.3083E+12,3.93975E-07
5016.5,2.3082E+12,3.9398E-07
5017.5,2.3081E+12,3.93985E-07
5018.5,2.3079E+12,3.93985E-07
5019.5,2.3078E+12,3.9399E-07
5020.5,2.3077E+12,3.93995E-07
5021.5,2.3076E+12,3.93995E-07
5022.5,2.3074E+12,0.000000394
5023.5,2.3073E+12,3.94005E-07
5024.5,2.3072E+12,3.94005E-07
5025.5,2.307E+12,3.9401E-07
5026.5,2.3069E+12,3.94015E-07
5027.5,2.3068E+12,3.94015E-07
5028.5,2.3067E+12,3.9402E-07
5029.5,2.3065E+12,3.94025E-07
5030.5,2.3064E+12,3.94025E-07
5031.5,2.3063E+12,3.9403E-07
5032.5,2.3062E+12,3.94035E-07
5033.5,2.306E+12,3.94035E-07
5034.5,2.3059E+12,3.9404E-07
5035.5,2.3058E+12,3.94045E-07
5036.5,2.3056E+12,3.94045E-07
5037.5,2.3055E+12,3.9405E-07
5038.5,2.3054E+12,3.94055E-07
5039.5,2.3053E+12,3.9406E-07
5040.5,2.3051E+12,3.9406E-07
5041.5,2.305E+12,3.94065E-07
5042.5,2.3049E+12,3.9407E-07
5043.5,2.3048E+12,3.9407E-07
5044.5,2.3046E+12,3.94075E-07
5045.5,2.3045E+12,3.9408E-07
5046.5,2.3044E+12,3.9408E-07
5047.5,2.3042E+12,3.94085E-07
5048.5,2.3041E+12,3.9409E-07
5049.5,2.304E+12,3.9409E-07
5050.5,2.3039E+12,3.94095E-07
5051.5,2.3037E+12,3.941E-07
5052.5,2.3036E+12,3.941E-07
5053.5,2.3035E+12,3.94105E-07
5054.5,2.3034E+12,3.9411E-07
5055.5,2.3032E+12,3.9411E-07
5056.5,2.3031E+12,3.94115E-07
5057.5,2.303E+12,3.9412E-07
5058.5,2.3029E+12,3.9412E-07
5059.5,2.3027E+12,3.94125E-07
5060.5,2.3026E+12,3.9413E-07
5061.5,2.3025E+12,3.9413E-07
5062.5,2.3023E+12,3.94135E-07
5063.5,2.3022E+12,3.9414E-07
5064.5,2.3021E+12,3.9414E-07
5065.5,2.302E+12,3.94145E-07
5066.5,2.3018E+12,3.9415E-07
5067.5,2.3017E+12,3.9415E-07
5068.5,2.3016E+12,3.94155E-07
5069.5,2.3015E+12,3.9416E-07
5070.5,2.3013E+12,3.9416E-07
5071.5,2.3012E+12,3.94165E-07
5072.5,2.3011E+12,3.9417E-07
5073.5,2.301E+12,3.9417E-07
5074.5,2.3008E+12,3.94175E-07
5075.5,2.3007E+12,3.9418E-07
5076.5,2.3006E+12,3.9418E-07
5077.5,2.3005E+12,3.94185E-07
5078.5,2.3003E+12,3.9419E-07
5079.5,2.3002E+12,3.9419E-07
5080.5,2.3001E+12,3.94195E-07
5081.5,2.3E+12,3.942E-07
5082.5,2.2998E+12,3.942E-07
5083.5,2.2997E+12,3.94205E-07
5084.5,2.2996E+12,3.9421E-07
5085.5,2.2995E+12,3.9421E-07
5086.5,2.2993E+12,3.94215E-07
5087.5,2.2992E+12,3.9422E-07
5088.5,2.2991E+12,3.9422E-07
5089.5,2.299E+12,3.94225E-07
5090.5,2.2988E+12,3.9423E-07
5091.5,2.2987E+12,3.9423E-07
5092.5,2.2986E+12,3.94235E-07
5093.5,2.2985E+12,3.9424E-07
5094.5,2.2983E+12,3.9424E-07
5095.5,2.2982E+12,3.94245E-07
5096.5,2.2981E+12,3.9425E-07
5097.5,2.298E+12,3.9425E-07
5098.5,2.2978E+12,3.94255E-07
5099.5,2.2977E+12,3.9426E-07
5100.5,2.2976E+12,3.9426E-07
5101.5,2.2975E+12,3.94265E-07
5102.5,2.2973E+12,3.9427E-07
5103.5,2.2972E+12,3.9427E-07
5104.5,2.2971E+12,3.94275E-07
5105.5,2.297E+12,3.9428E-07
5106.5,2.2968E+12,3.9428E-07
5107.5,2.2967E+12,3.94285E-07
5108.5,2.2966E+12,3.9429E-07
5109.5,2.2965E+12,3.9429E-07
5110.5,2.2963E+12,3.94295E-07
5111.5,2.2962E+12,3.943E-07
5112.5,2.2961E+12,3.943E-07
5113.5,2.296E+12,3.94305E-07
5114.5,2.2958E+12,3.9431E-07
5115.5,2.2957E+12,3.9431E-07
5116.5,2.2956E+12,3.94315E-07
5117.5,2.2955E+12,3.9432E-07
5118.5,2.2953E+12,3.9432E-07
5119.5,2.2952E+12,3.94325E-07
5120.5,2.2951E+12,3.9433E-07
5121.5,2.295E+12,3.9433E-07
5122.5,2.2948E+12,3.94335E-07
5123.5,2.2947E+12,3.9434E-07
5124.5,2.2946E+12,3.9434E-07
5125.5,2.2945E+12,3.94345E-07
5126.5,2.2943E+12,3.9435E-07
5127.5,2.2942E+12,3.9435E-07
5128.5,2.2941E+12,3.94355E-07
5129.5,2.294E+12,3.9436E-07
5130.5,2.2938E+12,3.9436E-07
5131.5,2.2937E+12,3.94365E-07
5132.5,2.2936E+12,3.9437E-07
5133.5,2.2935E+12,3.9437E-07
5134.5,2.2933E+12,3.94375E-07
5135.5,2.2932E+12,3.9438E-07
5136.5,2.2931E+12,3.9438E-07
5137.5,2.293E+12,3.94385E-07
5138.5,2.2929E+12,3.9439E-07
5139.5,2.2927E+12,3.9439E-07
5140.5,2.2926E+12,3.94395E-07
5141.5,2.2925E+12,3.944E-07
5142.5,2.2924E+12,3.944E-07
5143.5,2.2922E+12,3.94405E-07
5144.5,2.2921E+12,3.9441E-07
5145.5,2.292E+12,3.9441E-07
5146.5,2.2919E+12,3.94415E-07
5147.5,2.2917E+12,3.9442E-07
5148.5,2.2916E+12,3.9442E-07
5149.5,2.2915E+12,3.94425E-07
5150.5,2.2914E+12,3.9443E-07
5151.5,2.2912E+12,3.9443E-07
5152.5,2.2911E+12,3.94435E-07
5153.5,2.291E+12,3.9444E-07
5154.5,2.2909E+12,3.9444E-07
5155.5,2.2908E+12,3.94445E-07
5156.5,2.2906E+12,3.9445E-07
5157.5,2.2905E+12,3.9445E-07
5158.5,2.2904E+12,3.94455E-07
5159.5,2.2903E+12,3.9446E-07
5160.5,2.2901E+12,3.9446E-07
5161.5,2.29E+12,3.94465E-07
5162.5,2.2899E+12,3.9447E-07
5163.5,2.2898E+12,3.9447E-07
5164.5,2.2896E+12,3.94475E-07
5165.5,2.2895E+12,3.94475E-07
5166.5,2.2894E+12,3.9448E-07
5167.5,2.2893E+12,3.94485E-07
5168.5,2.2892E+12,3.94485E-07
5169.5,2.289E+12,3.9449E-07
5170.5,2.2889E+12,3.94495E-07
5171.5,2.2888E+12,3.94495E-07
5172.5,2.2887E+12,3.945E-07
5173.5,2.2885E+12,3.94505E-07
5174.5,2.2884E+12,3.94505E-07
5175.5,2.2883E+12,3.9451E-07
5176.5,2.2882E+12,3.94515E-07
5177.5,2.288E+12,3.94515E-07
5178.5,2.2879E+12,3.9452E-07
5179.5,2.2878E+12,3.94525E-07
5180.5,2.2877E+12,3.94525E-07
5181.5,2.2876E+12,3.9453E-07
5182.5,2.2874E+12,3.94535E-07
5183.5,2.2873E+12,3.94535E-07
5184.5,2.2872E+12,3.9454E-07
5185.5,2.2871E+12,3.94545E-07
5186.5,2.2869E+12,3.94545E-07
5187.5,2.2868E+12,3.9455E-07
5188.5,2.2867E+12,3.94555E-07
5189.5,2.2866E+12,3.94555E-07
5190.5,2.2865E+12,3.9456E-07
5191.5,2.2863E+12,3.94565E-07
5192.5,2.2862E+12,3.94565E-07
5193.5,2.2861E+12,3.9457E-07
5194.5,2.286E+12,3.94575E-07
5195.5,2.2859E+12,3.94575E-07
5196.5,2.2857E+12,3.9458E-07
5197.5,2.2856E+12,3.9458E-07
5198.5,2.2855E+12,3.94585E-07
5199.5,2.2854E+12,3.9459E-07
5200.5,2.2852E+12,3.9459E-07
5201.5,2.2851E+12,3.94595E-07
5202.5,2.285E+12,3.946E-07
5203.5,2.2849E+12,3.946E-07
5204.5,2.2848E+12,3.94605E-07
5205.5,2.2846E+12,3.9461E-07
5206.5,2.2845E+12,3.9461E-07
5207.5,2.2844E+12,3.94615E-07
5208.5,2.2843E+12,3.9462E-07
5209.5,2.2841E+12,3.9462E-07
5210.5,2.284E+12,3.94625E-07
5211.5,2.2839E+12,3.9463E-07
5212.5,2.2838E+12,3.9463E-07
5213.5,2.2837E+12,3.94635E-07
5214.5,2.2835E+12,3.9464E-07
5215.5,2.2834E+12,3.9464E-07
5216.5,2.2833E+12,3.94645E-07
5217.5,2.2832E+12,3.9465E-07
5218.5,2.2831E+12,3.9465E-07
5219.5,2.2829E+12,3.94655E-07
5220.5,2.2828E+12,3.94655E-07
5221.5,2.2827E+12,3.9466E-07
5222.5,2.2826E+12,3.94665E-07
5223.5,2.2824E+12,3.94665E-07
5224.5,2.2823E+12,3.9467E-07
5225.5,2.2822E+12,3.94675E-07
5226.5,2.2821E+12,3.94675E-07
5227.5,2.282E+12,3.9468E-07
5228.5,2.2818E+12,3.94685E-07
5229.5,2.2817E+12,3.94685E-07
5230.5,2.2816E+12,3.9469E-07
5231.5,2.2815E+12,3.94695E-07
5232.5,2.2814E+12,3.94695E-07
5233.5,2.2812E+12,3.947E-07
5234.5,2.2811E+12,3.94705E-07
5235.5,2.281E+12,3.94705E-07
5236.5,2.2809E+12,3.9471E-07
5237.5,2.2808E+12,3.94715E-07
5238.5,2.2806E+12,3.94715E-07
5239.5,2.2805E+12,3.9472E-07
5240.5,2.2804E+12,3.9472E-07
5241.5,2.2803E+12,3.94725E-07
5242.5,2.2802E+12,3.9473E-07
5243.5,2.28E+12,3.9473E-07
5244.5,2.2799E+12,3.94735E-07
5245.5,2.2798E+12,3.9474E-07
5246.5,2.2797E+12,3.9474E-07
5247.5,2.2796E+12,3.94745E-07
5248.5,2.2794E+12,3.9475E-07
5249.5,2.2793E+12,3.9475E-07
5250.5,2.2792E+12,3.94755E-07
5251.5,2.2791E+12,3.9476E-07
5252.5,2.279E+12,3.9476E-07
5253.5,2.2788E+12,3.94765E-07
5254.5,2.2787E+12,3.9477E-07
5255.5,2.2786E+12,3.9477E-07
5256.5,2.2785E+12,3.94775E-07
5257.5,2.2784E+12,3.94775E-07
5258.5,2.2782E+12,3.9478E-07
5259.5,2.2781E+12,3.94785E-07
5260.5,2.278E+12,3.94785E-07
5261.5,2.2779E+12,3.9479E-07
5262.5,2.2778E+12,3.94795E-07
5263.5,2.2776E+12,3.94795E-07
5264.5,2.2775E+12,3.948E-07
5265.5,2.2774E+12,3.94805E-07
5266.5,2.2773E+12,3.94805E-07
5267.5,2.2772E+12,3.9481E-07
5268.5,2.277E+12,3.94815E-07
5269.5,2.2769E+12,3.94815E-07
5270.5,2.2768E+12,3.9482E-07
5271.5,2.2767E+12,3.94825E-07
5272.5,2.2766E+12,3.94825E-07
5273.5,2.2764E+12,3.9483E-07
5274.5,2.2763E+12,3.9483E-07
5275.5,2.2762E+12,3.94835E-07
5276.5,2.2761E+12,3.9484E-07
5277.5,2.276E+12,3.9484E-07
5278.5,2.2758E+12,3.94845E-07
5279.5,2.2757E+12,3.9485E-07
5280.5,2.2756E+12,3.9485E-07
5281.5,2.2755E+12,3.94855E-07
5282.5,2.2754E+12,3.9486E-07
5283.5,2.2752E+12,3.9486E-07
5284.5,2.2751E+12,3.94865E-07
5285.5,2.275E+12,3.9487E-07
5286.5,2.2749E+12,3.9487E-07
5287.5,2.2748E+12,3.94875E-07
5288.5,2.2746E+12,3.94875E-07
5289.5,2.2745E+12,3.9488E-07
5290.5,2.2744E+12,3.94885E-07
5291.5,2.2743E+12,3.94885E-07
5292.5,2.2742E+12,3.9489E-07
5293.5,2.2741E+12,3.94895E-07
5294.5,2.2739E+12,3.94895E-07
5295.5,2.2738E+12,3.949E-07
5296.5,2.2737E+12,3.94905E-07
5297.5,2.2736E+12,3.94905E-07
5298.5,2.2735E+12,3.9491E-07
5299.5,2.2733E+12,3.9491E-07
5300.5,2.2732E+12,3.94915E-07
5301.5,2.2731E+12,3.9492E-07
5302.5,2.273E+12,3.9492E-07
5303.5,2.2729E+12,3.94925E-07
5304.5,2.2727E+12,3.9493E-07
5305.5,2.2726E+12,3.9493E-07
5306.5,2.2725E+12,3.94935E-07
5307.5,2.2724E+12,3.9494E-07
5308.5,2.2723E+12,3.9494E-07
5309.5,2.2722E+12,3.94945E-07
5310.5,2.272E+12,3.9495E-07
5311.5,2.2719E+12,3.9495E-07
5312.5,2.2718E+12,3.94955E-07
5313.5,2.2717E+12,3.94955E-07
5314.5,2.2716E+12,3.9496E-07
5315.5,2.2714E+12,3.94965E-07
5316.5,2.2713E+12,3.94965E-07
5317.5,2.2712E+12,3.9497E-07
5318.5,2.2711E+12,3.94975E-07
5319.5,2.271E+12,3.94975E-07
5320.5,2.2709E+12,3.9498E-07
5321.5,2.2707E+12,3.94985E-07
5322.5,2.2706E+12,3.94985E-07
5323.5,2.2705E+12,3.9499E-07
5324.5,2.2704E+12,3.9499E-07
5325.5,2.2703E+12,3.94995E-07
5326.5,2.2701E+12,0.000000395
5327.5,2.27E+12,0.000000395
5328.5,2.2699E+12,3.95005E-07
5329.5,2.2698E+12,3.9501E-07
5330.5,2.2697E+12,3.9501E-07
5331.5,2.2696E+12,3.95015E-07
5332.5,2.2694E+12,3.9502E-07
5333.5,2.2693E+12,3.9502E-07
5334.5,2.2692E+12,3.95025E-07
5335.5,2.2691E+12,3.95025E-07
5336.5,2.269E+12,3.9503E-07
5337.5,2.2689E+12,3.95035E-07
5338.5,2.2687E+12,3.95035E-07
5339.5,2.2686E+12,3.9504E-07
5340.5,2.2685E+12,3.95045E-07
5341.5,2.2684E+12,3.95045E-07
5342.5,2.2683E+12,3.9505E-07
5343.5,2.2681E+12,3.95055E-07
5344.5,2.268E+12,3.95055E-07
5345.5,2.2679E+12,3.9506E-07
5346.5,2.2678E+12,3.9506E-07
5347.5,2.2677E+12,3.95065E-07
5348.5,2.2676E+12,3.9507E-07
5349.5,2.2674E+12,3.9507E-07
5350.5,2.2673E+12,3.95075E-07
5351.5,2.2672E+12,3.9508E-07
5352.5,2.2671E+12,3.9508E-07
5353.5,2.267E+12,3.95085E-07
5354.5,2.2669E+12,3.9509E-07
5355.5,2.2667E+12,3.9509E-07
5356.5,2.2666E+12,3.95095E-07
5357.5,2.2665E+12,3.95095E-07
5358.5,2.2664E+12,3.951E-07
5359.5,2.2663E+12,3.95105E-07
5360.5,2.2662E+12,3.95105E-07
5361.5,2.266E+12,3.9511E-07
5362.5,2.2659E+12,3.95115E-07
5363.5,2.2658E+12,3.95115E-07
5364.5,2.2657E+12,3.9512E-07
5365.5,2.2656E+12,3.9512E-07
5366.5,2.2655E+12,3.95125E-07
5367.5,2.2653E+12,3.9513E-07
5368.5,2.2652E+12,3.9513E-07
5369.5,2.2651E+12,3.95135E-07
5370.5,2.265E+12,3.9514E-07
5371.5,2.2649E+12,3.9514E-07
5372.5,2.2648E+12,3.95145E-07
5373.5,2.2646E+12,3.9515E-07
5374.5,2.2645E+12,3.9515E-07
5375.5,2.2644E+12,3.95155E-07
5376.5,2.2643E+12,3.95155E-07
5377.5,2.2642E+12,3.9516E-07
5378.5,2.2641E+12,3.95165E-07
5379.5,2.2639E+12,3.95165E-07
5380.5,2.2638E+12,3.9517E-07
5381.5,2.2637E+12,3.95175E-07
5382.5,2.2636E+12,3.95175E-07
5383.5,2.2635E+12,3.9518E-07
5384.5,2.2634E+12,3.9518E-07
5385.5,2.2632E+12,3.95185E-07
5386.5,2.2631E+12,3.9519E-07
5387.5,2.263E+12,3.9519E-07
5388.5,2.2629E+12,3.95195E-07
5389.5,2.2628E+12,3.952E-07
5390.5,2.2627E+12,3.952E-07
5391.5,2.2625E+12,3.95205E-07
5392.5,2.2624E+12,3.9521E-07
5393.5,2.2623E+12,3.9521E-07
5394.5,2.2622E+12,3.95215E-07
5395.5,2.2621E+12,3.95215E-07
5396.5,2.262E+12,3.9522E-07
5397.5,2.2618E+12,3.95225E-07
5398.5,2.2617E+12,3.95225E-07
5399.5,2.2616E+12,3.9523E-07
5400.5,2.2615E+12,3.95235E-07
5401.5,2.2614E+12,3.95235E-07
5402.5,2.2613E+12,3.9524E-07
5403.5,2.2612E+12,3.9524E-07
5404.5,2.261E+12,3.95245E-07
5405.5,2.2609E+12,3.9525E-07
5406.5,2.2608E+12,3.9525E-07
5407.5,2.2607E+12,3.95255E-07
5408.5,2.2606E+12,3.9526E-07
5409.5,2.2605E+12,3.9526E-07
5410.5,2.2603E+12,3.95265E-07
5411.5,2.2602E+12,3.95265E-07
5412.5,2.2601E+12,3.9527E-07
5413.5,2.26E+12,3.95275E-07
5414.5,2.2599E+12,3.95275E-07
5415.5,2.2598E+12,3.9528E-07
5416.5,2.2597E+12,3.95285E-07
5417.5,2.2595E+12,3.95285E-07
5418.5,2.2594E+12,3.9529E-07
5419.5,2.2593E+12,3.9529E-07
5420.5,2.2592E+12,3.95295E-07
5421.5,2.2591E+12,3.953E-07
5422.5,2.259E+12,3.953E-07
5423.5,2.2588E+12,3.95305E-07
5424.5,2.2587E+12,3.9531E-07
5425.5,2.2586E+12,3.9531E-07
5426.5,2.2585E+12,3.95315E-07
5427.5,2.2584E+12,3.95315E-07
5428.5,2.2583E+12,3.9532E-07
5429.5,2.2582E+12,3.95325E-07
5430.5,2.258E+12,3.95325E-07
5431.5,2.2579E+12,3.9533E-07
5432.5,2.2578E+12,3.95335E-07
5433.5,2.2577E+12,3.95335E-07
5434.5,2.2576E+12,3.9534E-07
5435.5,2.2575E+12,3.9534E-07
5436.5,2.2574E+12,3.95345E-07
5437.5,2.2572E+12,3.9535E-07
5438.5,2.2571E+12,3.9535E-07
5439.5,2.257E+12,3.95355E-07
5440.5,2.2569E+12,3.9536E-07
5441.5,2.2568E+12,3.9536E-07
5442.5,2.2567E+12,3.95365E-07
5443.5,2.2566E+12,3.95365E-07
5444.5,2.2564E+12,3.9537E-07
5445.5,2.2563E+12,3.95375E-07
5446.5,2.2562E+12,3.95375E-07
5447.5,2.2561E+12,3.9538E-07
5448.5,2.256E+12,3.95385E-07
5449.5,2.2559E+12,3.95385E-07
5450.5,2.2558E+12,3.9539E-07
5451.5,2.2556E+12,3.9539E-07
5452.5,2.2555E+12,3.95395E-07
5453.5,2.2554E+12,3.954E-07
5454.5,2.2553E+12,3.954E-07
5455.5,2.2552E+12,3.95405E-07
5456.5,2.2551E+12,3.9541E-07
5457.5,2.255E+12,3.9541E-07
5458.5,2.2548E+12,3.95415E-07
5459.5,2.2547E+12,3.95415E-07
5460.5,2.2546E+12,3.9542E-07
5461.5,2.2545E+12,3.95425E-07
5462.5,2.2544E+12,3.95425E-07
5463.5,2.2543E+12,3.9543E-07
5464.5,2.2542E+12,3.9543E-07
5465.5,2.254E+12,3.95435E-07
5466.5,2.2539E+12,3.9544E-07
5467.5,2.2538E+12,3.9544E-07
5468.5,2.2537E+12,3.95445E-07
5469.5,2.2536E+12,3.9545E-07
5470.5,2.2535E+12,3.9545E-07
5471.5,2.2534E+12,3.95455E-07
5472.5,2.2532E+12,3.95455E-07
5473.5,2.2531E+12,3.9546E-07
5474.5,2.253E+12,3.95465E-07
5475.5,2.2529E+12,3.95465E-07
5476.5,2.2528E+12,3.9547E-07
5477.5,2.2527E+12,3.95475E-07
5478.5,2.2526E+12,3.95475E-07
5479.5,2.2524E+12,3.9548E-07
5480.5,2.2523E+12,3.9548E-07
5481.5,2.2522E+12,3.95485E-07
5482.5,2.2521E+12,3.9549E-07
5483.5,2.252E+12,3.9549E-07
5484.5,2.2519E+12,3.95495E-07
5485.5,2.2518E+12,3.95495E-07
5486.5,2.2517E+12,3.955E-07
5487.5,2.2515E+12,3.95505E-07
5488.5,2.2514E+12,3.95505E-07
5489.5,2.2513E+12,3.9551E-07
5490.5,2.2512E+12,3.95515E-07
5491.5,2.2511E+12,3.95515E-07
5492.5,2.251E+12,3.9552E-07
5493.5,2.2509E+12,3.9552E-07
5494.5,2.2507E+12,3.95525E-07
5495.5,2.2506E+12,3.9553E-07
5496.5,2.2505E+12,3.9553E-07
5497.5,2.2504E+12,3.95535E-07
5498.5,2.2503E+12,3.95535E-07
5499.5,2.2502E+12,3.9554E-07
5500.5,2.2501E+12,3.95545E-07
5501.5,2.25E+12,3.95545E-07
5502.5,2.2498E+12,3.9555E-07
5503.5,2.2497E+12,3.95555E-07
5504.5,2.2496E+12,3.95555E-07
5505.5,2.2495E+12,3.9556E-07
5506.5,2.2494E+12,3.9556E-07
5507.5,2.2493E+12,3.95565E-07
5508.5,2.2492E+12,3.9557E-07
5509.5,2.2491E+12,3.9557E-07
5510.5,2.2489E+12,3.95575E-07
5511.5,2.2488E+12,3.95575E-07
5512.5,2.2487E+12,3.9558E-07
5513.5,2.2486E+12,3.95585E-07
5514.5,2.2485E+12,3.95585E-07
5515.5,2.2484E+12,3.9559E-07
5516.5,2.2483E+12,3.95595E-07
5517.5,2.2482E+12,3.95595E-07
5518.5,2.248E+12,3.956E-07
5519.5,2.2479E+12,3.956E-07
5520.5,2.2478E+12,3.95605E-07
5521.5,2.2477E+12,3.9561E-07
5522.5,2.2476E+12,3.9561E-07
5523.5,2.2475E+12,3.95615E-07
5524.5,2.2474E+12,3.95615E-07
5525.5,2.2473E+12,3.9562E-07
5526.5,2.2471E+12,3.95625E-07
5527.5,2.247E+12,3.95625E-07
5528.5,2.2469E+12,3.9563E-07
5529.5,2.2468E+12,3.95635E-07
5530.5,2.2467E+12,3.95635E-07
5531.5,2.2466E+12,3.9564E-07
5532.5,2.2465E+12,3.9564E-07
5533.5,2.2464E+12,3.95645E-07
5534.5,2.2462E+12,3.9565E-07
5535.5,2.2461E+12,3.9565E-07
5536.5,2.246E+12,3.95655E-07
5537.5,2.2459E+12,3.95655E-07
5538.5,2.2458E+12,3.9566E-07
5539.5,2.2457E+12,3.95665E-07
5540.5,2.2456E+12,3.95665E-07
5541.5,2.2455E+12,3.9567E-07
5542.5,2.2454E+12,3.9567E-07
5543.5,2.2452E+12,3.95675E-07
5544.5,2.2451E+12,3.9568E-07
5545.5,2.245E+12,3.9568E-07
5546.5,2.2449E+12,3.95685E-07
5547.5,2.2448E+12,3.9569E-07
5548.5,2.2447E+12,3.9569E-07
5549.5,2.2446E+12,3.95695E-07
5550.5,2.2445E+12,3.95695E-07
5551.5,2.2443E+12,3.957E-07
5552.5,2.2442E+12,3.95705E-07
5553.5,2.2441E+12,3.95705E-07
5554.5,2.244E+12,3.9571E-07
5555.5,2.2439E+12,3.9571E-07
5556.5,2.2438E+12,3.95715E-07
5557.5,2.2437E+12,3.9572E-07
5558.5,2.2436E+12,3.9572E-07
5559.5,2.2435E+12,3.95725E-07
5560.5,2.2433E+12,3.95725E-07
5561.5,2.2432E+12,3.9573E-07
5562.5,2.2431E+12,3.95735E-07
5563.5,2.243E+12,3.95735E-07
5564.5,2.2429E+12,3.9574E-07
5565.5,2.2428E+12,3.95745E-07
5566.5,2.2427E+12,3.95745E-07
5567.5,2.2426E+12,3.9575E-07
5568.5,2.2425E+12,3.9575E-07
5569.5,2.2423E+12,3.95755E-07
5570.5,2.2422E+12,3.9576E-07
5571.5,2.2421E+12,3.9576E-07
5572.5,2.242E+12,3.95765E-07
5573.5,2.2419E+12,3.95765E-07
5574.5,2.2418E+12,3.9577E-07
5575.5,2.2417E+12,3.95775E-07
5576.5,2.2416E+12,3.95775E-07
5577.5,2.2415E+12,3.9578E-07
5578.5,2.2413E+12,3.9578E-07
5579.5,2.2412E+12,3.95785E-07
5580.5,2.2411E+12,3.9579E-07
5581.5,2.241E+12,3.9579E-07
5582.5,2.2409E+12,3.95795E-07
5583.5,2.2408E+12,3.95795E-07
5584.5,2.2407E+12,3.958E-07
5585.5,2.2406E+12,3.95805E-07
5586.5,2.2405E+12,3.95805E-07
5587.5,2.2404E+12,3.9581E-07
5588.5,2.2402E+12,3.9581E-07
5589.5,2.2401E+12,3.95815E-07
5590.5,2.24E+12,3.9582E-07
5591.5,2.2399E+12,3.9582E-07
5592.5,2.2398E+12,3.95825E-07
5593.5,2.2397E+12,3.9583E-07
5594.5,2.2396E+12,3.9583E-07
5595.5,2.2395E+12,3.95835E-07
5596.5,2.2394E+12,3.95835E-07
5597.5,2.2392E+12,3.9584E-07
5598.5,2.2391E+12,3.95845E-07
5599.5,2.239E+12,3.95845E-07
5600.5,2.2389E+12,3.9585E-07
5601.5,2.2388E+12,3.9585E-07
5602.5,2.2387E+12,3.95855E-07
5603.5,2.2386E+12,3.9586E-07
5604.5,2.2385E+12,3.9586E-07
5605.5,2.2384E+12,3.95865E-07
5606.5,2.2383E+12,3.95865E-07
5607.5,2.2381E+12,3.9587E-07
5608.5,2.238E+12,3.95875E-07
5609.5,2.2379E+12,3.95875E-07
5610.5,2.2378E+12,3.9588E-07
5611.5,2.2377E+12,3.9588E-07
5612.5,2.2376E+12,3.95885E-07
5613.5,2.2375E+12,3.9589E-07
5614.5,2.2374E+12,3.9589E-07
5615.5,2.2373E+12,3.95895E-07
5616.5,2.2372E+12,3.95895E-07
5617.5,2.237E+12,3.959E-07
5618.5,2.2369E+12,3.95905E-07
5619.5,2.2368E+12,3.95905E-07
5620.5,2.2367E+12,3.9591E-07
5621.5,2.2366E+12,3.9591E-07
5622.5,2.2365E+12,3.95915E-07
5623.5,2.2364E+12,3.9592E-07
5624.5,2.2363E+12,3.9592E-07
5625.5,2.2362E+12,3.95925E-07
5626.5,2.2361E+12,3.95925E-07
5627.5,2.2359E+12,3.9593E-07
5628.5,2.2358E+12,3.95935E-07
5629.5,2.2357E+12,3.95935E-07
5630.5,2.2356E+12,3.9594E-07
5631.5,2.2355E+12,3.9594E-07
5632.5,2.2354E+12,3.95945E-07
5633.5,2.2353E+12,3.9595E-07
5634.5,2.2352E+12,3.9595E-07
5635.5,2.2351E+12,3.95955E-07
5636.5,2.235E+12,3.95955E-07
5637.5,2.2349E+12,3.9596E-07
5638.5,2.2347E+12,3.95965E-07
5639.5,2.2346E+12,3.95965E-07
5640.5,2.2345E+12,3.9597E-07
5641.5,2.2344E+12,3.9597E-07
5642.5,2.2343E+12,3.95975E-07
5643.5,2.2342E+12,3.9598E-07
5644.5,2.2341E+12,3.9598E-07
5645.5,2.234E+12,3.95985E-07
5646.5,2.2339E+12,3.95985E-07
5647.5,2.2338E+12,3.9599E-07
5648.5,2.2337E+12,3.95995E-07
5649.5,2.2335E+12,3.95995E-07
5650.5,2.2334E+12,0.000000396
5651.5,2.2333E+12,0.000000396
5652.5,2.2332E+12,3.96005E-07
5653.5,2.2331E+12,3.9601E-07
5654.5,2.233E+12,3.9601E-07
5655.5,2.2329E+12,3.96015E-07
5656.5,2.2328E+12,3.96015E-07
5657.5,2.2327E+12,3.9602E-07
5658.5,2.2326E+12,3.96025E-07
5659.5,2.2325E+12,3.96025E-07
5660.5,2.2324E+12,3.9603E-07
5661.5,2.2322E+12,3.9603E-07
5662.5,2.2321E+12,3.96035E-07
5663.5,2.232E+12,3.9604E-07
5664.5,2.2319E+12,3.9604E-07
5665.5,2.2318E+12,3.96045E-07
5666.5,2.2317E+12,3.96045E-07
5667.5,2.2316E+12,3.9605E-07
5668.5,2.2315E+12,3.96055E-07
5669.5,2.2314E+12,3.96055E-07
5670.5,2.2313E+12,3.9606E-07
5671.5,2.2312E+12,3.9606E-07
5672.5,2.231E+12,3.96065E-07
5673.5,2.2309E+12,3.9607E-07
5674.5,2.2308E+12,3.9607E-07
5675.5,2.2307E+12,3.96075E-07
5676.5,2.2306E+12,3.96075E-07
5677.5,2.2305E+12,3.9608E-07
5678.5,2.2304E+12,3.96085E-07
5679.5,2.2303E+12,3.96085E-07
5680.5,2.2302E+12,3.9609E-07
5681.5,2.2301E+12,3.9609E-07
5682.5,2.23E+12,3.96095E-07
5683.5,2.2299E+12,3.961E-07
5684.5,2.2297E+12,3.961E-07
5685.5,2.2296E+12,3.96105E-07
5686.5,2.2295E+12,3.96105E-07
5687.5,2.2294E+12,3.9611E-07
5688.5,2.2293E+12,3.9611E-07
5689.5,2.2292E+12,3.96115E-07
5690.5,2.2291E+12,3.9612E-07
5691.5,2.229E+12,3.9612E-07
5692.5,2.2289E+12,3.96125E-07
5693.5,2.2288E+12,3.96125E-07
5694.5,2.2287E+12,3.9613E-07
5695.5,2.2286E+12,3.96135E-07
5696.5,2.2285E+12,3.96135E-07
5697.5,2.2283E+12,3.9614E-07
5698.5,2.2282E+12,3.9614E-07
5699.5,2.2281E+12,3.96145E-07
5700.5,2.228E+12,3.9615E-07
5701.5,2.2279E+12,3.9615E-07
5702.5,2.2278E+12,3.96155E-07
5703.5,2.2277E+12,3.96155E-07
5704.5,2.2276E+12,3.9616E-07
5705.5,2.2275E+12,3.96165E-07
5706.5,2.2274E+12,3.96165E-07
5707.5,2.2273E+12,3.9617E-07
5708.5,2.2272E+12,3.9617E-07
5709.5,2.2271E+12,3.96175E-07
5710.5,2.2269E+12,3.9618E-07
5711.5,2.2268E+12,3.9618E-07
5712.5,2.2267E+12,3.96185E-07
5713.5,2.2266E+12,3.96185E-07
5714.5,2.2265E+12,3.9619E-07
5715.5,2.2264E+12,3.96195E-07
5716.5,2.2263E+12,3.96195E-07
5717.5,2.2262E+12,3.962E-07
5718.5,2.2261E+12,3.962E-07
5719.5,2.226E+12,3.96205E-07
5720.5,2.2259E+12,3.96205E-07
5721.5,2.2258E+12,3.9621E-07
5722.5,2.2257E+12,3.96215E-07
5723.5,2.2256E+12,3.96215E-07
5724.5,2.2254E+12,3.9622E-07
5725.5,2.2253E+12,3.9622E-07
5726.5,2.2252E+12,3.96225E-07
5727.5,2.2251E+12,3.9623E-07
5728.5,2.225E+12,3.9623E-07
5729.5,2.2249E+12,3.96235E-07
5730.5,2.2248E+12,3.96235E-07
5731.5,2.2247E+12,3.9624E-07
5732.5,2.2246E+12,3.96245E-07
5733.5,2.2245E+12,3.96245E-07
5734.5,2.2244E+12,3.9625E-07
5735.5,2.2243E+12,3.9625E-07
5736.5,2.2242E+12,3.96255E-07
5737.5,2.2241E+12,3.96255E-07
5738.5,2.224E+12,3.9626E-07
5739.5,2.2238E+12,3.96265E-07
5740.5,2.2237E+12,3.96265E-07
5741.5,2.2236E+12,3.9627E-07
5742.5,2.2235E+12,3.9627E-07
5743.5,2.2234E+12,3.96275E-07
5744.5,2.2233E+12,3.9628E-07
5745.5,2.2232E+12,3.9628E-07
5746.5,2.2231E+12,3.96285E-07
5747.5,2.223E+12,3.96285E-07
5748.5,2.2229E+12,3.9629E-07
5749.5,2.2228E+12,3.96295E-07
5750.5,2.2227E+12,3.96295E-07
5751.5,2.2226E+12,3.963E-07
5752.5,2.2225E+12,3.963E-07
5753.5,2.2224E+12,3.96305E-07
5754.5,2.2222E+12,3.9631E-07
5755.5,2.2221E+12,3.9631E-07
5756.5,2.222E+12,3.96315E-07
5757.5,2.2219E+12,3.96315E-07
5758.5,2.2218E+12,3.9632E-07
5759.5,2.2217E+12,3.9632E-07
5760.5,2.2216E+12,3.96325E-07
5761.5,2.2215E+12,3.9633E-07
5762.5,2.2214E+12,3.9633E-07
5763.5,2.2213E+12,3.96335E-07
5764.5,2.2212E+12,3.96335E-07
5765.5,2.2211E+12,3.9634E-07
5766.5,2.221E+12,3.96345E-07
5767.5,2.2209E+12,3.96345E-07
5768.5,2.2208E+12,3.9635E-07
5769.5,2.2207E+12,3.9635E-07
5770.5,2.2206E+12,3.96355E-07
5771.5,2.2204E+12,3.96355E-07
5772.5,2.2203E+12,3.9636E-07
5773.5,2.2202E+12,3.96365E-07
5774.5,2.2201E+12,3.96365E-07
5775.5,2.22E+12,3.9637E-07
5776.5,2.2199E+12,3.9637E-07
5777.5,2.2198E+12,3.96375E-07
5778.5,2.2197E+12,3.9638E-07
5779.5,2.2196E+12,3.9638E-07
5780.5,2.2195E+12,3.96385E-07
5781.5,2.2194E+12,3.96385E-07
5782.5,2.2193E+12,3.9639E-07
5783.5,2.2192E+12,3.9639E-07
5784.5,2.2191E+12,3.96395E-07
5785.5,2.219E+12,3.964E-07
5786.5,2.2189E+12,3.964E-07
5787.5,2.2188E+12,3.96405E-07
5788.5,2.2186E+12,3.96405E-07
5789.5,2.2185E+12,3.9641E-07
5790.5,2.2184E+12,3.96415E-07
5791.5,2.2183E+12,3.96415E-07
5792.5,2.2182E+12,3.9642E-07
5793.5,2.2181E+12,3.9642E-07
5794.5,2.218E+12,3.96425E-07
5795.5,2.2179E+12,3.96425E-07
5796.5,2.2178E+12,3.9643E-07
5797.5,2.2177E+12,3.96435E-07
5798.5,2.2176E+12,3.96435E-07
5799.5,2.2175E+12,3.9644E-07
5800.5,2.2174E+12,3.9644E-07
5801.5,2.2173E+12,3.96445E-07
5802.5,2.2172E+12,3.9645E-07
5803.5,2.2171E+12,3.9645E-07
5804.5,2.217E+12,3.96455E-07
5805.5,2.2169E+12,3.96455E-07
5806.5,2.2168E+12,3.9646E-07
5807.5,2.2167E+12,3.9646E-07
5808.5,2.2165E+12,3.96465E-07
5809.5,2.2164E+12,3.9647E-07
5810.5,2.2163E+12,3.9647E-07
5811.5,2.2162E+12,3.96475E-07
5812.5,2.2161E+12,3.96475E-07
5813.5,2.216E+12,3.9648E-07
5814.5,2.2159E+12,3.96485E-07
5815.5,2.2158E+12,3.96485E-07
5816.5,2.2157E+12,3.9649E-07
5817.5,2.2156E+12,3.9649E-07
5818.5,2.2155E+12,3.96495E-07
5819.5,2.2154E+12,3.96495E-07
5820.5,2.2153E+12,3.965E-07
5821.5,2.2152E+12,3.96505E-07
5822.5,2.2151E+12,3.96505E-07
5823.5,2.215E+12,3.9651E-07
5824.5,2.2149E+12,3.9651E-07
5825.5,2.2148E+12,3.96515E-07
5826.5,2.2147E+12,3.9652E-07
5827.5,2.2146E+12,3.9652E-07
5828.5,2.2145E+12,3.96525E-07
5829.5,2.2143E+12,3.96525E-07
5830.5,2.2142E+12,3.9653E-07
5831.5,2.2141E+12,3.9653E-07
5832.5,2.214E+12,3.96535E-07
5833.5,2.2139E+12,3.9654E-07
5834.5,2.2138E+12,3.9654E-07
5835.5,2.2137E+12,3.96545E-07
5836.5,2.2136E+12,3.96545E-07
5837.5,2.2135E+12,3.9655E-07
5838.5,2.2134E+12,3.9655E-07
5839.5,2.2133E+12,3.96555E-07
5840.5,2.2132E+12,3.9656E-07
5841.5,2.2131E+12,3.9656E-07
5842.5,2.213E+12,3.96565E-07
5843.5,2.2129E+12,3.96565E-07
5844.5,2.2128E+12,3.9657E-07
5845.5,2.2127E+12,3.96575E-07
5846.5,2.2126E+12,3.96575E-07
5847.5,2.2125E+12,3.9658E-07
5848.5,2.2124E+12,3.9658E-07
5849.5,2.2123E+12,3.96585E-07
5850.5,2.2122E+12,3.96585E-07
5851.5,2.2121E+12,3.9659E-07
5852.5,2.212E+12,3.96595E-07
5853.5,2.2118E+12,3.96595E-07
5854.5,2.2117E+12,3.966E-07
5855.5,2.2116E+12,3.966E-07
5856.5,2.2115E+12,3.96605E-07
5857.5,2.2114E+12,3.96605E-07
5858.5,2.2113E+12,3.9661E-07
5859.5,2.2112E+12,3.96615E-07
5860.5,2.2111E+12,3.96615E-07
5861.5,2.211E+12,3.9662E-07
5862.5,2.2109E+12,3.9662E-07
5863.5,2.2108E+12,3.96625E-07
5864.5,2.2107E+12,3.96625E-07
5865.5,2.2106E+12,3.9663E-07
5866.5,2.2105E+12,3.96635E-07
5867.5,2.2104E+12,3.96635E-07
5868.5,2.2103E+12,3.9664E-07
5869.5,2.2102E+12,3.9664E-07
5870.5,2.2101E+12,3.96645E-07
5871.5,2.21E+12,3.9665E-07
5872.5,2.2099E+12,3.9665E-07
5873.5,2.2098E+12,3.96655E-07
5874.5,2.2097E+12,3.96655E-07
5875.5,2.2096E+12,3.9666E-07
5876.5,2.2095E+12,3.9666E-07
5877.5,2.2094E+12,3.96665E-07
5878.5,2.2093E+12,3.9667E-07
5879.5,2.2092E+12,3.9667E-07
5880.5,2.2091E+12,3.96675E-07
5881.5,2.2089E+12,3.96675E-07
5882.5,2.2088E+12,3.9668E-07
5883.5,2.2087E+12,3.9668E-07
5884.5,2.2086E+12,3.96685E-07
5885.5,2.2085E+12,3.9669E-07
5886.5,2.2084E+12,3.9669E-07
5887.5,2.2083E+12,3.96695E-07
5888.5,2.2082E+12,3.96695E-07
5889.5,2.2081E+12,3.967E-07
5890.5,2.208E+12,3.967E-07
5891.5,2.2079E+12,3.96705E-07
5892.5,2.2078E+12,3.9671E-07
5893.5,2.2077E+12,3.9671E-07
5894.5,2.2076E+12,3.96715E-07
5895.5,2.2075E+12,3.96715E-07
5896.5,2.2074E+12,3.9672E-07
5897.5,2.2073E+12,3.9672E-07
5898.5,2.2072E+12,3.96725E-07
5899.5,2.2071E+12,3.9673E-07
5900.5,2.207E+12,3.9673E-07
5901.5,2.2069E+12,3.96735E-07
5902.5,2.2068E+12,3.96735E-07
5903.5,2.2067E+12,3.9674E-07
5904.5,2.2066E+12,3.9674E-07
5905.5,2.2065E+12,3.96745E-07
5906.5,2.2064E+12,3.9675E-07
5907.5,2.2063E+12,3.9675E-07
5908.5,2.2062E+12,3.96755E-07
5909.5,2.2061E+12,3.96755E-07
5910.5,2.206E+12,3.9676E-07
5911.5,2.2059E+12,3.9676E-07
5912.5,2.2058E+12,3.96765E-07
5913.5,2.2057E+12,3.9677E-07
5914.5,2.2056E+12,3.9677E-07
5915.5,2.2055E+12,3.96775E-07
5916.5,2.2053E+12,3.96775E-07
5917.5,2.2052E+12,3.9678E-07
5918.5,2.2051E+12,3.9678E-07
5919.5,2.205E+12,3.96785E-07
5920.5,2.2049E+12,3.9679E-07
5921.5,2.2048E+12,3.9679E-07
5922.5,2.2047E+12,3.96795E-07
5923.5,2.2046E+12,3.96795E-07
5924.5,2.2045E+12,3.968E-07
5925.5,2.2044E+12,3.968E-07
5926.5,2.2043E+12,3.96805E-07
5927.5,2.2042E+12,3.9681E-07
5928.5,2.2041E+12,3.9681E-07
5929.5,2.204E+12,3.96815E-07
5930.5,2.2039E+12,3.96815E-07
5931.5,2.2038E+12,3.9682E-07
5932.5,2.2037E+12,3.9682E-07
5933.5,2.2036E+12,3.96825E-07
5934.5,2.2035E+12,3.9683E-07
5935.5,2.2034E+12,3.9683E-07
5936.5,2.2033E+12,3.96835E-07
5937.5,2.2032E+12,3.96835E-07
5938.5,2.2031E+12,3.9684E-07
5939.5,2.203E+12,3.9684E-07
5940.5,2.2029E+12,3.96845E-07
5941.5,2.2028E+12,3.9685E-07
5942.5,2.2027E+12,3.9685E-07
5943.5,2.2026E+12,3.96855E-07
5944.5,2.2025E+12,3.96855E-07
5945.5,2.2024E+12,3.9686E-07
5946.5,2.2023E+12,3.9686E-07
5947.5,2.2022E+12,3.96865E-07
5948.5,2.2021E+12,3.96865E-07
5949.5,2.202E+12,3.9687E-07
5950.5,2.2019E+12,3.96875E-07
5951.5,2.2018E+12,3.96875E-07
5952.5,2.2017E+12,3.9688E-07
5953.5,2.2016E+12,3.9688E-07
5954.5,2.2015E+12,3.96885E-07
5955.5,2.2014E+12,3.96885E-07
5956.5,2.2013E+12,3.9689E-07
5957.5,2.2012E+12,3.96895E-07
5958.5,2.2011E+12,3.96895E-07
5959.5,2.201E+12,3.969E-07
5960.5,2.2009E+12,3.969E-07
5961.5,2.2008E+12,3.96905E-07
5962.5,2.2007E+12,3.96905E-07
5963.5,2.2006E+12,3.9691E-07
5964.5,2.2005E+12,3.96915E-07
5965.5,2.2004E+12,3.96915E-07
5966.5,2.2003E+12,3.9692E-07
5967.5,2.2002E+12,3.9692E-07
5968.5,2.2001E+12,3.96925E-07
5969.5,2.2E+12,3.96925E-07
5970.5,2.1999E+12,3.9693E-07
5971.5,2.1998E+12,3.96935E-07
5972.5,2.1997E+12,3.96935E-07
5973.5,2.1996E+12,3.9694E-07
5974.5,2.1994E+12,3.9694E-07
5975.5,2.1993E+12,3.96945E-07
5976.5,2.1992E+12,3.96945E-07
5977.5,2.1991E+12,3.9695E-07
5978.5,2.199E+12,3.9695E-07
5979.5,2.1989E+12,3.96955E-07
5980.5,2.1988E+12,3.9696E-07
5981.5,2.1987E+12,3.9696E-07
5982.5,2.1986E+12,3.96965E-07
5983.5,2.1985E+12,3.96965E-07
5984.5,2.1984E+12,3.9697E-07
5985.5,2.1983E+12,3.9697E-07
5986.5,2.1982E+12,3.96975E-07
5987.5,2.1981E+12,3.9698E-07
5988.5,2.198E+12,3.9698E-07
5989.5,2.1979E+12,3.96985E-07
5990.5,2.1978E+12,3.96985E-07
5991.5,2.1977E+12,3.9699E-07
5992.5,2.1976E+12,3.9699E-07
5993.5,2.1975E+12,3.96995E-07
5994.5,2.1974E+12,3.96995E-07
5995.5,2.1973E+12,0.000000397
5996.5,2.1972E+12,3.97005E-07
5997.5,2.1971E+12,3.97005E-07
5998.5,2.197E+12,3.9701E-07
5999.5,2.1969E+12,3.9701E-07
6000.5,2.1968E+12,3.97015E-07
6001.5,2.1967E+12,3.97015E-07
6002.5,2.1966E+12,3.9702E-07
6003.5,2.1965E+12,3.97025E-07
6004.5,2.1964E+12,3.97025E-07
6005.5,2.1963E+12,3.9703E-07
6006.5,2.1962E+12,3.9703E-07
6007.5,2.1961E+12,3.97035E-07
6008.5,2.196E+12,3.97035E-07
6009.5,2.1959E+12,3.9704E-07
6010.5,2.1958E+12,3.9704E-07
6011.5,2.1957E+12,3.97045E-07
6012.5,2.1956E+12,3.9705E-07
6013.5,2.1955E+12,3.9705E-07
6014.5,2.1954E+12,3.97055E-07
6015.5,2.1953E+12,3.97055E-07
6016.5,2.1952E+12,3.9706E-07
6017.5,2.1951E+12,3.9706E-07
6018.5,2.195E+12,3.97065E-07
6019.5,2.1949E+12,3.9707E-07
6020.5,2.1948E+12,3.9707E-07
6021.5,2.1947E+12,3.97075E-07
6022.5,2.1946E+12,3.97075E-07
6023.5,2.1945E+12,3.9708E-07
6024.5,2.1944E+12,3.9708E-07
6025.5,2.1943E+12,3.97085E-07
6026.5,2.1942E+12,3.97085E-07
6027.5,2.1941E+12,3.9709E-07
6028.5,2.194E+12,3.97095E-07
6029.5,2.1939E+12,3.97095E-07
6030.5,2.1938E+12,3.971E-07
6031.5,2.1937E+12,3.971E-07
6032.5,2.1936E+12,3.97105E-07
6033.5,2.1935E+12,3.97105E-07
6034.5,2.1934E+12,3.9711E-07
6035.5,2.1933E+12,3.9711E-07
6036.5,2.1932E+12,3.97115E-07
6037.5,2.1931E+12,3.9712E-07
6038.5,2.193E+12,3.9712E-07
6039.5,2.1929E+12,3.97125E-07
6040.5,2.1928E+12,3.97125E-07
6041.5,2.1927E+12,3.9713E-07
6042.5,2.1926E+12,3.9713E-07
6043.5,2.1925E+12,3.97135E-07
6044.5,2.1924E+12,3.97135E-07
6045.5,2.1923E+12,3.9714E-07
6046.5,2.1922E+12,3.97145E-07
6047.5,2.1921E+12,3.97145E-07
6048.5,2.192E+12,3.9715E-07
6049.5,2.1919E+12,3.9715E-07
6050.5,2.1918E+12,3.97155E-07
6051.5,2.1917E+12,3.97155E-07
6052.5,2.1916E+12,3.9716E-07
6053.5,2.1915E+12,3.97165E-07
6054.5,2.1914E+12,3.97165E-07
6055.5,2.1913E+12,3.9717E-07
6056.5,2.1912E+12,3.9717E-07
6057.5,2.1911E+12,3.97175E-07
6058.5,2.191E+12,3.97175E-07
6059.5,2.1909E+12,3.9718E-07
6060.5,2.1908E+12,3.9718E-07
6061.5,2.1907E+12,3.97185E-07
6062.5,2.1906E+12,3.9719E-07
6063.5,2.1905E+12,3.9719E-07
6064.5,2.1904E+12,3.97195E-07
6065.5,2.1903E+12,3.97195E-07
6066.5,2.1902E+12,3.972E-07
6067.5,2.1901E+12,3.972E-07
6068.5,2.19E+12,3.97205E-07
6069.5,2.1899E+12,3.97205E-07
6070.5,2.1898E+12,3.9721E-07
6071.5,2.1898E+12,3.97215E-07
6072.5,2.1897E+12,3.97215E-07
6073.5,2.1896E+12,3.9722E-07
6074.5,2.1895E+12,3.9722E-07
6075.5,2.1894E+12,3.97225E-07
6076.5,2.1893E+12,3.97225E-07
6077.5,2.1892E+12,3.9723E-07
6078.5,2.1891E+12,3.9723E-07
6079.5,2.189E+12,3.97235E-07
6080.5,2.1889E+12,3.9724E-07
6081.5,2.1888E+12,3.9724E-07
6082.5,2.1887E+12,3.97245E-07
6083.5,2.1886E+12,3.97245E-07
6084.5,2.1885E+12,3.9725E-07
6085.5,2.1884E+12,3.9725E-07
6086.5,2.1883E+12,3.97255E-07
6087.5,2.1882E+12,3.97255E-07
6088.5,2.1881E+12,3.9726E-07
6089.5,2.188E+12,3.9726E-07
6090.5,2.1879E+12,3.97265E-07
6091.5,2.1878E+12,3.9727E-07
6092.5,2.1877E+12,3.9727E-07
6093.5,2.1876E+12,3.97275E-07
6094.5,2.1875E+12,3.97275E-07
6095.5,2.1874E+12,3.9728E-07
6096.5,2.1873E+12,3.9728E-07
6097.5,2.1872E+12,3.97285E-07
6098.5,2.1871E+12,3.97285E-07
6099.5,2.187E+12,3.9729E-07
6100.5,2.1869E+12,3.97295E-07
6101.5,2.1868E+12,3.97295E-07
6102.5,2.1867E+12,3.973E-07
6103.5,2.1866E+12,3.973E-07
6104.5,2.1865E+12,3.97305E-07
6105.5,2.1864E+12,3.97305E-07
6106.5,2.1863E+12,3.9731E-07
6107.5,2.1862E+12,3.9731E-07
6108.5,2.1861E+12,3.97315E-07
6109.5,2.186E+12,3.9732E-07
6110.5,2.1859E+12,3.9732E-07
6111.5,2.1858E+12,3.97325E-07
6112.5,2.1857E+12,3.97325E-07
6113.5,2.1856E+12,3.9733E-07
6114.5,2.1855E+12,3.9733E-07
6115.5,2.1854E+12,3.97335E-07
6116.5,2.1853E+12,3.97335E-07
6117.5,2.1852E+12,3.9734E-07
6118.5,2.1851E+12,3.9734E-07
6119.5,2.185E+12,3.97345E-07
6120.5,2.1849E+12,3.9735E-07
6121.5,2.1848E+12,3.9735E-07
6122.5,2.1847E+12,3.97355E-07
6123.5,2.1846E+12,3.97355E-07
6124.5,2.1845E+12,3.9736E-07
6125.5,2.1844E+12,3.9736E-07
6126.5,2.1843E+12,3.97365E-07
6127.5,2.1842E+12,3.97365E-07
6128.5,2.1841E+12,3.9737E-07
6129.5,2.1841E+12,3.97375E-07
6130.5,2.184E+12,3.97375E-07
6131.5,2.1839E+12,3.9738E-07
6132.5,2.1838E+12,3.9738E-07
6133.5,2.1837E+12,3.97385E-07
6134.5,2.1836E+12,3.97385E-07
6135.5,2.1835E+12,3.9739E-07
6136.5,2.1834E+12,3.9739E-07
6137.5,2.1833E+12,3.97395E-07
6138.5,2.1832E+12,3.97395E-07
6139.5,2.1831E+12,3.974E-07
6140.5,2.183E+12,3.97405E-07
6141.5,2.1829E+12,3.97405E-07
6142.5,2.1828E+12,3.9741E-07
6143.5,2.1827E+12,3.9741E-07
6144.5,2.1826E+12,3.97415E-07
6145.5,2.1825E+12,3.97415E-07
6146.5,2.1824E+12,3.9742E-07
6147.5,2.1823E+12,3.9742E-07
6148.5,2.1822E+12,3.97425E-07
6149.5,2.1821E+12,3.9743E-07
6150.5,2.182E+12,3.9743E-07
6151.5,2.1819E+12,3.97435E-07
6152.5,2.1818E+12,3.97435E-07
6153.5,2.1817E+12,3.9744E-07
6154.5,2.1816E+12,3.9744E-07
6155.5,2.1815E+12,3.97445E-07
6156.5,2.1814E+12,3.97445E-07
6157.5,2.1813E+12,3.9745E-07
6158.5,2.1812E+12,3.9745E-07
6159.5,2.1811E+12,3.97455E-07
6160.5,2.181E+12,3.9746E-07
6161.5,2.1809E+12,3.9746E-07
6162.5,2.1808E+12,3.97465E-07
6163.5,2.1807E+12,3.97465E-07
6164.5,2.1806E+12,3.9747E-07
6165.5,2.1805E+12,3.9747E-07
6166.5,2.1805E+12,3.97475E-07
6167.5,2.1804E+12,3.97475E-07
6168.5,2.1803E+12,3.9748E-07
6169.5,2.1802E+12,3.9748E-07
6170.5,2.1801E+12,3.97485E-07
6171.5,2.18E+12,3.9749E-07
6172.5,2.1799E+12,3.9749E-07
6173.5,2.1798E+12,3.97495E-07
6174.5,2.1797E+12,3.97495E-07
6175.5,2.1796E+12,3.975E-07
6176.5,2.1795E+12,3.975E-07
6177.5,2.1794E+12,3.97505E-07
6178.5,2.1793E+12,3.97505E-07
6179.5,2.1792E+12,3.9751E-07
6180.5,2.1791E+12,3.9751E-07
6181.5,2.179E+12,3.97515E-07
6182.5,2.1789E+12,3.9752E-07
6183.5,2.1788E+12,3.9752E-07
6184.5,2.1787E+12,3.97525E-07
6185.5,2.1786E+12,3.97525E-07
6186.5,2.1785E+12,3.9753E-07
6187.5,2.1784E+12,3.9753E-07
6188.5,2.1783E+12,3.97535E-07
6189.5,2.1782E+12,3.97535E-07
6190.5,2.1781E+12,3.9754E-07
6191.5,2.178E+12,3.9754E-07
6192.5,2.1779E+12,3.97545E-07
6193.5,2.1778E+12,3.9755E-07
6194.5,2.1777E+12,3.9755E-07
6195.5,2.1777E+12,3.97555E-07
6196.5,2.1776E+12,3.97555E-07
6197.5,2.1775E+12,3.9756E-07
6198.5,2.1774E+12,3.9756E-07
6199.5,2.1773E+12,3.97565E-07
6200.5,2.1772E+12,3.97565E-07
6201.5,2.1771E+12,3.9757E-07
6202.5,2.177E+12,3.9757E-07
6203.5,2.1769E+12,3.97575E-07
6204.5,2.1768E+12,3.9758E-07
6205.5,2.1767E+12,3.9758E-07
6206.5,2.1766E+12,3.97585E-07
6207.5,2.1765E+12,3.97585E-07
6208.5,2.1764E+12,3.9759E-07
6209.5,2.1763E+12,3.9759E-07
6210.5,2.1762E+12,3.97595E-07
6211.5,2.1761E+12,3.97595E-07
6212.5,2.176E+12,3.976E-07
6213.5,2.1759E+12,3.976E-07
6214.5,2.1758E+12,3.97605E-07
6215.5,2.1757E+12,3.97605E-07
6216.5,2.1756E+12,3.9761E-07
6217.5,2.1755E+12,3.97615E-07
6218.5,2.1754E+12,3.97615E-07
6219.5,2.1753E+12,3.9762E-07
6220.5,2.1752E+12,3.9762E-07
6221.5,2.1752E+12,3.97625E-07
6222.5,2.1751E+12,3.97625E-07
6223.5,2.175E+12,3.9763E-07
6224.5,2.1749E+12,3.9763E-07
6225.5,2.1748E+12,3.97635E-07
6226.5,2.1747E+12,3.97635E-07
6227.5,2.1746E+12,3.9764E-07
6228.5,2.1745E+12,3.97645E-07
6229.5,2.1744E+12,3.97645E-07
6230.5,2.1743E+12,3.9765E-07
6231.5,2.1742E+12,3.9765E-07
6232.5,2.1741E+12,3.97655E-07
6233.5,2.174E+12,3.97655E-07
6234.5,2.1739E+12,3.9766E-07
6235.5,2.1738E+12,3.9766E-07
6236.5,2.1737E+12,3.97665E-07
6237.5,2.1736E+12,3.97665E-07
6238.5,2.1735E+12,3.9767E-07
6239.5,2.1734E+12,3.9767E-07
6240.5,2.1733E+12,3.97675E-07
6241.5,2.1732E+12,3.9768E-07
6242.5,2.1731E+12,3.9768E-07
6243.5,2.1731E+12,3.97685E-07
6244.5,2.173E+12,3.97685E-07
6245.5,2.1729E+12,3.9769E-07
6246.5,2.1728E+12,3.9769E-07
6247.5,2.1727E+12,3.97695E-07
6248.5,2.1726E+12,3.97695E-07
6249.5,2.1725E+12,3.977E-07
6250.5,2.1724E+12,3.977E-07
6251.5,2.1723E+12,3.97705E-07
6252.5,2.1722E+12,3.97705E-07
6253.5,2.1721E+12,3.9771E-07
6254.5,2.172E+12,3.97715E-07
6255.5,2.1719E+12,3.97715E-07
6256.5,2.1718E+12,3.9772E-07
6257.5,2.1717E+12,3.9772E-07
6258.5,2.1716E+12,3.97725E-07
6259.5,2.1715E+12,3.97725E-07
6260.5,2.1714E+12,3.9773E-07
6261.5,2.1713E+12,3.9773E-07
6262.5,2.1712E+12,3.97735E-07
6263.5,2.1712E+12,3.97735E-07
6264.5,2.1711E+12,3.9774E-07
6265.5,2.171E+12,3.9774E-07
6266.5,2.1709E+12,3.97745E-07
6267.5,2.1708E+12,3.9775E-07
6268.5,2.1707E+12,3.9775E-07
6269.5,2.1706E+12,3.97755E-07
6270.5,2.1705E+12,3.97755E-07
6271.5,2.1704E+12,3.9776E-07
6272.5,2.1703E+12,3.9776E-07
6273.5,2.1702E+12,3.97765E-07
6274.5,2.1701E+12,3.97765E-07
6275.5,2.17E+12,3.9777E-07
6276.5,2.1699E+12,3.9777E-07
6277.5,2.1698E+12,3.97775E-07
6278.5,2.1697E+12,3.97775E-07
6279.5,2.1696E+12,3.9778E-07
6280.5,2.1695E+12,3.9778E-07
6281.5,2.1694E+12,3.97785E-07
6282.5,2.1694E+12,3.9779E-07
6283.5,2.1693E+12,3.9779E-07
6284.5,2.1692E+12,3.97795E-07
6285.5,2.1691E+12,3.97795E-07
6286.5,2.169E+12,3.978E-07
6287.5,2.1689E+12,3.978E-07
6288.5,2.1688E+12,3.97805E-07
6289.5,2.1687E+12,3.97805E-07
6290.5,2.1686E+12,3.9781E-07
6291.5,2.1685E+12,3.9781E-07
6292.5,2.1684E+12,3.97815E-07
6293.5,2.1683E+12,3.97815E-07
6294.5,2.1682E+12,3.9782E-07
6295.5,2.1681E+12,3.97825E-07
6296.5,2.168E+12,3.97825E-07
6297.5,2.1679E+12,3.9783E-07
6298.5,2.1678E+12,3.9783E-07
6299.5,2.1677E+12,3.97835E-07
6300.5,2.1677E+12,3.97835E-07
6301.5,2.1676E+12,3.9784E-07
6302.5,2.1675E+12,3.9784E-07
6303.5,2.1674E+12,3.97845E-07
6304.5,2.1673E+12,3.97845E-07
6305.5,2.1672E+12,3.9785E-07
6306.5,2.1671E+12,3.9785E-07
6307.5,2.167E+12,3.97855E-07
6308.5,2.1669E+12,3.97855E-07
6309.5,2.1668E+12,3.9786E-07
6310.5,2.1667E+12,3.97865E-07
6311.5,2.1666E+12,3.97865E-07
6312.5,2.1665E+12,3.9787E-07
6313.5,2.1664E+12,3.9787E-07
6314.5,2.1663E+12,3.97875E-07
6315.5,2.1662E+12,3.97875E-07
6316.5,2.1662E+12,3.9788E-07
6317.5,2.1661E+12,3.9788E-07
6318.5,2.166E+12,3.97885E-07
6319.5,2.1659E+12,3.97885E-07
6320.5,2.1658E+12,3.9789E-07
6321.5,2.1657E+12,3.9789E-07
6322.5,2.1656E+12,3.97895E-07
6323.5,2.1655E+12,3.97895E-07
6324.5,2.1654E+12,3.979E-07
6325.5,2.1653E+12,3.97905E-07
6326.5,2.1652E+12,3.97905E-07
6327.5,2.1651E+12,3.9791E-07
6328.5,2.165E+12,3.9791E-07
6329.5,2.1649E+12,3.97915E-07
6330.5,2.1648E+12,3.97915E-07
6331.5,2.1647E+12,3.9792E-07
6332.5,2.1647E+12,3.9792E-07
6333.5,2.1646E+12,3.97925E-07
6334.5,2.1645E+12,3.97925E-07
6335.5,2.1644E+12,3.9793E-07
6336.5,2.1643E+12,3.9793E-07
6337.5,2.1642E+12,3.97935E-07
6338.5,2.1641E+12,3.97935E-07
6339.5,2.164E+12,3.9794E-07
6340.5,2.1639E+12,3.9794E-07
6341.5,2.1638E+12,3.97945E-07
6342.5,2.1637E+12,3.9795E-07
6343.5,2.1636E+12,3.9795E-07
6344.5,2.1635E+12,3.97955E-07
6345.5,2.1634E+12,3.97955E-07
6346.5,2.1633E+12,3.9796E-07
6347.5,2.1633E+12,3.9796E-07
6348.5,2.1632E+12,3.97965E-07
6349.5,2.1631E+12,3.97965E-07
6350.5,2.163E+12,3.9797E-07
6351.5,2.1629E+12,3.9797E-07
6352.5,2.1628E+12,3.97975E-07
6353.5,2.1627E+12,3.97975E-07
6354.5,2.1626E+12,3.9798E-07
6355.5,2.1625E+12,3.9798E-07
6356.5,2.1624E+12,3.97985E-07
6357.5,2.1623E+12,3.97985E-07
6358.5,2.1622E+12,3.9799E-07
6359.5,2.1621E+12,3.97995E-07
6360.5,2.162E+12,3.97995E-07
6361.5,2.1619E+12,0.000000398
6362.5,2.1619E+12,0.000000398
6363.5,2.1618E+12,3.98005E-07
6364.5,2.1617E+12,3.98005E-07
6365.5,2.1616E+12,3.9801E-07
6366.5,2.1615E+12,3.9801E-07
6367.5,2.1614E+12,3.98015E-07
6368.5,2.1613E+12,3.98015E-07
6369.5,2.1612E+12,3.9802E-07
6370.5,2.1611E+12,3.9802E-07
6371.5,2.161E+12,3.98025E-07
6372.5,2.1609E+12,3.98025E-07
6373.5,2.1608E+12,3.9803E-07
6374.5,2.1607E+12,3.9803E-07
6375.5,2.1606E+12,3.98035E-07
6376.5,2.1606E+12,3.9804E-07
6377.5,2.1605E+12,3.9804E-07
6378.5,2.1604E+12,3.98045E-07
6379.5,2.1603E+12,3.98045E-07
6380.5,2.1602E+12,3.9805E-07
6381.5,2.1601E+12,3.9805E-07
6382.5,2.16E+12,3.98055E-07
6383.5,2.1599E+12,3.98055E-07
6384.5,2.1598E+12,3.9806E-07
6385.5,2.1597E+12,3.9806E-07
6386.5,2.1596E+12,3.98065E-07
6387.5,2.1595E+12,3.98065E-07
6388.5,2.1594E+12,3.9807E-07
6389.5,2.1594E+12,3.9807E-07
6390.5,2.1593E+12,3.98075E-07
6391.5,2.1592E+12,3.98075E-07
6392.5,2.1591E+12,3.9808E-07
6393.5,2.159E+12,3.9808E-07
6394.5,2.1589E+12,3.98085E-07
6395.5,2.1588E+12,3.9809E-07
6396.5,2.1587E+12,3.9809E-07
6397.5,2.1586E+12,3.98095E-07
6398.5,2.1585E+12,3.98095E-07
6399.5,2.1584E+12,3.981E-07
6400.5,2.1583E+12,3.981E-07
6401.5,2.1582E+12,3.98105E-07
6402.5,2.1582E+12,3.98105E-07
6403.5,2.1581E+12,3.9811E-07
6404.5,2.158E+12,3.9811E-07
6405.5,2.1579E+12,3.98115E-07
6406.5,2.1578E+12,3.98115E-07
6407.5,2.1577E+12,3.9812E-07
6408.5,2.1576E+12,3.9812E-07
6409.5,2.1575E+12,3.98125E-07
6410.5,2.1574E+12,3.98125E-07
6411.5,2.1573E+12,3.9813E-07
6412.5,2.1572E+12,3.9813E-07
6413.5,2.1571E+12,3.98135E-07
6414.5,2.1571E+12,3.98135E-07
6415.5,2.157E+12,3.9814E-07
6416.5,2.1569E+12,3.98145E-07
6417.5,2.1568E+12,3.98145E-07
6418.5,2.1567E+12,3.9815E-07
6419.5,2.1566E+12,3.9815E-07
6420.5,2.1565E+12,3.98155E-07
6421.5,2.1564E+12,3.98155E-07
6422.5,2.1563E+12,3.9816E-07
6423.5,2.1562E+12,3.9816E-07
6424.5,2.1561E+12,3.98165E-07
6425.5,2.156E+12,3.98165E-07
6426.5,2.1559E+12,3.9817E-07
6427.5,2.1559E+12,3.9817E-07
6428.5,2.1558E+12,3.98175E-07
6429.5,2.1557E+12,3.98175E-07
6430.5,2.1556E+12,3.9818E-07
6431.5,2.1555E+12,3.9818E-07
6432.5,2.1554E+12,3.98185E-07
6433.5,2.1553E+12,3.98185E-07
6434.5,2.1552E+12,3.9819E-07
6435.5,2.1551E+12,3.9819E-07
6436.5,2.155E+12,3.98195E-07
6437.5,2.1549E+12,3.982E-07
6438.5,2.1548E+12,3.982E-07
6439.5,2.1548E+12,3.98205E-07
6440.5,2.1547E+12,3.98205E-07
6441.5,2.1546E+12,3.9821E-07
6442.5,2.1545E+12,3.9821E-07
6443.5,2.1544E+12,3.98215E-07
6444.5,2.1543E+12,3.98215E-07
6445.5,2.1542E+12,3.9822E-07
6446.5,2.1541E+12,3.9822E-07
6447.5,2.154E+12,3.98225E-07
6448.5,2.1539E+12,3.98225E-07
6449.5,2.1538E+12,3.9823E-07
6450.5,2.1538E+12,3.9823E-07
6451.5,2.1537E+12,3.98235E-07
6452.5,2.1536E+12,3.98235E-07
6453.5,2.1535E+12,3.9824E-07
6454.5,2.1534E+12,3.9824E-07
6455.5,2.1533E+12,3.98245E-07
6456.5,2.1532E+12,3.98245E-07
6457.5,2.1531E+12,3.9825E-07
6458.5,2.153E+12,3.9825E-07
6459.5,2.1529E+12,3.98255E-07
6460.5,2.1528E+12,3.9826E-07
6461.5,2.1528E+12,3.9826E-07
6462.5,2.1527E+12,3.98265E-07
6463.5,2.1526E+12,3.98265E-07
6464.5,2.1525E+12,3.9827E-07
6465.5,2.1524E+12,3.9827E-07
6466.5,2.1523E+12,3.98275E-07
6467.5,2.1522E+12,3.98275E-07
6468.5,2.1521E+12,3.9828E-07
6469.5,2.152E+12,3.9828E-07
6470.5,2.1519E+12,3.98285E-07
6471.5,2.1518E+12,3.98285E-07
6472.5,2.1518E+12,3.9829E-07
6473.5,2.1517E+12,3.9829E-07
6474.5,2.1516E+12,3.98295E-07
6475.5,2.1515E+12,3.98295E-07
6476.5,2.1514E+12,3.983E-07
6477.5,2.1513E+12,3.983E-07
6478.5,2.1512E+12,3.98305E-07
6479.5,2.1511E+12,3.98305E-07
6480.5,2.151E+12,3.9831E-07
6481.5,2.1509E+12,3.9831E-07
6482.5,2.1508E+12,3.98315E-07
6483.5,2.1508E+12,3.98315E-07
6484.5,2.1507E+12,3.9832E-07
6485.5,2.1506E+12,3.9832E-07
6486.5,2.1505E+12,3.98325E-07
6487.5,2.1504E+12,3.9833E-07
6488.5,2.1503E+12,3.9833E-07
6489.5,2.1502E+12,3.98335E-07
6490.5,2.1501E+12,3.98335E-07
6491.5,2.15E+12,3.9834E-07
6492.5,2.1499E+12,3.9834E-07
6493.5,2.1498E+12,3.98345E-07
6494.5,2.1498E+12,3.98345E-07
6495.5,2.1497E+12,3.9835E-07
6496.5,2.1496E+12,3.9835E-07
6497.5,2.1495E+12,3.98355E-07
6498.5,2.1494E+12,3.98355E-07
6499.5,2.1493E+12,3.9836E-07
6500.5,2.1492E+12,3.9836E-07
6501.5,2.1491E+12,3.98365E-07
6502.5,2.149E+12,3.98365E-07
6503.5,2.1489E+12,3.9837E-07
6504.5,2.1489E+12,3.9837E-07
6505.5,2.1488E+12,3.98375E-07
6506.5,2.1487E+12,3.98375E-07
6507.5,2.1486E+12,3.9838E-07
6508.5,2.1485E+12,3.9838E-07
6509.5,2.1484E+12,3.98385E-07
6510.5,2.1483E+12,3.98385E-07
6511.5,2.1482E+12,3.9839E-07
6512.5,2.1481E+12,3.9839E-07
6513.5,2.148E+12,3.98395E-07
6514.5,2.148E+12,3.98395E-07
6515.5,2.1479E+12,3.984E-07
6516.5,2.1478E+12,3.98405E-07
6517.5,2.1477E+12,3.98405E-07
6518.5,2.1476E+12,3.9841E-07
6519.5,2.1475E+12,3.9841E-07
6520.5,2.1474E+12,3.98415E-07
6521.5,2.1473E+12,3.98415E-07
6522.5,2.1472E+12,3.9842E-07
6523.5,2.1471E+12,3.9842E-07
6524.5,2.1471E+12,3.98425E-07
6525.5,2.147E+12,3.98425E-07
6526.5,2.1469E+12,3.9843E-07
6527.5,2.1468E+12,3.9843E-07
6528.5,2.1467E+12,3.98435E-07
6529.5,2.1466E+12,3.98435E-07
6530.5,2.1465E+12,3.9844E-07
6531.5,2.1464E+12,3.9844E-07
6532.5,2.1463E+12,3.98445E-07
6533.5,2.1462E+12,3.98445E-07
6534.5,2.1462E+12,3.9845E-07
6535.5,2.1461E+12,3.9845E-07
6536.5,2.146E+12,3.98455E-07
6537.5,2.1459E+12,3.98455E-07
6538.5,2.1458E+12,3.9846E-07
6539.5,2.1457E+12,3.9846E-07
6540.5,2.1456E+12,3.98465E-07
6541.5,2.1455E+12,3.98465E-07
6542.5,2.1454E+12,3.9847E-07
6543.5,2.1454E+12,3.9847E-07
6544.5,2.1453E+12,3.98475E-07
6545.5,2.1452E+12,3.98475E-07
6546.5,2.1451E+12,3.9848E-07
6547.5,2.145E+12,3.9848E-07
6548.5,2.1449E+12,3.98485E-07
6549.5,2.1448E+12,3.98485E-07
6550.5,2.1447E+12,3.9849E-07
6551.5,2.1446E+12,3.9849E-07
6552.5,2.1445E+12,3.98495E-07
6553.5,2.1445E+12,3.985E-07
6554.5,2.1444E+12,3.985E-07
6555.5,2.1443E+12,3.98505E-07
6556.5,2.1442E+12,3.98505E-07
6557.5,2.1441E+12,3.9851E-07
6558.5,2.144E+12,3.9851E-07
6559.5,2.1439E+12,3.98515E-07
6560.5,2.1438E+12,3.98515E-07
6561.5,2.1437E+12,3.9852E-07
6562.5,2.1437E+12,3.9852E-07
6563.5,2.1436E+12,3.98525E-07
6564.5,2.1435E+12,3.98525E-07
6565.5,2.1434E+12,3.9853E-07
6566.5,2.1433E+12,3.9853E-07
6567.5,2.1432E+12,3.98535E-07
6568.5,2.1431E+12,3.98535E-07
6569.5,2.143E+12,3.9854E-07
6570.5,2.1429E+12,3.9854E-07
6571.5,2.1429E+12,3.98545E-07
6572.5,2.1428E+12,3.98545E-07
6573.5,2.1427E+12,3.9855E-07
6574.5,2.1426E+12,3.9855E-07
6575.5,2.1425E+12,3.98555E-07
6576.5,2.1424E+12,3.98555E-07
6577.5,2.1423E+12,3.9856E-07
6578.5,2.1422E+12,3.9856E-07
6579.5,2.1421E+12,3.98565E-07
6580.5,2.1421E+12,3.98565E-07
6581.5,2.142E+12,3.9857E-07
6582.5,2.1419E+12,3.9857E-07
6583.5,2.1418E+12,3.98575E-07
6584.5,2.1417E+12,3.98575E-07
6585.5,2.1416E+12,3.9858E-07
6586.5,2.1415E+12,3.9858E-07
6587.5,2.1414E+12,3.98585E-07
6588.5,2.1413E+12,3.98585E-07
6589.5,2.1413E+12,3.9859E-07
6590.5,2.1412E+12,3.9859E-07
6591.5,2.1411E+12,3.98595E-07
6592.5,2.141E+12,3.98595E-07
6593.5,2.1409E+12,3.986E-07
6594.5,2.1408E+12,3.986E-07
6595.5,2.1407E+12,3.98605E-07
6596.5,2.1406E+12,3.98605E-07
6597.5,2.1405E+12,3.9861E-07
6598.5,2.1405E+12,3.9861E-07
6599.5,2.1404E+12,3.98615E-07
6600.5,2.1403E+12,3.9862E-07
6601.5,2.1402E+12,3.9862E-07
6602.5,2.1401E+12,3.98625E-07
6603.5,2.14E+12,3.98625E-07
6604.5,2.1399E+12,3.9863E-07
6605.5,2.1398E+12,3.9863E-07
6606.5,2.1397E+12,3.98635E-07
6607.5,2.1397E+12,3.98635E-07
6608.5,2.1396E+12,3.9864E-07
6609.5,2.1395E+12,3.9864E-07
6610.5,2.1394E+12,3.98645E-07
6611.5,2.1393E+12,3.98645E-07
6612.5,2.1392E+12,3.9865E-07
6613.5,2.1391E+12,3.9865E-07
6614.5,2.139E+12,3.98655E-07
6615.5,2.139E+12,3.98655E-07
6616.5,2.1389E+12,3.9866E-07
6617.5,2.1388E+12,3.9866E-07
6618.5,2.1387E+12,3.98665E-07
6619.5,2.1386E+12,3.98665E-07
6620.5,2.1385E+12,3.9867E-07
6621.5,2.1384E+12,3.9867E-07
6622.5,2.1383E+12,3.98675E-07
6623.5,2.1382E+12,3.98675E-07
6624.5,2.1382E+12,3.9868E-07
6625.5,2.1381E+12,3.9868E-07
6626.5,2.138E+12,3.98685E-07
6627.5,2.1379E+12,3.98685E-07
6628.5,2.1378E+12,3.9869E-07
6629.5,2.1377E+12,3.9869E-07
6630.5,2.1376E+12,3.98695E-07
6631.5,2.1375E+12,3.98695E-07
6632.5,2.1375E+12,3.987E-07
6633.5,2.1374E+12,3.987E-07
6634.5,2.1373E+12,3.98705E-07
6635.5,2.1372E+12,3.98705E-07
6636.5,2.1371E+12,3.9871E-07
6637.5,2.137E+12,3.9871E-07
6638.5,2.1369E+12,3.98715E-07
6639.5,2.1368E+12,3.98715E-07
6640.5,2.1368E+12,3.9872E-07
6641.5,2.1367E+12,3.9872E-07
6642.5,2.1366E+12,3.98725E-07
6643.5,2.1365E+12,3.98725E-07
6644.5,2.1364E+12,3.9873E-07
6645.5,2.1363E+12,3.9873E-07
6646.5,2.1362E+12,3.98735E-07
6647.5,2.1361E+12,3.98735E-07
6648.5,2.1361E+12,3.9874E-07
6649.5,2.136E+12,3.9874E-07
6650.5,2.1359E+12,3.98745E-07
6651.5,2.1358E+12,3.98745E-07
6652.5,2.1357E+12,3.9875E-07
6653.5,2.1356E+12,3.9875E-07
6654.5,2.1355E+12,3.98755E-07
6655.5,2.1354E+12,3.98755E-07
6656.5,2.1354E+12,3.9876E-07
6657.5,2.1353E+12,3.9876E-07
6658.5,2.1352E+12,3.98765E-07
6659.5,2.1351E+12,3.98765E-07
6660.5,2.135E+12,3.9877E-07
6661.5,2.1349E+12,3.9877E-07
6662.5,2.1348E+12,3.98775E-07
6663.5,2.1347E+12,3.98775E-07
6664.5,2.1347E+12,3.9878E-07
6665.5,2.1346E+12,3.9878E-07
6666.5,2.1345E+12,3.98785E-07
6667.5,2.1344E+12,3.98785E-07
6668.5,2.1343E+12,3.9879E-07
6669.5,2.1342E+12,3.9879E-07
6670.5,2.1341E+12,3.98795E-07
6671.5,2.134E+12,3.98795E-07
6672.5,2.134E+12,3.988E-07
6673.5,2.1339E+12,3.988E-07
6674.5,2.1338E+12,3.98805E-07
6675.5,2.1337E+12,3.98805E-07
6676.5,2.1336E+12,3.9881E-07
6677.5,2.1335E+12,3.9881E-07
6678.5,2.1334E+12,3.98815E-07
6679.5,2.1333E+12,3.98815E-07
6680.5,2.1333E+12,3.9882E-07
6681.5,2.1332E+12,3.9882E-07
6682.5,2.1331E+12,3.98825E-07
6683.5,2.133E+12,3.98825E-07
6684.5,2.1329E+12,3.9883E-07
6685.5,2.1328E+12,3.9883E-07
6686.5,2.1327E+12,3.98835E-07
6687.5,2.1326E+12,3.98835E-07
6688.5,2.1326E+12,3.9884E-07
6689.5,2.1325E+12,3.9884E-07
6690.5,2.1324E+12,3.98845E-07
6691.5,2.1323E+12,3.98845E-07
6692.5,2.1322E+12,3.9885E-07
6693.5,2.1321E+12,3.9885E-07
6694.5,2.132E+12,3.98855E-07
6695.5,2.132E+12,3.98855E-07
6696.5,2.1319E+12,3.9886E-07
6697.5,2.1318E+12,3.9886E-07
6698.5,2.1317E+12,3.98865E-07
6699.5,2.1316E+12,3.98865E-07
6700.5,2.1315E+12,3.9887E-07
6701.5,2.1314E+12,3.9887E-07
6702.5,2.1313E+12,3.98875E-07
6703.5,2.1313E+12,3.98875E-07
6704.5,2.1312E+12,3.9888E-07
6705.5,2.1311E+12,3.9888E-07
6706.5,2.131E+12,3.98885E-07
6707.5,2.1309E+12,3.98885E-07
6708.5,2.1308E+12,3.9889E-07
6709.5,2.1307E+12,3.9889E-07
6710.5,2.1307E+12,3.98895E-07
6711.5,2.1306E+12,3.98895E-07
6712.5,2.1305E+12,3.989E-07
6713.5,2.1304E+12,3.989E-07
6714.5,2.1303E+12,3.98905E-07
6715.5,2.1302E+12,3.98905E-07
6716.5,2.1301E+12,3.9891E-07
6717.5,2.13E+12,3.9891E-07
6718.5,2.13E+12,3.98915E-07
6719.5,2.1299E+12,3.98915E-07
6720.5,2.1298E+12,3.9892E-07
6721.5,2.1297E+12,3.9892E-07
6722.5,2.1296E+12,3.98925E-07
6723.5,2.1295E+12,3.98925E-07
6724.5,2.1294E+12,3.9893E-07
6725.5,2.1294E+12,3.9893E-07
6726.5,2.1293E+12,3.98935E-07
6727.5,2.1292E+12,3.98935E-07
6728.5,2.1291E+12,3.9894E-07
6729.5,2.129E+12,3.9894E-07
6730.5,2.1289E+12,3.98945E-07
6731.5,2.1288E+12,3.98945E-07
6732.5,2.1288E+12,3.9895E-07
6733.5,2.1287E+12,3.9895E-07
6734.5,2.1286E+12,3.98955E-07
6735.5,2.1285E+12,3.98955E-07
6736.5,2.1284E+12,3.9896E-07
6737.5,2.1283E+12,3.9896E-07
6738.5,2.1282E+12,3.98965E-07
6739.5,2.1282E+12,3.98965E-07
6740.5,2.1281E+12,3.9897E-07
6741.5,2.128E+12,3.9897E-07
6742.5,2.1279E+12,3.98975E-07
6743.5,2.1278E+12,3.98975E-07
6744.5,2.1277E+12,3.9898E-07
6745.5,2.1276E+12,3.9898E-07
6746.5,2.1275E+12,3.98985E-07
6747.5,2.1275E+12,3.98985E-07
6748.5,2.1274E+12,3.9899E-07
6749.5,2.1273E+12,3.9899E-07
6750.5,2.1272E+12,3.98995E-07
6751.5,2.1271E+12,3.98995E-07
6752.5,2.127E+12,0.000000399
6753.5,2.1269E+12,0.000000399
6754.5,2.1269E+12,3.99005E-07
6755.5,2.1268E+12,3.99005E-07
6756.5,2.1267E+12,3.9901E-07
6757.5,2.1266E+12,3.9901E-07
6758.5,2.1265E+12,3.99015E-07
6759.5,2.1264E+12,3.99015E-07
6760.5,2.1263E+12,3.9902E-07
6761.5,2.1263E+12,3.9902E-07
6762.5,2.1262E+12,3.99025E-07
6763.5,2.1261E+12,3.99025E-07
6764.5,2.126E+12,3.9903E-07
6765.5,2.1259E+12,3.9903E-07
6766.5,2.1258E+12,3.99035E-07
6767.5,2.1257E+12,3.99035E-07
6768.5,2.1257E+12,3.9904E-07
6769.5,2.1256E+12,3.9904E-07
6770.5,2.1255E+12,3.99045E-07
6771.5,2.1254E+12,3.99045E-07
6772.5,2.1253E+12,3.9905E-07
6773.5,2.1252E+12,3.9905E-07
6774.5,2.1252E+12,3.99055E-07
6775.5,2.1251E+12,3.99055E-07
6776.5,2.125E+12,3.9906E-07
6777.5,2.1249E+12,3.9906E-07
6778.5,2.1248E+12,3.99065E-07
6779.5,2.1247E+12,3.99065E-07
6780.5,2.1246E+12,3.9907E-07
6781.5,2.1246E+12,3.9907E-07
6782.5,2.1245E+12,3.99075E-07
6783.5,2.1244E+12,3.99075E-07
6784.5,2.1243E+12,3.9908E-07
6785.5,2.1242E+12,3.9908E-07
6786.5,2.1241E+12,3.99085E-07
6787.5,2.124E+12,3.99085E-07
6788.5,2.124E+12,3.9909E-07
6789.5,2.1239E+12,3.9909E-07
6790.5,2.1238E+12,3.99095E-07
6791.5,2.1237E+12,3.99095E-07
6792.5,2.1236E+12,3.991E-07
6793.5,2.1235E+12,3.991E-07
6794.5,2.1234E+12,3.99105E-07
6795.5,2.1234E+12,3.99105E-07
6796.5,2.1233E+12,3.9911E-07
6797.5,2.1232E+12,3.9911E-07
6798.5,2.1231E+12,3.99115E-07
6799.5,2.123E+12,3.99115E-07
6800.5,2.1229E+12,3.9912E-07
6801.5,2.1228E+12,3.9912E-07
6802.5,2.1228E+12,3.99125E-07
6803.5,2.1227E+12,3.99125E-07
6804.5,2.1226E+12,3.9913E-07
6805.5,2.1225E+12,3.9913E-07
6806.5,2.1224E+12,3.99135E-07
6807.5,2.1223E+12,3.99135E-07
6808.5,2.1223E+12,3.9914E-07
6809.5,2.1222E+12,3.9914E-07
6810.5,2.1221E+12,3.99145E-07
6811.5,2.122E+12,3.99145E-07
6812.5,2.1219E+12,3.9915E-07
6813.5,2.1218E+12,3.9915E-07
6814.5,2.1217E+12,3.99155E-07
6815.5,2.1217E+12,3.99155E-07
6816.5,2.1216E+12,3.99155E-07
6817.5,2.1215E+12,3.9916E-07
6818.5,2.1214E+12,3.9916E-07
6819.5,2.1213E+12,3.99165E-07
6820.5,2.1212E+12,3.99165E-07
6821.5,2.1212E+12,3.9917E-07
6822.5,2.1211E+12,3.9917E-07
6823.5,2.121E+12,3.99175E-07
6824.5,2.1209E+12,3.99175E-07
6825.5,2.1208E+12,3.9918E-07
6826.5,2.1207E+12,3.9918E-07
6827.5,2.1206E+12,3.99185E-07
6828.5,2.1206E+12,3.99185E-07
6829.5,2.1205E+12,3.9919E-07
6830.5,2.1204E+12,3.9919E-07
6831.5,2.1203E+12,3.99195E-07
6832.5,2.1202E+12,3.99195E-07
6833.5,2.1201E+12,3.992E-07
6834.5,2.1201E+12,3.992E-07
6835.5,2.12E+12,3.99205E-07
6836.5,2.1199E+12,3.99205E-07
6837.5,2.1198E+12,3.9921E-07
6838.5,2.1197E+12,3.9921E-07
6839.5,2.1196E+12,3.99215E-07
6840.5,2.1195E+12,3.99215E-07
6841.5,2.1195E+12,3.9922E-07
6842.5,2.1194E+12,3.9922E-07
6843.5,2.1193E+12,3.99225E-07
6844.5,2.1192E+12,3.99225E-07
6845.5,2.1191E+12,3.9923E-07
6846.5,2.119E+12,3.9923E-07
6847.5,2.119E+12,3.99235E-07
6848.5,2.1189E+12,3.99235E-07
6849.5,2.1188E+12,3.9924E-07
6850.5,2.1187E+12,3.9924E-07
6851.5,2.1186E+12,3.99245E-07
6852.5,2.1185E+12,3.99245E-07
6853.5,2.1185E+12,3.9925E-07
6854.5,2.1184E+12,3.9925E-07
6855.5,2.1183E+12,3.99255E-07
6856.5,2.1182E+12,3.99255E-07
6857.5,2.1181E+12,3.9926E-07
6858.5,2.118E+12,3.9926E-07
6859.5,2.1179E+12,3.99265E-07
6860.5,2.1179E+12,3.99265E-07
6861.5,2.1178E+12,3.9927E-07
6862.5,2.1177E+12,3.9927E-07
6863.5,2.1176E+12,3.99275E-07
6864.5,2.1175E+12,3.99275E-07
6865.5,2.1174E+12,3.99275E-07
6866.5,2.1174E+12,3.9928E-07
6867.5,2.1173E+12,3.9928E-07
6868.5,2.1172E+12,3.99285E-07
6869.5,2.1171E+12,3.99285E-07
6870.5,2.117E+12,3.9929E-07
6871.5,2.1169E+12,3.9929E-07
6872.5,2.1169E+12,3.99295E-07
6873.5,2.1168E+12,3.99295E-07
6874.5,2.1167E+12,3.993E-07
6875.5,2.1166E+12,3.993E-07
6876.5,2.1165E+12,3.99305E-07
6877.5,2.1164E+12,3.99305E-07
6878.5,2.1164E+12,3.9931E-07
6879.5,2.1163E+12,3.9931E-07
6880.5,2.1162E+12,3.99315E-07
6881.5,2.1161E+12,3.99315E-07
6882.5,2.116E+12,3.9932E-07
6883.5,2.1159E+12,3.9932E-07
6884.5,2.1159E+12,3.99325E-07
6885.5,2.1158E+12,3.99325E-07
6886.5,2.1157E+12,3.9933E-07
6887.5,2.1156E+12,3.9933E-07
6888.5,2.1155E+12,3.99335E-07
6889.5,2.1154E+12,3.99335E-07
6890.5,2.1153E+12,3.9934E-07
6891.5,2.1153E+12,3.9934E-07
6892.5,2.1152E+12,3.99345E-07
6893.5,2.1151E+12,3.99345E-07
6894.5,2.115E+12,3.9935E-07
6895.5,2.1149E+12,3.9935E-07
6896.5,2.1148E+12,3.99355E-07
6897.5,2.1148E+12,3.99355E-07
6898.5,2.1147E+12,3.9936E-07
6899.5,2.1146E+12,3.9936E-07
6900.5,2.1145E+12,3.99365E-07
6901.5,2.1144E+12,3.99365E-07
6902.5,2.1143E+12,3.99365E-07
6903.5,2.1143E+12,3.9937E-07
6904.5,2.1142E+12,3.9937E-07
6905.5,2.1141E+12,3.99375E-07
6906.5,2.114E+12,3.99375E-07
6907.5,2.1139E+12,3.9938E-07
6908.5,2.1138E+12,3.9938E-07
6909.5,2.1138E+12,3.99385E-07
6910.5,2.1137E+12,3.99385E-07
6911.5,2.1136E+12,3.9939E-07
6912.5,2.1135E+12,3.9939E-07
6913.5,2.1134E+12,3.99395E-07
6914.5,2.1133E+12,3.99395E-07
6915.5,2.1133E+12,3.994E-07
6916.5,2.1132E+12,3.994E-07
6917.5,2.1131E+12,3.99405E-07
6918.5,2.113E+12,3.99405E-07
6919.5,2.1129E+12,3.9941E-07
6920.5,2.1129E+12,3.9941E-07
6921.5,2.1128E+12,3.99415E-07
6922.5,2.1127E+12,3.99415E-07
6923.5,2.1126E+12,3.9942E-07
6924.5,2.1125E+12,3.9942E-07
6925.5,2.1124E+12,3.99425E-07
6926.5,2.1124E+12,3.99425E-07
6927.5,2.1123E+12,3.9943E-07
6928.5,2.1122E+12,3.9943E-07
6929.5,2.1121E+12,3.99435E-07
6930.5,2.112E+12,3.99435E-07
6931.5,2.1119E+12,3.9944E-07
6932.5,2.1119E+12,3.9944E-07
6933.5,2.1118E+12,3.9944E-07
6934.5,2.1117E+12,3.99445E-07
6935.5,2.1116E+12,3.99445E-07
6936.5,2.1115E+12,3.9945E-07
6937.5,2.1114E+12,3.9945E-07
6938.5,2.1114E+12,3.99455E-07
6939.5,2.1113E+12,3.99455E-07
6940.5,2.1112E+12,3.9946E-07
6941.5,2.1111E+12,3.9946E-07
6942.5,2.111E+12,3.99465E-07
6943.5,2.1109E+12,3.99465E-07
6944.5,2.1109E+12,3.9947E-07
6945.5,2.1108E+12,3.9947E-07
6946.5,2.1107E+12,3.99475E-07
6947.5,2.1106E+12,3.99475E-07
6948.5,2.1105E+12,3.9948E-07
6949.5,2.1104E+12,3.9948E-07
6950.5,2.1104E+12,3.99485E-07
6951.5,2.1103E+12,3.99485E-07
6952.5,2.1102E+12,3.9949E-07
6953.5,2.1101E+12,3.9949E-07
6954.5,2.11E+12,3.99495E-07
6955.5,2.11E+12,3.99495E-07
6956.5,2.1099E+12,3.995E-07
6957.5,2.1098E+12,3.995E-07
6958.5,2.1097E+12,3.99505E-07
6959.5,2.1096E+12,3.99505E-07
6960.5,2.1095E+12,3.9951E-07
6961.5,2.1095E+12,3.9951E-07
6962.5,2.1094E+12,3.9951E-07
6963.5,2.1093E+12,3.99515E-07
6964.5,2.1092E+12,3.99515E-07
6965.5,2.1091E+12,3.9952E-07
6966.5,2.109E+12,3.9952E-07
6967.5,2.109E+12,3.99525E-07
6968.5,2.1089E+12,3.99525E-07
6969.5,2.1088E+12,3.9953E-07
6970.5,2.1087E+12,3.9953E-07
6971.5,2.1086E+12,3.99535E-07
6972.5,2.1086E+12,3.99535E-07
6973.5,2.1085E+12,3.9954E-07
6974.5,2.1084E+12,3.9954E-07
6975.5,2.1083E+12,3.99545E-07
6976.5,2.1082E+12,3.99545E-07
6977.5,2.1081E+12,3.9955E-07
6978.5,2.1081E+12,3.9955E-07
6979.5,2.108E+12,3.99555E-07
6980.5,2.1079E+12,3.99555E-07
6981.5,2.1078E+12,3.9956E-07
6982.5,2.1077E+12,3.9956E-07
6983.5,2.1076E+12,3.99565E-07
6984.5,2.1076E+12,3.99565E-07
6985.5,2.1075E+12,3.9957E-07
6986.5,2.1074E+12,3.9957E-07
6987.5,2.1073E+12,3.9957E-07
6988.5,2.1072E+12,3.99575E-07
6989.5,2.1072E+12,3.99575E-07
6990.5,2.1071E+12,3.9958E-07
6991.5,2.107E+12,3.9958E-07
6992.5,2.1069E+12,3.99585E-07
6993.5,2.1068E+12,3.99585E-07
6994.5,2.1067E+12,3.9959E-07
6995.5,2.1067E+12,3.9959E-07
6996.5,2.1066E+12,3.99595E-07
6997.5,2.1065E+12,3.99595E-07
6998.5,2.1064E+12,3.996E-07
6999.5,2.1063E+12,3.996E-07
7000.5,2.1063E+12,3.99605E-07
7001.5,2.1062E+12,3.99605E-07
7002.5,2.1061E+12,3.9961E-07
7003.5,2.106E+12,3.9961E-07
7004.5,2.1059E+12,3.99615E-07
7005.5,2.1058E+12,3.99615E-07
7006.5,2.1058E+12,3.9962E-07
7007.5,2.1057E+12,3.9962E-07
7008.5,2.1056E+12,3.99625E-07
7009.5,2.1055E+12,3.99625E-07
7010.5,2.1054E+12,3.99625E-07
7011.5,2.1054E+12,3.9963E-07
7012.5,2.1053E+12,3.9963E-07
7013.5,2.1052E+12,3.99635E-07
7014.5,2.1051E+12,3.99635E-07
7015.5,2.105E+12,3.9964E-07
7016.5,2.1049E+12,3.9964E-07
7017.5,2.1049E+12,3.99645E-07
7018.5,2.1048E+12,3.99645E-07
7019.5,2.1047E+12,3.9965E-07
7020.5,2.1046E+12,3.9965E-07
7021.5,2.1045E+12,3.99655E-07
7022.5,2.1045E+12,3.99655E-07
7023.5,2.1044E+12,3.9966E-07
7024.5,2.1043E+12,3.9966E-07
7025.5,2.1042E+12,3.99665E-07
7026.5,2.1041E+12,3.99665E-07
7027.5,2.1041E+12,3.9967E-07
7028.5,2.104E+12,3.9967E-07
7029.5,2.1039E+12,3.99675E-07
7030.5,2.1038E+12,3.99675E-07
7031.5,2.1037E+12,3.99675E-07
7032.5,2.1036E+12,3.9968E-07
7033.5,2.1036E+12,3.9968E-07
7034.5,2.1035E+12,3.99685E-07
7035.5,2.1034E+12,3.99685E-07
7036.5,2.1033E+12,3.9969E-07
7037.5,2.1032E+12,3.9969E-07
7038.5,2.1032E+12,3.99695E-07
7039.5,2.1031E+12,3.99695E-07
7040.5,2.103E+12,3.997E-07
7041.5,2.1029E+12,3.997E-07
7042.5,2.1028E+12,3.99705E-07
7043.5,2.1028E+12,3.99705E-07
7044.5,2.1027E+12,3.9971E-07
7045.5,2.1026E+12,3.9971E-07
7046.5,2.1025E+12,3.99715E-07
7047.5,2.1024E+12,3.99715E-07
7048.5,2.1023E+12,3.9972E-07
7049.5,2.1023E+12,3.9972E-07
7050.5,2.1022E+12,3.9972E-07
7051.5,2.1021E+12,3.99725E-07
7052.5,2.102E+12,3.99725E-07
7053.5,2.1019E+12,3.9973E-07
7054.5,2.1019E+12,3.9973E-07
7055.5,2.1018E+12,3.99735E-07
7056.5,2.1017E+12,3.99735E-07
7057.5,2.1016E+12,3.9974E-07
7058.5,2.1015E+12,3.9974E-07
7059.5,2.1015E+12,3.99745E-07
7060.5,2.1014E+12,3.99745E-07
7061.5,2.1013E+12,3.9975E-07
7062.5,2.1012E+12,3.9975E-07
7063.5,2.1011E+12,3.99755E-07
7064.5,2.1011E+12,3.99755E-07
7065.5,2.101E+12,3.9976E-07
7066.5,2.1009E+12,3.9976E-07
7067.5,2.1008E+12,3.99765E-07
7068.5,2.1007E+12,3.99765E-07
7069.5,2.1006E+12,3.99765E-07
7070.5,2.1006E+12,3.9977E-07
7071.5,2.1005E+12,3.9977E-07
7072.5,2.1004E+12,3.99775E-07
7073.5,2.1003E+12,3.99775E-07
7074.5,2.1002E+12,3.9978E-07
7075.5,2.1002E+12,3.9978E-07
7076.5,2.1001E+12,3.99785E-07
7077.5,2.1E+12,3.99785E-07
7078.5,2.0999E+12,3.9979E-07
7079.5,2.0998E+12,3.9979E-07
7080.5,2.0998E+12,3.99795E-07
7081.5,2.0997E+12,3.99795E-07
7082.5,2.0996E+12,3.998E-07
7083.5,2.0995E+12,3.998E-07
7084.5,2.0994E+12,3.99805E-07
7085.5,2.0994E+12,3.99805E-07
7086.5,2.0993E+12,3.9981E-07
7087.5,2.0992E+12,3.9981E-07
7088.5,2.0991E+12,3.9981E-07
7089.5,2.099E+12,3.99815E-07
7090.5,2.099E+12,3.99815E-07
7091.5,2.0989E+12,3.9982E-07
7092.5,2.0988E+12,3.9982E-07
7093.5,2.0987E+12,3.99825E-07
7094.5,2.0986E+12,3.99825E-07
7095.5,2.0986E+12,3.9983E-07
7096.5,2.0985E+12,3.9983E-07
7097.5,2.0984E+12,3.99835E-07
7098.5,2.0983E+12,3.99835E-07
7099.5,2.0982E+12,3.9984E-07
7100.5,2.0982E+12,3.9984E-07
7101.5,2.0981E+12,3.99845E-07
7102.5,2.098E+12,3.99845E-07
7103.5,2.0979E+12,3.9985E-07
7104.5,2.0978E+12,3.9985E-07
7105.5,2.0978E+12,3.9985E-07
7106.5,2.0977E+12,3.99855E-07
7107.5,2.0976E+12,3.99855E-07
7108.5,2.0975E+12,3.9986E-07
7109.5,2.0974E+12,3.9986E-07
7110.5,2.0974E+12,3.99865E-07
7111.5,2.0973E+12,3.99865E-07
7112.5,2.0972E+12,3.9987E-07
7113.5,2.0971E+12,3.9987E-07
7114.5,2.097E+12,3.99875E-07
7115.5,2.097E+12,3.99875E-07
7116.5,2.0969E+12,3.9988E-07
7117.5,2.0968E+12,3.9988E-07
7118.5,2.0967E+12,3.99885E-07
7119.5,2.0966E+12,3.99885E-07
7120.5,2.0966E+12,3.9989E-07
7121.5,2.0965E+12,3.9989E-07
7122.5,2.0964E+12,3.9989E-07
7123.5,2.0963E+12,3.99895E-07
7124.5,2.0962E+12,3.99895E-07
7125.5,2.0962E+12,3.999E-07
7126.5,2.0961E+12,3.999E-07
7127.5,2.096E+12,3.99905E-07
7128.5,2.0959E+12,3.99905E-07
7129.5,2.0958E+12,3.9991E-07
7130.5,2.0958E+12,3.9991E-07
7131.5,2.0957E+12,3.99915E-07
7132.5,2.0956E+12,3.99915E-07
7133.5,2.0955E+12,3.9992E-07
7134.5,2.0954E+12,3.9992E-07
7135.5,2.0954E+12,3.99925E-07
7136.5,2.0953E+12,3.99925E-07
7137.5,2.0952E+12,3.99925E-07
7138.5,2.0951E+12,3.9993E-07
7139.5,2.095E+12,3.9993E-07
7140.5,2.095E+12,3.99935E-07
7141.5,2.0949E+12,3.99935E-07
7142.5,2.0948E+12,3.9994E-07
7143.5,2.0947E+12,3.9994E-07
7144.5,2.0946E+12,3.99945E-07
7145.5,2.0946E+12,3.99945E-07
7146.5,2.0945E+12,3.9995E-07
7147.5,2.0944E+12,3.9995E-07
7148.5,2.0943E+12,3.99955E-07
7149.5,2.0942E+12,3.99955E-07
7150.5,2.0942E+12,3.9996E-07
7151.5,2.0941E+12,3.9996E-07
7152.5,2.094E+12,3.99965E-07
7153.5,2.0939E+12,3.99965E-07
7154.5,2.0938E+12,3.99965E-07
7155.5,2.0938E+12,3.9997E-07
7156.5,2.0937E+12,3.9997E-07
7157.5,2.0936E+12,3.99975E-07
7158.5,2.0935E+12,3.99975E-07
7159.5,2.0934E+12,3.9998E-07
7160.5,2.0934E+12,3.9998E-07
7161.5,2.0933E+12,3.99985E-07
7162.5,2.0932E+12,3.99985E-07
7163.5,2.0931E+12,3.9999E-07
7164.5,2.093E+12,3.9999E-07
7165.5,2.093E+12,3.99995E-07
7166.5,2.0929E+12,3.99995E-07
7167.5,2.0928E+12,0.0000004
7168.5,2.0927E+12,0.0000004
7169.5,2.0927E+12,0.0000004
7170.5,2.0926E+12,4.00005E-07
7171.5,2.0925E+12,4.00005E-07
7172.5,2.0924E+12,4.0001E-07
7173.5,2.0923E+12,4.0001E-07
7174.5,2.0923E+12,4.00015E-07
7175.5,2.0922E+12,4.00015E-07
7176.5,2.0921E+12,4.0002E-07
7177.5,2.092E+12,4.0002E-07
7178.5,2.0919E+12,4.00025E-07
7179.5,2.0919E+12,4.00025E-07
7180.5,2.0918E+12,4.0003E-07
7181.5,2.0917E+12,4.0003E-07
7182.5,2.0916E+12,4.00035E-07
7183.5,2.0915E+12,4.00035E-07
7184.5,2.0915E+12,4.00035E-07
7185.5,2.0914E+12,4.0004E-07
7186.5,2.0913E+12,4.0004E-07
7187.5,2.0912E+12,4.00045E-07
7188.5,2.0911E+12,4.00045E-07
7189.5,2.0911E+12,4.0005E-07
7190.5,2.091E+12,4.0005E-07
7191.5,2.0909E+12,4.00055E-07
7192.5,2.0908E+12,4.00055E-07
7193.5,2.0908E+12,4.0006E-07
7194.5,2.0907E+12,4.0006E-07
7195.5,2.0906E+12,4.00065E-07
7196.5,2.0905E+12,4.00065E-07
7197.5,2.0904E+12,4.00065E-07
7198.5,2.0904E+12,4.0007E-07
7199.5,2.0903E+12,4.0007E-07
7200.5,2.0902E+12,4.00075E-07
7201.5,2.0901E+12,4.00075E-07
7202.5,2.09E+12,4.0008E-07
7203.5,2.09E+12,4.0008E-07
7204.5,2.0899E+12,4.00085E-07
7205.5,2.0898E+12,4.00085E-07
7206.5,2.0897E+12,4.0009E-07
7207.5,2.0897E+12,4.0009E-07
7208.5,2.0896E+12,4.00095E-07
7209.5,2.0895E+12,4.00095E-07
7210.5,2.0894E+12,4.00095E-07
7211.5,2.0893E+12,4.001E-07
7212.5,2.0893E+12,4.001E-07
7213.5,2.0892E+12,4.00105E-07
7214.5,2.0891E+12,4.00105E-07
7215.5,2.089E+12,4.0011E-07
7216.5,2.0889E+12,4.0011E-07
7217.5,2.0889E+12,4.00115E-07
7218.5,2.0888E+12,4.00115E-07
7219.5,2.0887E+12,4.0012E-07
7220.5,2.0886E+12,4.0012E-07
7221.5,2.0885E+12,4.00125E-07
7222.5,2.0885E+12,4.00125E-07
7223.5,2.0884E+12,4.0013E-07
7224.5,2.0883E+12,4.0013E-07
7225.5,2.0882E+12,4.0013E-07
7226.5,2.0882E+12,4.00135E-07
7227.5,2.0881E+12,4.00135E-07
7228.5,2.088E+12,4.0014E-07
7229.5,2.0879E+12,4.0014E-07
7230.5,2.0878E+12,4.00145E-07
7231.5,2.0878E+12,4.00145E-07
7232.5,2.0877E+12,4.0015E-07
7233.5,2.0876E+12,4.0015E-07
7234.5,2.0875E+12,4.00155E-07
7235.5,2.0875E+12,4.00155E-07
7236.5,2.0874E+12,4.0016E-07
7237.5,2.0873E+12,4.0016E-07
7238.5,2.0872E+12,4.0016E-07
7239.5,2.0871E+12,4.00165E-07
7240.5,2.0871E+12,4.00165E-07
7241.5,2.087E+12,4.0017E-07
7242.5,2.0869E+12,4.0017E-07
7243.5,2.0868E+12,4.00175E-07
7244.5,2.0867E+12,4.00175E-07
7245.5,2.0867E+12,4.0018E-07
7246.5,2.0866E+12,4.0018E-07
7247.5,2.0865E+12,4.00185E-07
7248.5,2.0864E+12,4.00185E-07
7249.5,2.0864E+12,4.0019E-07
7250.5,2.0863E+12,4.0019E-07
7251.5,2.0862E+12,4.0019E-07
7252.5,2.0861E+12,4.00195E-07
7253.5,2.086E+12,4.00195E-07
7254.5,2.086E+12,4.002E-07
7255.5,2.0859E+12,4.002E-07
7256.5,2.0858E+12,4.00205E-07
7257.5,2.0857E+12,4.00205E-07
7258.5,2.0857E+12,4.0021E-07
7259.5,2.0856E+12,4.0021E-07
7260.5,2.0855E+12,4.00215E-07
7261.5,2.0854E+12,4.00215E-07
7262.5,2.0853E+12,4.0022E-07
7263.5,2.0853E+12,4.0022E-07
7264.5,2.0852E+12,4.0022E-07
7265.5,2.0851E+12,4.00225E-07
7266.5,2.085E+12,4.00225E-07
7267.5,2.085E+12,4.0023E-07
7268.5,2.0849E+12,4.0023E-07
7269.5,2.0848E+12,4.00235E-07
7270.5,2.0847E+12,4.00235E-07
7271.5,2.0846E+12,4.0024E-07
7272.5,2.0846E+12,4.0024E-07
7273.5,2.0845E+12,4.00245E-07
7274.5,2.0844E+12,4.00245E-07
7275.5,2.0843E+12,4.00245E-07
7276.5,2.0843E+12,4.0025E-07
7277.5,2.0842E+12,4.0025E-07
7278.5,2.0841E+12,4.00255E-07
7279.5,2.084E+12,4.00255E-07
7280.5,2.0839E+12,4.0026E-07
7281.5,2.0839E+12,4.0026E-07
7282.5,2.0838E+12,4.00265E-07
7283.5,2.0837E+12,4.00265E-07
7284.5,2.0836E+12,4.0027E-07
7285.5,2.0836E+12,4.0027E-07
7286.5,2.0835E+12,4.00275E-07
7287.5,2.0834E+12,4.00275E-07
7288.5,2.0833E+12,4.00275E-07
7289.5,2.0832E+12,4.0028E-07
7290.5,2.0832E+12,4.0028E-07
7291.5,2.0831E+12,4.00285E-07
7292.5,2.083E+12,4.00285E-07
7293.5,2.0829E+12,4.0029E-07
7294.5,2.0829E+12,4.0029E-07
7295.5,2.0828E+12,4.00295E-07
7296.5,2.0827E+12,4.00295E-07
7297.5,2.0826E+12,4.003E-07
7298.5,2.0825E+12,4.003E-07
7299.5,2.0825E+12,4.003E-07
7300.5,2.0824E+12,4.00305E-07
7301.5,2.0823E+12,4.00305E-07
7302.5,2.0822E+12,4.0031E-07
7303.5,2.0822E+12,4.0031E-07
7304.5,2.0821E+12,4.00315E-07
7305.5,2.082E+12,4.00315E-07
7306.5,2.0819E+12,4.0032E-07
7307.5,2.0819E+12,4.0032E-07
7308.5,2.0818E+12,4.00325E-07
7309.5,2.0817E+12,4.00325E-07
7310.5,2.0816E+12,4.00325E-07
7311.5,2.0815E+12,4.0033E-07
7312.5,2.0815E+12,4.0033E-07
7313.5,2.0814E+12,4.00335E-07
7314.5,2.0813E+12,4.00335E-07
7315.5,2.0812E+12,4.0034E-07
7316.5,2.0812E+12,4.0034E-07
7317.5,2.0811E+12,4.00345E-07
7318.5,2.081E+12,4.00345E-07
7319.5,2.0809E+12,4.0035E-07
7320.5,2.0809E+12,4.0035E-07
7321.5,2.0808E+12,4.00355E-07
7322.5,2.0807E+12,4.00355E-07
7323.5,2.0806E+12,4.00355E-07
7324.5,2.0805E+12,4.0036E-07
7325.5,2.0805E+12,4.0036E-07
7326.5,2.0804E+12,4.00365E-07
7327.5,2.0803E+12,4.00365E-07
7328.5,2.0802E+12,4.0037E-07
7329.5,2.0802E+12,4.0037E-07
7330.5,2.0801E+12,4.00375E-07
7331.5,2.08E+12,4.00375E-07
7332.5,2.0799E+12,4.0038E-07
7333.5,2.0798E+12,4.0038E-07
7334.5,2.0798E+12,4.0038E-07
7335.5,2.0797E+12,4.00385E-07
7336.5,2.0796E+12,4.00385E-07
7337.5,2.0795E+12,4.0039E-07
7338.5,2.0795E+12,4.0039E-07
7339.5,2.0794E+12,4.00395E-07
7340.5,2.0793E+12,4.00395E-07
7341.5,2.0792E+12,4.004E-07
7342.5,2.0792E+12,4.004E-07
7343.5,2.0791E+12,4.00405E-07
7344.5,2.079E+12,4.00405E-07
7345.5,2.0789E+12,4.00405E-07
7346.5,2.0789E+12,4.0041E-07
7347.5,2.0788E+12,4.0041E-07
7348.5,2.0787E+12,4.00415E-07
7349.5,2.0786E+12,4.00415E-07
7350.5,2.0785E+12,4.0042E-07
7351.5,2.0785E+12,4.0042E-07
7352.5,2.0784E+12,4.00425E-07
7353.5,2.0783E+12,4.00425E-07
7354.5,2.0782E+12,4.0043E-07
7355.5,2.0782E+12,4.0043E-07
7356.5,2.0781E+12,4.0043E-07
7357.5,2.078E+12,4.00435E-07
7358.5,2.0779E+12,4.00435E-07
7359.5,2.0779E+12,4.0044E-07
7360.5,2.0778E+12,4.0044E-07
7361.5,2.0777E+12,4.00445E-07
7362.5,2.0776E+12,4.00445E-07
7363.5,2.0775E+12,4.0045E-07
7364.5,2.0775E+12,4.0045E-07
7365.5,2.0774E+12,4.00455E-07
7366.5,2.0773E+12,4.00455E-07
7367.5,2.0772E+12,4.00455E-07
7368.5,2.0772E+12,4.0046E-07
7369.5,2.0771E+12,4.0046E-07
7370.5,2.077E+12,4.00465E-07
7371.5,2.0769E+12,4.00465E-07
7372.5,2.0769E+12,4.0047E-07
7373.5,2.0768E+12,4.0047E-07
7374.5,2.0767E+12,4.00475E-07
7375.5,2.0766E+12,4.00475E-07
7376.5,2.0766E+12,4.00475E-07
7377.5,2.0765E+12,4.0048E-07
7378.5,2.0764E+12,4.0048E-07
7379.5,2.0763E+12,4.00485E-07
7380.5,2.0763E+12,4.00485E-07
7381.5,2.0762E+12,4.0049E-07
7382.5,2.0761E+12,4.0049E-07
7383.5,2.076E+12,4.00495E-07
7384.5,2.0759E+12,4.00495E-07
7385.5,2.0759E+12,4.005E-07
7386.5,2.0758E+12,4.005E-07
7387.5,2.0757E+12,4.005E-07
7388.5,2.0756E+12,4.00505E-07
7389.5,2.0756E+12,4.00505E-07
7390.5,2.0755E+12,4.0051E-07
7391.5,2.0754E+12,4.0051E-07
7392.5,2.0753E+12,4.00515E-07
7393.5,2.0753E+12,4.00515E-07
7394.5,2.0752E+12,4.0052E-07
7395.5,2.0751E+12,4.0052E-07
7396.5,2.075E+12,4.00525E-07
7397.5,2.075E+12,4.00525E-07
7398.5,2.0749E+12,4.00525E-07
7399.5,2.0748E+12,4.0053E-07
7400.5,2.0747E+12,4.0053E-07
7401.5,2.0747E+12,4.00535E-07
7402.5,2.0746E+12,4.00535E-07
7403.5,2.0745E+12,4.0054E-07
7404.5,2.0744E+12,4.0054E-07
7405.5,2.0743E+12,4.00545E-07
7406.5,2.0743E+12,4.00545E-07
7407.5,2.0742E+12,4.00545E-07
7408.5,2.0741E+12,4.0055E-07
7409.5,2.074E+12,4.0055E-07
7410.5,2.074E+12,4.00555E-07
7411.5,2.0739E+12,4.00555E-07
7412.5,2.0738E+12,4.0056E-07
7413.5,2.0737E+12,4.0056E-07
7414.5,2.0737E+12,4.00565E-07
7415.5,2.0736E+12,4.00565E-07
7416.5,2.0735E+12,4.0057E-07
7417.5,2.0734E+12,4.0057E-07
7418.5,2.0734E+12,4.0057E-07
7419.5,2.0733E+12,4.00575E-07
7420.5,2.0732E+12,4.00575E-07
7421.5,2.0731E+12,4.0058E-07
7422.5,2.0731E+12,4.0058E-07
7423.5,2.073E+12,4.00585E-07
7424.5,2.0729E+12,4.00585E-07
7425.5,2.0728E+12,4.0059E-07
7426.5,2.0728E+12,4.0059E-07
7427.5,2.0727E+12,4.0059E-07
7428.5,2.0726E+12,4.00595E-07
7429.5,2.0725E+12,4.00595E-07
7430.5,2.0725E+12,4.006E-07
7431.5,2.0724E+12,4.006E-07
7432.5,2.0723E+12,4.00605E-07
7433.5,2.0722E+12,4.00605E-07
7434.5,2.0722E+12,4.0061E-07
7435.5,2.0721E+12,4.0061E-07
7436.5,2.072E+12,4.00615E-07
7437.5,2.0719E+12,4.00615E-07
7438.5,2.0719E+12,4.00615E-07
7439.5,2.0718E+12,4.0062E-07
7440.5,2.0717E+12,4.0062E-07
7441.5,2.0716E+12,4.00625E-07
7442.5,2.0716E+12,4.00625E-07
7443.5,2.0715E+12,4.0063E-07
7444.5,2.0714E+12,4.0063E-07
7445.5,2.0713E+12,4.00635E-07
7446.5,2.0712E+12,4.00635E-07
7447.5,2.0712E+12,4.00635E-07
7448.5,2.0711E+12,4.0064E-07
7449.5,2.071E+12,4.0064E-07
7450.5,2.0709E+12,4.00645E-07
7451.5,2.0709E+12,4.00645E-07
7452.5,2.0708E+12,4.0065E-07
7453.5,2.0707E+12,4.0065E-07
7454.5,2.0706E+12,4.00655E-07
7455.5,2.0706E+12,4.00655E-07
7456.5,2.0705E+12,4.00655E-07
7457.5,2.0704E+12,4.0066E-07
7458.5,2.0703E+12,4.0066E-07
7459.5,2.0703E+12,4.00665E-07
7460.5,2.0702E+12,4.00665E-07
7461.5,2.0701E+12,4.0067E-07
7462.5,2.07E+12,4.0067E-07
7463.5,2.07E+12,4.00675E-07
7464.5,2.0699E+12,4.00675E-07
7465.5,2.0698E+12,4.00675E-07
7466.5,2.0697E+12,4.0068E-07
7467.5,2.0697E+12,4.0068E-07
7468.5,2.0696E+12,4.00685E-07
7469.5,2.0695E+12,4.00685E-07
7470.5,2.0694E+12,4.0069E-07
7471.5,2.0694E+12,4.0069E-07
7472.5,2.0693E+12,4.00695E-07
7473.5,2.0692E+12,4.00695E-07
7474.5,2.0691E+12,4.007E-07
7475.5,2.0691E+12,4.007E-07
7476.5,2.069E+12,4.007E-07
7477.5,2.0689E+12,4.00705E-07
7478.5,2.0688E+12,4.00705E-07
7479.5,2.0688E+12,4.0071E-07
7480.5,2.0687E+12,4.0071E-07
7481.5,2.0686E+12,4.00715E-07
7482.5,2.0685E+12,4.00715E-07
7483.5,2.0685E+12,4.0072E-07
7484.5,2.0684E+12,4.0072E-07
7485.5,2.0683E+12,4.0072E-07
7486.5,2.0682E+12,4.00725E-07
7487.5,2.0682E+12,4.00725E-07
7488.5,2.0681E+12,4.0073E-07
7489.5,2.068E+12,4.0073E-07
7490.5,2.0679E+12,4.00735E-07
7491.5,2.0679E+12,4.00735E-07
7492.5,2.0678E+12,4.0074E-07
7493.5,2.0677E+12,4.0074E-07
7494.5,2.0676E+12,4.0074E-07
7495.5,2.0676E+12,4.00745E-07
7496.5,2.0675E+12,4.00745E-07
7497.5,2.0674E+12,4.0075E-07
7498.5,2.0673E+12,4.0075E-07
7499.5,2.0673E+12,4.00755E-07
7500.5,2.0672E+12,4.00755E-07
7501.5,2.0671E+12,4.0076E-07
7502.5,2.0671E+12,4.0076E-07
7503.5,2.067E+12,4.0076E-07
7504.5,2.0669E+12,4.00765E-07
7505.5,2.0668E+12,4.00765E-07
7506.5,2.0668E+12,4.0077E-07
7507.5,2.0667E+12,4.0077E-07
7508.5,2.0666E+12,4.00775E-07
7509.5,2.0665E+12,4.00775E-07
7510.5,2.0665E+12,4.0078E-07
7511.5,2.0664E+12,4.0078E-07
7512.5,2.0663E+12,4.0078E-07
7513.5,2.0662E+12,4.00785E-07
7514.5,2.0662E+12,4.00785E-07
7515.5,2.0661E+12,4.0079E-07
7516.5,2.066E+12,4.0079E-07
7517.5,2.0659E+12,4.00795E-07
7518.5,2.0659E+12,4.00795E-07
7519.5,2.0658E+12,4.008E-07
7520.5,2.0657E+12,4.008E-07
7521.5,2.0656E+12,4.008E-07
7522.5,2.0656E+12,4.00805E-07
7523.5,2.0655E+12,4.00805E-07
7524.5,2.0654E+12,4.0081E-07
7525.5,2.0653E+12,4.0081E-07
7526.5,2.0653E+12,4.00815E-07
7527.5,2.0652E+12,4.00815E-07
7528.5,2.0651E+12,4.0082E-07
7529.5,2.065E+12,4.0082E-07
7530.5,2.065E+12,4.0082E-07
7531.5,2.0649E+12,4.00825E-07
7532.5,2.0648E+12,4.00825E-07
7533.5,2.0647E+12,4.0083E-07
7534.5,2.0647E+12,4.0083E-07
7535.5,2.0646E+12,4.00835E-07
7536.5,2.0645E+12,4.00835E-07
7537.5,2.0644E+12,4.00835E-07
7538.5,2.0644E+12,4.0084E-07
7539.5,2.0643E+12,4.0084E-07
7540.5,2.0642E+12,4.00845E-07
7541.5,2.0642E+12,4.00845E-07
7542.5,2.0641E+12,4.0085E-07
7543.5,2.064E+12,4.0085E-07
7544.5,2.0639E+12,4.00855E-07
7545.5,2.0639E+12,4.00855E-07
7546.5,2.0638E+12,4.00855E-07
7547.5,2.0637E+12,4.0086E-07
7548.5,2.0636E+12,4.0086E-07
7549.5,2.0636E+12,4.00865E-07
7550.5,2.0635E+12,4.00865E-07
7551.5,2.0634E+12,4.0087E-07
7552.5,2.0633E+12,4.0087E-07
7553.5,2.0633E+12,4.00875E-07
7554.5,2.0632E+12,4.00875E-07
7555.5,2.0631E+12,4.00875E-07
7556.5,2.063E+12,4.0088E-07
7557.5,2.063E+12,4.0088E-07
7558.5,2.0629E+12,4.00885E-07
7559.5,2.0628E+12,4.00885E-07
7560.5,2.0627E+12,4.0089E-07
7561.5,2.0627E+12,4.0089E-07
7562.5,2.0626E+12,4.00895E-07
7563.5,2.0625E+12,4.00895E-07
7564.5,2.0625E+12,4.00895E-07
7565.5,2.0624E+12,4.009E-07
7566.5,2.0623E+12,4.009E-07
7567.5,2.0622E+12,4.00905E-07
7568.5,2.0622E+12,4.00905E-07
7569.5,2.0621E+12,4.0091E-07
7570.5,2.062E+12,4.0091E-07
7571.5,2.0619E+12,4.0091E-07
7572.5,2.0619E+12,4.00915E-07
7573.5,2.0618E+12,4.00915E-07
7574.5,2.0617E+12,4.0092E-07
7575.5,2.0616E+12,4.0092E-07
7576.5,2.0616E+12,4.00925E-07
7577.5,2.0615E+12,4.00925E-07
7578.5,2.0614E+12,4.0093E-07
7579.5,2.0613E+12,4.0093E-07
7580.5,2.0613E+12,4.0093E-07
7581.5,2.0612E+12,4.00935E-07
7582.5,2.0611E+12,4.00935E-07
7583.5,2.0611E+12,4.0094E-07
7584.5,2.061E+12,4.0094E-07
7585.5,2.0609E+12,4.00945E-07
7586.5,2.0608E+12,4.00945E-07
7587.5,2.0608E+12,4.0095E-07
7588.5,2.0607E+12,4.0095E-07
7589.5,2.0606E+12,4.0095E-07
7590.5,2.0605E+12,4.00955E-07
7591.5,2.0605E+12,4.00955E-07
7592.5,2.0604E+12,4.0096E-07
7593.5,2.0603E+12,4.0096E-07
7594.5,2.0602E+12,4.00965E-07
7595.5,2.0602E+12,4.00965E-07
7596.5,2.0601E+12,4.00965E-07
7597.5,2.06E+12,4.0097E-07
7598.5,2.0599E+12,4.0097E-07
7599.5,2.0599E+12,4.00975E-07
7600.5,2.0598E+12,4.00975E-07
7601.5,2.0597E+12,4.0098E-07
7602.5,2.0597E+12,4.0098E-07
7603.5,2.0596E+12,4.00985E-07
7604.5,2.0595E+12,4.00985E-07
7605.5,2.0594E+12,4.00985E-07
7606.5,2.0594E+12,4.0099E-07
7607.5,2.0593E+12,4.0099E-07
7608.5,2.0592E+12,4.00995E-07
7609.5,2.0591E+12,4.00995E-07
7610.5,2.0591E+12,0.000000401
7611.5,2.059E+12,0.000000401
7612.5,2.0589E+12,0.000000401
7613.5,2.0589E+12,4.01005E-07
7614.5,2.0588E+12,4.01005E-07
7615.5,2.0587E+12,4.0101E-07
7616.5,2.0586E+12,4.0101E-07
7617.5,2.0586E+12,4.01015E-07
7618.5,2.0585E+12,4.01015E-07
7619.5,2.0584E+12,4.0102E-07
7620.5,2.0583E+12,4.0102E-07
7621.5,2.0583E+12,4.0102E-07
7622.5,2.0582E+12,4.01025E-07
7623.5,2.0581E+12,4.01025E-07
7624.5,2.058E+12,4.0103E-07
7625.5,2.058E+12,4.0103E-07
7626.5,2.0579E+12,4.01035E-07
7627.5,2.0578E+12,4.01035E-07
7628.5,2.0578E+12,4.01035E-07
7629.5,2.0577E+12,4.0104E-07
7630.5,2.0576E+12,4.0104E-07
7631.5,2.0575E+12,4.01045E-07
7632.5,2.0575E+12,4.01045E-07
7633.5,2.0574E+12,4.0105E-07
7634.5,2.0573E+12,4.0105E-07
7635.5,2.0572E+12,4.01055E-07
7636.5,2.0572E+12,4.01055E-07
7637.5,2.0571E+12,4.01055E-07
7638.5,2.057E+12,4.0106E-07
7639.5,2.057E+12,4.0106E-07
7640.5,2.0569E+12,4.01065E-07
7641.5,2.0568E+12,4.01065E-07
7642.5,2.0567E+12,4.0107E-07
7643.5,2.0567E+12,4.0107E-07
7644.5,2.0566E+12,4.0107E-07
7645.5,2.0565E+12,4.01075E-07
7646.5,2.0564E+12,4.01075E-07
7647.5,2.0564E+12,4.0108E-07
7648.5,2.0563E+12,4.0108E-07
7649.5,2.0562E+12,4.01085E-07
7650.5,2.0562E+12,4.01085E-07
7651.5,2.0561E+12,4.0109E-07
7652.5,2.056E+12,4.0109E-07
7653.5,2.0559E+12,4.0109E-07
7654.5,2.0559E+12,4.01095E-07
7655.5,2.0558E+12,4.01095E-07
7656.5,2.0557E+12,4.011E-07
7657.5,2.0556E+12,4.011E-07
7658.5,2.0556E+12,4.01105E-07
7659.5,2.0555E+12,4.01105E-07
7660.5,2.0554E+12,4.01105E-07
7661.5,2.0554E+12,4.0111E-07
7662.5,2.0553E+12,4.0111E-07
7663.5,2.0552E+12,4.01115E-07
7664.5,2.0551E+12,4.01115E-07
7665.5,2.0551E+12,4.0112E-07
7666.5,2.055E+12,4.0112E-07
7667.5,2.0549E+12,4.0112E-07
7668.5,2.0548E+12,4.01125E-07
7669.5,2.0548E+12,4.01125E-07
7670.5,2.0547E+12,4.0113E-07
7671.5,2.0546E+12,4.0113E-07
7672.5,2.0546E+12,4.01135E-07
7673.5,2.0545E+12,4.01135E-07
7674.5,2.0544E+12,4.01135E-07
7675.5,2.0543E+12,4.0114E-07
7676.5,2.0543E+12,4.0114E-07
7677.5,2.0542E+12,4.01145E-07
7678.5,2.0541E+12,4.01145E-07
7679.5,2.054E+12,4.0115E-07
7680.5,2.054E+12,4.0115E-07
7681.5,2.0539E+12,4.01155E-07
7682.5,2.0538E+12,4.01155E-07
7683.5,2.0538E+12,4.01155E-07
7684.5,2.0537E+12,4.0116E-07
7685.5,2.0536E+12,4.0116E-07
7686.5,2.0535E+12,4.01165E-07
7687.5,2.0535E+12,4.01165E-07
7688.5,2.0534E+12,4.0117E-07
7689.5,2.0533E+12,4.0117E-07
7690.5,2.0533E+12,4.0117E-07
7691.5,2.0532E+12,4.01175E-07
7692.5,2.0531E+12,4.01175E-07
7693.5,2.053E+12,4.0118E-07
7694.5,2.053E+12,4.0118E-07
7695.5,2.0529E+12,4.01185E-07
7696.5,2.0528E+12,4.01185E-07
7697.5,2.0527E+12,4.01185E-07
7698.5,2.0527E+12,4.0119E-07
7699.5,2.0526E+12,4.0119E-07
7700.5,2.0525E+12,4.01195E-07
7701.5,2.0525E+12,4.01195E-07
7702.5,2.0524E+12,4.012E-07
7703.5,2.0523E+12,4.012E-07
7704.5,2.0522E+12,4.012E-07
7705.5,2.0522E+12,4.01205E-07
7706.5,2.0521E+12,4.01205E-07
7707.5,2.052E+12,4.0121E-07
7708.5,2.052E+12,4.0121E-07
7709.5,2.0519E+12,4.01215E-07
7710.5,2.0518E+12,4.01215E-07
7711.5,2.0517E+12,4.0122E-07
7712.5,2.0517E+12,4.0122E-07
7713.5,2.0516E+12,4.0122E-07
7714.5,2.0515E+12,4.01225E-07
7715.5,2.0515E+12,4.01225E-07
7716.5,2.0514E+12,4.0123E-07
7717.5,2.0513E+12,4.0123E-07
7718.5,2.0512E+12,4.01235E-07
7719.5,2.0512E+12,4.01235E-07
7720.5,2.0511E+12,4.01235E-07
7721.5,2.051E+12,4.0124E-07
7722.5,2.051E+12,4.0124E-07
7723.5,2.0509E+12,4.01245E-07
7724.5,2.0508E+12,4.01245E-07
7725.5,2.0507E+12,4.0125E-07
7726.5,2.0507E+12,4.0125E-07
7727.5,2.0506E+12,4.0125E-07
7728.5,2.0505E+12,4.01255E-07
7729.5,2.0504E+12,4.01255E-07
7730.5,2.0504E+12,4.0126E-07
7731.5,2.0503E+12,4.0126E-07
7732.5,2.0502E+12,4.01265E-07
7733.5,2.0502E+12,4.01265E-07
7734.5,2.0501E+12,4.01265E-07
7735.5,2.05E+12,4.0127E-07
7736.5,2.0499E+12,4.0127E-07
7737.5,2.0499E+12,4.01275E-07
7738.5,2.0498E+12,4.01275E-07
7739.5,2.0497E+12,4.0128E-07
7740.5,2.0497E+12,4.0128E-07
7741.5,2.0496E+12,4.0128E-07
7742.5,2.0495E+12,4.01285E-07
7743.5,2.0494E+12,4.01285E-07
7744.5,2.0494E+12,4.0129E-07
7745.5,2.0493E+12,4.0129E-07
7746.5,2.0492E+12,4.01295E-07
7747.5,2.0492E+12,4.01295E-07
7748.5,2.0491E+12,4.01295E-07
7749.5,2.049E+12,4.013E-07
7750.5,2.0489E+12,4.013E-07
7751.5,2.0489E+12,4.01305E-07
7752.5,2.0488E+12,4.01305E-07
7753.5,2.0487E+12,4.0131E-07
7754.5,2.0487E+12,4.0131E-07
7755.5,2.0486E+12,4.0131E-07
7756.5,2.0485E+12,4.01315E-07
7757.5,2.0484E+12,4.01315E-07
7758.5,2.0484E+12,4.0132E-07
7759.5,2.0483E+12,4.0132E-07
7760.5,2.0482E+12,4.01325E-07
7761.5,2.0482E+12,4.01325E-07
7762.5,2.0481E+12,4.01325E-07
7763.5,2.048E+12,4.0133E-07
7764.5,2.0479E+12,4.0133E-07
7765.5,2.0479E+12,4.01335E-07
7766.5,2.0478E+12,4.01335E-07
7767.5,2.0477E+12,4.0134E-07
7768.5,2.0477E+12,4.0134E-07
7769.5,2.0476E+12,4.0134E-07
7770.5,2.0475E+12,4.01345E-07
7771.5,2.0474E+12,4.01345E-07
7772.5,2.0474E+12,4.0135E-07
7773.5,2.0473E+12,4.0135E-07
7774.5,2.0472E+12,4.01355E-07
7775.5,2.0472E+12,4.01355E-07
7776.5,2.0471E+12,4.01355E-07
7777.5,2.047E+12,4.0136E-07
7778.5,2.047E+12,4.0136E-07
7779.5,2.0469E+12,4.01365E-07
7780.5,2.0468E+12,4.01365E-07
7781.5,2.0467E+12,4.0137E-07
7782.5,2.0467E+12,4.0137E-07
7783.5,2.0466E+12,4.0137E-07
7784.5,2.0465E+12,4.01375E-07
7785.5,2.0465E+12,4.01375E-07
7786.5,2.0464E+12,4.0138E-07
7787.5,2.0463E+12,4.0138E-07
7788.5,2.0462E+12,4.01385E-07
7789.5,2.0462E+12,4.01385E-07
7790.5,2.0461E+12,4.01385E-07
7791.5,2.046E+12,4.0139E-07
7792.5,2.046E+12,4.0139E-07
7793.5,2.0459E+12,4.01395E-07
7794.5,2.0458E+12,4.01395E-07
7795.5,2.0457E+12,4.014E-07
7796.5,2.0457E+12,4.014E-07
7797.5,2.0456E+12,4.014E-07
7798.5,2.0455E+12,4.01405E-07
7799.5,2.0455E+12,4.01405E-07
7800.5,2.0454E+12,4.0141E-07
7801.5,2.0453E+12,4.0141E-07
7802.5,2.0452E+12,4.01415E-07
7803.5,2.0452E+12,4.01415E-07
7804.5,2.0451E+12,4.01415E-07
7805.5,2.045E+12,4.0142E-07
7806.5,2.045E+12,4.0142E-07
7807.5,2.0449E+12,4.01425E-07
7808.5,2.0448E+12,4.01425E-07
7809.5,2.0448E+12,4.0143E-07
7810.5,2.0447E+12,4.0143E-07
7811.5,2.0446E+12,4.0143E-07
7812.5,2.0445E+12,4.01435E-07
7813.5,2.0445E+12,4.01435E-07
7814.5,2.0444E+12,4.0144E-07
7815.5,2.0443E+12,4.0144E-07
7816.5,2.0443E+12,4.01445E-07
7817.5,2.0442E+12,4.01445E-07
7818.5,2.0441E+12,4.01445E-07
7819.5,2.044E+12,4.0145E-07
7820.5,2.044E+12,4.0145E-07
7821.5,2.0439E+12,4.01455E-07
7822.5,2.0438E+12,4.01455E-07
7823.5,2.0438E+12,4.01455E-07
7824.5,2.0437E+12,4.0146E-07
7825.5,2.0436E+12,4.0146E-07
7826.5,2.0436E+12,4.01465E-07
7827.5,2.0435E+12,4.01465E-07
7828.5,2.0434E+12,4.0147E-07
7829.5,2.0433E+12,4.0147E-07
7830.5,2.0433E+12,4.0147E-07
7831.5,2.0432E+12,4.01475E-07
7832.5,2.0431E+12,4.01475E-07
7833.5,2.0431E+12,4.0148E-07
7834.5,2.043E+12,4.0148E-07
7835.5,2.0429E+12,4.01485E-07
7836.5,2.0428E+12,4.01485E-07
7837.5,2.0428E+12,4.01485E-07
7838.5,2.0427E+12,4.0149E-07
7839.5,2.0426E+12,4.0149E-07
7840.5,2.0426E+12,4.01495E-07
7841.5,2.0425E+12,4.01495E-07
7842.5,2.0424E+12,4.015E-07
7843.5,2.0424E+12,4.015E-07
7844.5,2.0423E+12,4.015E-07
7845.5,2.0422E+12,4.01505E-07
7846.5,2.0421E+12,4.01505E-07
7847.5,2.0421E+12,4.0151E-07
7848.5,2.042E+12,4.0151E-07
7849.5,2.0419E+12,4.01515E-07
7850.5,2.0419E+12,4.01515E-07
7851.5,2.0418E+12,4.01515E-07
7852.5,2.0417E+12,4.0152E-07
7853.5,2.0417E+12,4.0152E-07
7854.5,2.0416E+12,4.01525E-07
7855.5,2.0415E+12,4.01525E-07
7856.5,2.0414E+12,4.01525E-07
7857.5,2.0414E+12,4.0153E-07
7858.5,2.0413E+12,4.0153E-07
7859.5,2.0412E+12,4.01535E-07
7860.5,2.0412E+12,4.01535E-07
7861.5,2.0411E+12,4.0154E-07
7862.5,2.041E+12,4.0154E-07
7863.5,2.0409E+12,4.0154E-07
7864.5,2.0409E+12,4.01545E-07
7865.5,2.0408E+12,4.01545E-07
7866.5,2.0407E+12,4.0155E-07
7867.5,2.0407E+12,4.0155E-07
7868.5,2.0406E+12,4.01555E-07
7869.5,2.0405E+12,4.01555E-07
7870.5,2.0405E+12,4.01555E-07
7871.5,2.0404E+12,4.0156E-07
7872.5,2.0403E+12,4.0156E-07
7873.5,2.0402E+12,4.01565E-07
7874.5,2.0402E+12,4.01565E-07
7875.5,2.0401E+12,4.0157E-07
7876.5,2.04E+12,4.0157E-07
7877.5,2.04E+12,4.0157E-07
7878.5,2.0399E+12,4.01575E-07
7879.5,2.0398E+12,4.01575E-07
7880.5,2.0398E+12,4.0158E-07
7881.5,2.0397E+12,4.0158E-07
7882.5,2.0396E+12,4.0158E-07
7883.5,2.0396E+12,4.01585E-07
7884.5,2.0395E+12,4.01585E-07
7885.5,2.0394E+12,4.0159E-07
7886.5,2.0393E+12,4.0159E-07
7887.5,2.0393E+12,4.01595E-07
7888.5,2.0392E+12,4.01595E-07
7889.5,2.0391E+12,4.01595E-07
7890.5,2.0391E+12,4.016E-07
7891.5,2.039E+12,4.016E-07
7892.5,2.0389E+12,4.01605E-07
7893.5,2.0389E+12,4.01605E-07
7894.5,2.0388E+12,4.0161E-07
7895.5,2.0387E+12,4.0161E-07
7896.5,2.0386E+12,4.0161E-07
7897.5,2.0386E+12,4.01615E-07
7898.5,2.0385E+12,4.01615E-07
7899.5,2.0384E+12,4.0162E-07
7900.5,2.0384E+12,4.0162E-07
7901.5,2.0383E+12,4.0162E-07
7902.5,2.0382E+12,4.01625E-07
7903.5,2.0382E+12,4.01625E-07
7904.5,2.0381E+12,4.0163E-07
7905.5,2.038E+12,4.0163E-07
7906.5,2.0379E+12,4.01635E-07
7907.5,2.0379E+12,4.01635E-07
7908.5,2.0378E+12,4.01635E-07
7909.5,2.0377E+12,4.0164E-07
7910.5,2.0377E+12,4.0164E-07
7911.5,2.0376E+12,4.01645E-07
7912.5,2.0375E+12,4.01645E-07
7913.5,2.0375E+12,4.0165E-07
7914.5,2.0374E+12,4.0165E-07
7915.5,2.0373E+12,4.0165E-07
7916.5,2.0373E+12,4.01655E-07
7917.5,2.0372E+12,4.01655E-07
7918.5,2.0371E+12,4.0166E-07
7919.5,2.037E+12,4.0166E-07
7920.5,2.037E+12,4.0166E-07
7921.5,2.0369E+12,4.01665E-07
7922.5,2.0368E+12,4.01665E-07
7923.5,2.0368E+12,4.0167E-07
7924.5,2.0367E+12,4.0167E-07
7925.5,2.0366E+12,4.01675E-07
7926.5,2.0366E+12,4.01675E-07
7927.5,2.0365E+12,4.01675E-07
7928.5,2.0364E+12,4.0168E-07
7929.5,2.0363E+12,4.0168E-07
7930.5,2.0363E+12,4.01685E-07
7931.5,2.0362E+12,4.01685E-07
7932.5,2.0361E+12,4.01685E-07
7933.5,2.0361E+12,4.0169E-07
7934.5,2.036E+12,4.0169E-07
7935.5,2.0359E+12,4.01695E-07
7936.5,2.0359E+12,4.01695E-07
7937.5,2.0358E+12,4.017E-07
7938.5,2.0357E+12,4.017E-07
7939.5,2.0357E+12,4.017E-07
7940.5,2.0356E+12,4.01705E-07
7941.5,2.0355E+12,4.01705E-07
7942.5,2.0354E+12,4.0171E-07
7943.5,2.0354E+12,4.0171E-07
7944.5,2.0353E+12,4.01715E-07
7945.5,2.0352E+12,4.01715E-07
7946.5,2.0352E+12,4.01715E-07
7947.5,2.0351E+12,4.0172E-07
7948.5,2.035E+12,4.0172E-07
7949.5,2.035E+12,4.01725E-07
7950.5,2.0349E+12,4.01725E-07
7951.5,2.0348E+12,4.01725E-07
7952.5,2.0348E+12,4.0173E-07
7953.5,2.0347E+12,4.0173E-07
7954.5,2.0346E+12,4.01735E-07
7955.5,2.0346E+12,4.01735E-07
7956.5,2.0345E+12,4.0174E-07
7957.5,2.0344E+12,4.0174E-07
7958.5,2.0343E+12,4.0174E-07
7959.5,2.0343E+12,4.01745E-07
7960.5,2.0342E+12,4.01745E-07
7961.5,2.0341E+12,4.0175E-07
7962.5,2.0341E+12,4.0175E-07
7963.5,2.034E+12,4.0175E-07
7964.5,2.0339E+12,4.01755E-07
7965.5,2.0339E+12,4.01755E-07
7966.5,2.0338E+12,4.0176E-07
7967.5,2.0337E+12,4.0176E-07
7968.5,2.0337E+12,4.01765E-07
7969.5,2.0336E+12,4.01765E-07
7970.5,2.0335E+12,4.01765E-07
7971.5,2.0334E+12,4.0177E-07
7972.5,2.0334E+12,4.0177E-07
7973.5,2.0333E+12,4.01775E-07
7974.5,2.0332E+12,4.01775E-07
7975.5,2.0332E+12,4.01775E-07
7976.5,2.0331E+12,4.0178E-07
7977.5,2.033E+12,4.0178E-07
7978.5,2.033E+12,4.01785E-07
7979.5,2.0329E+12,4.01785E-07
7980.5,2.0328E+12,4.0179E-07
7981.5,2.0328E+12,4.0179E-07
7982.5,2.0327E+12,4.0179E-07
7983.5,2.0326E+12,4.01795E-07
7984.5,2.0326E+12,4.01795E-07
7985.5,2.0325E+12,4.018E-07
7986.5,2.0324E+12,4.018E-07
7987.5,2.0323E+12,4.018E-07
7988.5,2.0323E+12,4.01805E-07
7989.5,2.0322E+12,4.01805E-07
7990.5,2.0321E+12,4.0181E-07
7991.5,2.0321E+12,4.0181E-07
7992.5,2.032E+12,4.01815E-07
7993.5,2.0319E+12,4.01815E-07
7994.5,2.0319E+12,4.01815E-07
7995.5,2.0318E+12,4.0182E-07
7996.5,2.0317E+12,4.0182E-07
7997.5,2.0317E+12,4.01825E-07
7998.5,2.0316E+12,4.01825E-07
7999.5,2.0315E+12,4.01825E-07
8000.5,2.0315E+12,4.0183E-07
8001.5,2.0314E+12,4.0183E-07
8002.5,2.0313E+12,4.01835E-07
8003.5,2.0313E+12,4.01835E-07
8004.5,2.0312E+12,4.0184E-07
8005.5,2.0311E+12,4.0184E-07
8006.5,2.031E+12,4.0184E-07
8007.5,2.031E+12,4.01845E-07
8008.5,2.0309E+12,4.01845E-07
8009.5,2.0308E+12,4.0185E-07
8010.5,2.0308E+12,4.0185E-07
8011.5,2.0307E+12,4.0185E-07
8012.5,2.0306E+12,4.01855E-07
8013.5,2.0306E+12,4.01855E-07
8014.5,2.0305E+12,4.0186E-07
8015.5,2.0304E+12,4.0186E-07
8016.5,2.0304E+12,4.0186E-07
8017.5,2.0303E+12,4.01865E-07
8018.5,2.0302E+12,4.01865E-07
8019.5,2.0302E+12,4.0187E-07
8020.5,2.0301E+12,4.0187E-07
8021.5,2.03E+12,4.01875E-07
8022.5,2.03E+12,4.01875E-07
8023.5,2.0299E+12,4.01875E-07
8024.5,2.0298E+12,4.0188E-07
8025.5,2.0297E+12,4.0188E-07
8026.5,2.0297E+12,4.01885E-07
8027.5,2.0296E+12,4.01885E-07
8028.5,2.0295E+12,4.01885E-07
8029.5,2.0295E+12,4.0189E-07
8030.5,2.0294E+12,4.0189E-07
8031.5,2.0293E+12,4.01895E-07
8032.5,2.0293E+12,4.01895E-07
8033.5,2.0292E+12,4.019E-07
8034.5,2.0291E+12,4.019E-07
8035.5,2.0291E+12,4.019E-07
8036.5,2.029E+12,4.01905E-07
8037.5,2.0289E+12,4.01905E-07
8038.5,2.0289E+12,4.0191E-07
8039.5,2.0288E+12,4.0191E-07
8040.5,2.0287E+12,4.0191E-07
8041.5,2.0287E+12,4.01915E-07
8042.5,2.0286E+12,4.01915E-07
8043.5,2.0285E+12,4.0192E-07
8044.5,2.0285E+12,4.0192E-07
8045.5,2.0284E+12,4.0192E-07
8046.5,2.0283E+12,4.01925E-07
8047.5,2.0283E+12,4.01925E-07
8048.5,2.0282E+12,4.0193E-07
8049.5,2.0281E+12,4.0193E-07
8050.5,2.028E+12,4.01935E-07
8051.5,2.028E+12,4.01935E-07
8052.5,2.0279E+12,4.01935E-07
8053.5,2.0278E+12,4.0194E-07
8054.5,2.0278E+12,4.0194E-07
8055.5,2.0277E+12,4.01945E-07
8056.5,2.0276E+12,4.01945E-07
8057.5,2.0276E+12,4.01945E-07
8058.5,2.0275E+12,4.0195E-07
8059.5,2.0274E+12,4.0195E-07
8060.5,2.0274E+12,4.01955E-07
8061.5,2.0273E+12,4.01955E-07
8062.5,2.0272E+12,4.01955E-07
8063.5,2.0272E+12,4.0196E-07
8064.5,2.0271E+12,4.0196E-07
8065.5,2.027E+12,4.01965E-07
8066.5,2.027E+12,4.01965E-07
8067.5,2.0269E+12,4.0197E-07
8068.5,2.0268E+12,4.0197E-07
8069.5,2.0268E+12,4.0197E-07
8070.5,2.0267E+12,4.01975E-07
8071.5,2.0266E+12,4.01975E-07
8072.5,2.0266E+12,4.0198E-07
8073.5,2.0265E+12,4.0198E-07
8074.5,2.0264E+12,4.0198E-07
8075.5,2.0264E+12,4.01985E-07
8076.5,2.0263E+12,4.01985E-07
8077.5,2.0262E+12,4.0199E-07
8078.5,2.0261E+12,4.0199E-07
8079.5,2.0261E+12,4.0199E-07
8080.5,2.026E+12,4.01995E-07
8081.5,2.0259E+12,4.01995E-07
8082.5,2.0259E+12,0.000000402
8083.5,2.0258E+12,0.000000402
8084.5,2.0257E+12,4.02005E-07
8085.5,2.0257E+12,4.02005E-07
8086.5,2.0256E+12,4.02005E-07
8087.5,2.0255E+12,4.0201E-07
8088.5,2.0255E+12,4.0201E-07
8089.5,2.0254E+12,4.02015E-07
8090.5,2.0253E+12,4.02015E-07
8091.5,2.0253E+12,4.02015E-07
8092.5,2.0252E+12,4.0202E-07
8093.5,2.0251E+12,4.0202E-07
8094.5,2.0251E+12,4.02025E-07
8095.5,2.025E+12,4.02025E-07
8096.5,2.0249E+12,4.02025E-07
8097.5,2.0249E+12,4.0203E-07
8098.5,2.0248E+12,4.0203E-07
8099.5,2.0247E+12,4.02035E-07
8100.5,2.0247E+12,4.02035E-07
8101.5,2.0246E+12,4.0204E-07
8102.5,2.0245E+12,4.0204E-07
8103.5,2.0245E+12,4.0204E-07
8104.5,2.0244E+12,4.02045E-07
8105.5,2.0243E+12,4.02045E-07
8106.5,2.0243E+12,4.0205E-07
8107.5,2.0242E+12,4.0205E-07
8108.5,2.0241E+12,4.0205E-07
8109.5,2.0241E+12,4.02055E-07
8110.5,2.024E+12,4.02055E-07
8111.5,2.0239E+12,4.0206E-07
8112.5,2.0239E+12,4.0206E-07
8113.5,2.0238E+12,4.0206E-07
8114.5,2.0237E+12,4.02065E-07
8115.5,2.0237E+12,4.02065E-07
8116.5,2.0236E+12,4.0207E-07
8117.5,2.0235E+12,4.0207E-07
8118.5,2.0235E+12,4.0207E-07
8119.5,2.0234E+12,4.02075E-07
8120.5,2.0233E+12,4.02075E-07
8121.5,2.0233E+12,4.0208E-07
8122.5,2.0232E+12,4.0208E-07
8123.5,2.0231E+12,4.02085E-07
8124.5,2.023E+12,4.02085E-07
8125.5,2.023E+12,4.02085E-07
8126.5,2.0229E+12,4.0209E-07
8127.5,2.0228E+12,4.0209E-07
8128.5,2.0228E+12,4.02095E-07
8129.5,2.0227E+12,4.02095E-07
8130.5,2.0226E+12,4.02095E-07
8131.5,2.0226E+12,4.021E-07
8132.5,2.0225E+12,4.021E-07
8133.5,2.0224E+12,4.02105E-07
8134.5,2.0224E+12,4.02105E-07
8135.5,2.0223E+12,4.02105E-07
8136.5,2.0222E+12,4.0211E-07
8137.5,2.0222E+12,4.0211E-07
8138.5,2.0221E+12,4.02115E-07
8139.5,2.022E+12,4.02115E-07
8140.5,2.022E+12,4.02115E-07
8141.5,2.0219E+12,4.0212E-07
8142.5,2.0218E+12,4.0212E-07
8143.5,2.0218E+12,4.02125E-07
8144.5,2.0217E+12,4.02125E-07
8145.5,2.0216E+12,4.02125E-07
8146.5,2.0216E+12,4.0213E-07
8147.5,2.0215E+12,4.0213E-07
8148.5,2.0214E+12,4.02135E-07
8149.5,2.0214E+12,4.02135E-07
8150.5,2.0213E+12,4.0214E-07
8151.5,2.0212E+12,4.0214E-07
8152.5,2.0212E+12,4.0214E-07
8153.5,2.0211E+12,4.02145E-07
8154.5,2.021E+12,4.02145E-07
8155.5,2.021E+12,4.0215E-07
8156.5,2.0209E+12,4.0215E-07
8157.5,2.0208E+12,4.0215E-07
8158.5,2.0208E+12,4.02155E-07
8159.5,2.0207E+12,4.02155E-07
8160.5,2.0206E+12,4.0216E-07
8161.5,2.0206E+12,4.0216E-07
8162.5,2.0205E+12,4.0216E-07
8163.5,2.0204E+12,4.02165E-07
8164.5,2.0204E+12,4.02165E-07
8165.5,2.0203E+12,4.0217E-07
8166.5,2.0202E+12,4.0217E-07
8167.5,2.0202E+12,4.0217E-07
8168.5,2.0201E+12,4.02175E-07
8169.5,2.02E+12,4.02175E-07
8170.5,2.02E+12,4.0218E-07
8171.5,2.0199E+12,4.0218E-07
8172.5,2.0198E+12,4.0218E-07
8173.5,2.0198E+12,4.02185E-07
8174.5,2.0197E+12,4.02185E-07
8175.5,2.0196E+12,4.0219E-07
8176.5,2.0196E+12,4.0219E-07
8177.5,2.0195E+12,4.02195E-07
8178.5,2.0194E+12,4.02195E-07
8179.5,2.0194E+12,4.02195E-07
8180.5,2.0193E+12,4.022E-07
8181.5,2.0192E+12,4.022E-07
8182.5,2.0192E+12,4.02205E-07
8183.5,2.0191E+12,4.02205E-07
8184.5,2.019E+12,4.02205E-07
8185.5,2.019E+12,4.0221E-07
8186.5,2.0189E+12,4.0221E-07
8187.5,2.0188E+12,4.02215E-07
8188.5,2.0188E+12,4.02215E-07
8189.5,2.0187E+12,4.02215E-07
8190.5,2.0186E+12,4.0222E-07
8191.5,2.0186E+12,4.0222E-07
8192.5,2.0185E+12,4.02225E-07
8193.5,2.0184E+12,4.02225E-07
8194.5,2.0184E+12,4.02225E-07
8195.5,2.0183E+12,4.0223E-07
8196.5,2.0182E+12,4.0223E-07
8197.5,2.0182E+12,4.02235E-07
8198.5,2.0181E+12,4.02235E-07
8199.5,2.018E+12,4.02235E-07
8200.5,2.018E+12,4.0224E-07
8201.5,2.0179E+12,4.0224E-07
8202.5,2.0178E+12,4.02245E-07
8203.5,2.0178E+12,4.02245E-07
8204.5,2.0177E+12,4.02245E-07
8205.5,2.0176E+12,4.0225E-07
8206.5,2.0176E+12,4.0225E-07
8207.5,2.0175E+12,4.02255E-07
8208.5,2.0175E+12,4.02255E-07
8209.5,2.0174E+12,4.02255E-07
8210.5,2.0173E+12,4.0226E-07
8211.5,2.0173E+12,4.0226E-07
8212.5,2.0172E+12,4.02265E-07
8213.5,2.0171E+12,4.02265E-07
8214.5,2.0171E+12,4.02265E-07
8215.5,2.017E+12,4.0227E-07
8216.5,2.0169E+12,4.0227E-07
8217.5,2.0169E+12,4.02275E-07
8218.5,2.0168E+12,4.02275E-07
8219.5,2.0167E+12,4.0228E-07
8220.5,2.0167E+12,4.0228E-07
8221.5,2.0166E+12,4.0228E-07
8222.5,2.0165E+12,4.02285E-07
8223.5,2.0165E+12,4.02285E-07
8224.5,2.0164E+12,4.0229E-07
8225.5,2.0163E+12,4.0229E-07
8226.5,2.0163E+12,4.0229E-07
8227.5,2.0162E+12,4.02295E-07
8228.5,2.0161E+12,4.02295E-07
8229.5,2.0161E+12,4.023E-07
8230.5,2.016E+12,4.023E-07
8231.5,2.0159E+12,4.023E-07
8232.5,2.0159E+12,4.02305E-07
8233.5,2.0158E+12,4.02305E-07
8234.5,2.0157E+12,4.0231E-07
8235.5,2.0157E+12,4.0231E-07
8236.5,2.0156E+12,4.0231E-07
8237.5,2.0155E+12,4.02315E-07
8238.5,2.0155E+12,4.02315E-07
8239.5,2.0154E+12,4.0232E-07
8240.5,2.0153E+12,4.0232E-07
8241.5,2.0153E+12,4.0232E-07
8242.5,2.0152E+12,4.02325E-07
8243.5,2.0151E+12,4.02325E-07
8244.5,2.0151E+12,4.0233E-07
8245.5,2.015E+12,4.0233E-07
8246.5,2.0149E+12,4.0233E-07
8247.5,2.0149E+12,4.02335E-07
8248.5,2.0148E+12,4.02335E-07
8249.5,2.0147E+12,4.0234E-07
8250.5,2.0147E+12,4.0234E-07
8251.5,2.0146E+12,4.0234E-07
8252.5,2.0145E+12,4.02345E-07
8253.5,2.0145E+12,4.02345E-07
8254.5,2.0144E+12,4.0235E-07
8255.5,2.0144E+12,4.0235E-07
8256.5,2.0143E+12,4.0235E-07
8257.5,2.0142E+12,4.02355E-07
8258.5,2.0142E+12,4.02355E-07
8259.5,2.0141E+12,4.0236E-07
8260.5,2.014E+12,4.0236E-07
8261.5,2.014E+12,4.0236E-07
8262.5,2.0139E+12,4.02365E-07
8263.5,2.0138E+12,4.02365E-07
8264.5,2.0138E+12,4.0237E-07
8265.5,2.0137E+12,4.0237E-07
8266.5,2.0136E+12,4.0237E-07
8267.5,2.0136E+12,4.02375E-07
8268.5,2.0135E+12,4.02375E-07
8269.5,2.0134E+12,4.0238E-07
8270.5,2.0134E+12,4.0238E-07
8271.5,2.0133E+12,4.0238E-07
8272.5,2.0132E+12,4.02385E-07
8273.5,2.0132E+12,4.02385E-07
8274.5,2.0131E+12,4.0239E-07
8275.5,2.013E+12,4.0239E-07
8276.5,2.013E+12,4.0239E-07
8277.5,2.0129E+12,4.02395E-07
8278.5,2.0128E+12,4.02395E-07
8279.5,2.0128E+12,4.024E-07
8280.5,2.0127E+12,4.024E-07
8281.5,2.0126E+12,4.024E-07
8282.5,2.0126E+12,4.02405E-07
8283.5,2.0125E+12,4.02405E-07
8284.5,2.0124E+12,4.0241E-07
8285.5,2.0124E+12,4.0241E-07
8286.5,2.0123E+12,4.0241E-07
8287.5,2.0123E+12,4.02415E-07
8288.5,2.0122E+12,4.02415E-07
8289.5,2.0121E+12,4.0242E-07
8290.5,2.0121E+12,4.0242E-07
8291.5,2.012E+12,4.0242E-07
8292.5,2.0119E+12,4.02425E-07
8293.5,2.0119E+12,4.02425E-07
8294.5,2.0118E+12,4.0243E-07
8295.5,2.0117E+12,4.0243E-07
8296.5,2.0117E+12,4.0243E-07
8297.5,2.0116E+12,4.02435E-07
8298.5,2.0115E+12,4.02435E-07
8299.5,2.0115E+12,4.0244E-07
8300.5,2.0114E+12,4.0244E-07
8301.5,2.0113E+12,4.0244E-07
8302.5,2.0113E+12,4.02445E-07
8303.5,2.0112E+12,4.02445E-07
8304.5,2.0111E+12,4.0245E-07
8305.5,2.0111E+12,4.0245E-07
8306.5,2.011E+12,4.0245E-07
8307.5,2.0109E+12,4.02455E-07
8308.5,2.0109E+12,4.02455E-07
8309.5,2.0108E+12,4.0246E-07
8310.5,2.0108E+12,4.0246E-07
8311.5,2.0107E+12,4.0246E-07
8312.5,2.0106E+12,4.02465E-07
8313.5,2.0106E+12,4.02465E-07
8314.5,2.0105E+12,4.0247E-07
8315.5,2.0104E+12,4.0247E-07
8316.5,2.0104E+12,4.0247E-07
8317.5,2.0103E+12,4.02475E-07
8318.5,2.0102E+12,4.02475E-07
8319.5,2.0102E+12,4.0248E-07
8320.5,2.0101E+12,4.0248E-07
8321.5,2.01E+12,4.0248E-07
8322.5,2.01E+12,4.02485E-07
8323.5,2.0099E+12,4.02485E-07
8324.5,2.0098E+12,4.0249E-07
8325.5,2.0098E+12,4.0249E-07
8326.5,2.0097E+12,4.0249E-07
8327.5,2.0096E+12,4.02495E-07
8328.5,2.0096E+12,4.02495E-07
8329.5,2.0095E+12,4.025E-07
8330.5,2.0095E+12,4.025E-07
8331.5,2.0094E+12,4.025E-07
8332.5,2.0093E+12,4.02505E-07
8333.5,2.0093E+12,4.02505E-07
8334.5,2.0092E+12,4.0251E-07
8335.5,2.0091E+12,4.0251E-07
8336.5,2.0091E+12,4.0251E-07
8337.5,2.009E+12,4.02515E-07
8338.5,2.0089E+12,4.02515E-07
8339.5,2.0089E+12,4.0252E-07
8340.5,2.0088E+12,4.0252E-07
8341.5,2.0087E+12,4.0252E-07
8342.5,2.0087E+12,4.02525E-07
8343.5,2.0086E+12,4.02525E-07
8344.5,2.0085E+12,4.0253E-07
8345.5,2.0085E+12,4.0253E-07
8346.5,2.0084E+12,4.0253E-07
8347.5,2.0083E+12,4.02535E-07
8348.5,2.0083E+12,4.02535E-07
8349.5,2.0082E+12,4.0254E-07
8350.5,2.0082E+12,4.0254E-07
8351.5,2.0081E+12,4.0254E-07
8352.5,2.008E+12,4.02545E-07
8353.5,2.008E+12,4.02545E-07
8354.5,2.0079E+12,4.0255E-07
8355.5,2.0078E+12,4.0255E-07
8356.5,2.0078E+12,4.0255E-07
8357.5,2.0077E+12,4.02555E-07
8358.5,2.0076E+12,4.02555E-07
8359.5,2.0076E+12,4.0256E-07
8360.5,2.0075E+12,4.0256E-07
8361.5,2.0074E+12,4.0256E-07
8362.5,2.0074E+12,4.02565E-07
8363.5,2.0073E+12,4.02565E-07
8364.5,2.0073E+12,4.02565E-07
8365.5,2.0072E+12,4.0257E-07
8366.5,2.0071E+12,4.0257E-07
8367.5,2.0071E+12,4.02575E-07
8368.5,2.007E+12,4.02575E-07
8369.5,2.0069E+12,4.02575E-07
8370.5,2.0069E+12,4.0258E-07
8371.5,2.0068E+12,4.0258E-07
8372.5,2.0067E+12,4.02585E-07
8373.5,2.0067E+12,4.02585E-07
8374.5,2.0066E+12,4.02585E-07
8375.5,2.0065E+12,4.0259E-07
8376.5,2.0065E+12,4.0259E-07
8377.5,2.0064E+12,4.02595E-07
8378.5,2.0063E+12,4.02595E-07
8379.5,2.0063E+12,4.02595E-07
8380.5,2.0062E+12,4.026E-07
8381.5,2.0062E+12,4.026E-07
8382.5,2.0061E+12,4.02605E-07
8383.5,2.006E+12,4.02605E-07
8384.5,2.006E+12,4.02605E-07
8385.5,2.0059E+12,4.0261E-07
8386.5,2.0058E+12,4.0261E-07
8387.5,2.0058E+12,4.02615E-07
8388.5,2.0057E+12,4.02615E-07
8389.5,2.0056E+12,4.02615E-07
8390.5,2.0056E+12,4.0262E-07
8391.5,2.0055E+12,4.0262E-07
8392.5,2.0054E+12,4.02625E-07
8393.5,2.0054E+12,4.02625E-07
8394.5,2.0053E+12,4.02625E-07
8395.5,2.0053E+12,4.0263E-07
8396.5,2.0052E+12,4.0263E-07
8397.5,2.0051E+12,4.02635E-07
8398.5,2.0051E+12,4.02635E-07
8399.5,2.005E+12,4.02635E-07
8400.5,2.0049E+12,4.0264E-07
8401.5,2.0049E+12,4.0264E-07
8402.5,2.0048E+12,4.02645E-07
8403.5,2.0047E+12,4.02645E-07
8404.5,2.0047E+12,4.02645E-07
8405.5,2.0046E+12,4.0265E-07
8406.5,2.0045E+12,4.0265E-07
8407.5,2.0045E+12,4.0265E-07
8408.5,2.0044E+12,4.02655E-07
8409.5,2.0044E+12,4.02655E-07
8410.5,2.0043E+12,4.0266E-07
8411.5,2.0042E+12,4.0266E-07
8412.5,2.0042E+12,4.0266E-07
8413.5,2.0041E+12,4.02665E-07
8414.5,2.004E+12,4.02665E-07
8415.5,2.004E+12,4.0267E-07
8416.5,2.0039E+12,4.0267E-07
8417.5,2.0038E+12,4.0267E-07
8418.5,2.0038E+12,4.02675E-07
8419.5,2.0037E+12,4.02675E-07
8420.5,2.0036E+12,4.0268E-07
8421.5,2.0036E+12,4.0268E-07
8422.5,2.0035E+12,4.0268E-07
8423.5,2.0035E+12,4.02685E-07
8424.5,2.0034E+12,4.02685E-07
8425.5,2.0033E+12,4.0269E-07
8426.5,2.0033E+12,4.0269E-07
8427.5,2.0032E+12,4.0269E-07
8428.5,2.0031E+12,4.02695E-07
8429.5,2.0031E+12,4.02695E-07
8430.5,2.003E+12,4.027E-07
8431.5,2.0029E+12,4.027E-07
8432.5,2.0029E+12,4.027E-07
8433.5,2.0028E+12,4.02705E-07
8434.5,2.0028E+12,4.02705E-07
8435.5,2.0027E+12,4.02705E-07
8436.5,2.0026E+12,4.0271E-07
8437.5,2.0026E+12,4.0271E-07
8438.5,2.0025E+12,4.02715E-07
8439.5,2.0024E+12,4.02715E-07
8440.5,2.0024E+12,4.02715E-07
8441.5,2.0023E+12,4.0272E-07
8442.5,2.0022E+12,4.0272E-07
8443.5,2.0022E+12,4.02725E-07
8444.5,2.0021E+12,4.02725E-07
8445.5,2.0021E+12,4.02725E-07
8446.5,2.002E+12,4.0273E-07
8447.5,2.0019E+12,4.0273E-07
8448.5,2.0019E+12,4.02735E-07
8449.5,2.0018E+12,4.02735E-07
8450.5,2.0017E+12,4.02735E-07
8451.5,2.0017E+12,4.0274E-07
8452.5,2.0016E+12,4.0274E-07
8453.5,2.0015E+12,4.02745E-07
8454.5,2.0015E+12,4.02745E-07
8455.5,2.0014E+12,4.02745E-07
8456.5,2.0014E+12,4.0275E-07
8457.5,2.0013E+12,4.0275E-07
8458.5,2.0012E+12,4.02755E-07
8459.5,2.0012E+12,4.02755E-07
8460.5,2.0011E+12,4.02755E-07
8461.5,2.001E+12,4.0276E-07
8462.5,2.001E+12,4.0276E-07
8463.5,2.0009E+12,4.0276E-07
8464.5,2.0008E+12,4.02765E-07
8465.5,2.0008E+12,4.02765E-07
8466.5,2.0007E+12,4.0277E-07
8467.5,2.0007E+12,4.0277E-07
8468.5,2.0006E+12,4.0277E-07
8469.5,2.0005E+12,4.02775E-07
8470.5,2.0005E+12,4.02775E-07
8471.5,2.0004E+12,4.0278E-07
8472.5,2.0003E+12,4.0278E-07
8473.5,2.0003E+12,4.0278E-07
8474.5,2.0002E+12,4.02785E-07
8475.5,2.0001E+12,4.02785E-07
8476.5,2.0001E+12,4.0279E-07
8477.5,2E+12,4.0279E-07
8478.5,2E+12,4.0279E-07
8479.5,1.9999E+12,4.02795E-07
8480.5,1.9998E+12,4.02795E-07
8481.5,1.9998E+12,4.02795E-07
8482.5,1.9997E+12,4.028E-07
8483.5,1.9996E+12,4.028E-07
8484.5,1.9996E+12,4.02805E-07
8485.5,1.9995E+12,4.02805E-07
8486.5,1.9994E+12,4.02805E-07
8487.5,1.9994E+12,4.0281E-07
8488.5,1.9993E+12,4.0281E-07
8489.5,1.9993E+12,4.02815E-07
8490.5,1.9992E+12,4.02815E-07
8491.5,1.9991E+12,4.02815E-07
8492.5,1.9991E+12,4.0282E-07
8493.5,1.999E+12,4.0282E-07
8494.5,1.9989E+12,4.02825E-07
8495.5,1.9989E+12,4.02825E-07
8496.5,1.9988E+12,4.02825E-07
8497.5,1.9988E+12,4.0283E-07
8498.5,1.9987E+12,4.0283E-07
8499.5,1.9986E+12,4.02835E-07
8500.5,1.9986E+12,4.02835E-07
8501.5,1.9985E+12,4.02835E-07
8502.5,1.9984E+12,4.0284E-07
8503.5,1.9984E+12,4.0284E-07
8504.5,1.9983E+12,4.0284E-07
8505.5,1.9982E+12,4.02845E-07
8506.5,1.9982E+12,4.02845E-07
8507.5,1.9981E+12,4.0285E-07
8508.5,1.9981E+12,4.0285E-07
8509.5,1.998E+12,4.0285E-07
8510.5,1.9979E+12,4.02855E-07
8511.5,1.9979E+12,4.02855E-07
8512.5,1.9978E+12,4.0286E-07
8513.5,1.9977E+12,4.0286E-07
8514.5,1.9977E+12,4.0286E-07
8515.5,1.9976E+12,4.02865E-07
8516.5,1.9976E+12,4.02865E-07
8517.5,1.9975E+12,4.0287E-07
8518.5,1.9974E+12,4.0287E-07
8519.5,1.9974E+12,4.0287E-07
8520.5,1.9973E+12,4.02875E-07
8521.5,1.9972E+12,4.02875E-07
8522.5,1.9972E+12,4.02875E-07
8523.5,1.9971E+12,4.0288E-07
8524.5,1.997E+12,4.0288E-07
8525.5,1.997E+12,4.02885E-07
8526.5,1.9969E+12,4.02885E-07
8527.5,1.9969E+12,4.02885E-07
8528.5,1.9968E+12,4.0289E-07
8529.5,1.9967E+12,4.0289E-07
8530.5,1.9967E+12,4.02895E-07
8531.5,1.9966E+12,4.02895E-07
8532.5,1.9965E+12,4.02895E-07
8533.5,1.9965E+12,4.029E-07
8534.5,1.9964E+12,4.029E-07
8535.5,1.9964E+12,4.02905E-07
8536.5,1.9963E+12,4.02905E-07
8537.5,1.9962E+12,4.02905E-07
8538.5,1.9962E+12,4.0291E-07
8539.5,1.9961E+12,4.0291E-07
8540.5,1.996E+12,4.0291E-07
8541.5,1.996E+12,4.02915E-07
8542.5,1.9959E+12,4.02915E-07
8543.5,1.9959E+12,4.0292E-07
8544.5,1.9958E+12,4.0292E-07
8545.5,1.9957E+12,4.0292E-07
8546.5,1.9957E+12,4.02925E-07
8547.5,1.9956E+12,4.02925E-07
8548.5,1.9955E+12,4.0293E-07
8549.5,1.9955E+12,4.0293E-07
8550.5,1.9954E+12,4.0293E-07
8551.5,1.9953E+12,4.02935E-07
8552.5,1.9953E+12,4.02935E-07
8553.5,1.9952E+12,4.02935E-07
8554.5,1.9952E+12,4.0294E-07
8555.5,1.9951E+12,4.0294E-07
8556.5,1.995E+12,4.02945E-07
8557.5,1.995E+12,4.02945E-07
8558.5,1.9949E+12,4.02945E-07
8559.5,1.9948E+12,4.0295E-07
8560.5,1.9948E+12,4.0295E-07
8561.5,1.9947E+12,4.02955E-07
8562.5,1.9947E+12,4.02955E-07
8563.5,1.9946E+12,4.02955E-07
8564.5,1.9945E+12,4.0296E-07
8565.5,1.9945E+12,4.0296E-07
8566.5,1.9944E+12,4.02965E-07
8567.5,1.9943E+12,4.02965E-07
8568.5,1.9943E+12,4.02965E-07
8569.5,1.9942E+12,4.0297E-07
8570.5,1.9942E+12,4.0297E-07
8571.5,1.9941E+12,4.0297E-07
8572.5,1.994E+12,4.02975E-07
8573.5,1.994E+12,4.02975E-07
8574.5,1.9939E+12,4.0298E-07
8575.5,1.9938E+12,4.0298E-07
8576.5,1.9938E+12,4.0298E-07
8577.5,1.9937E+12,4.02985E-07
8578.5,1.9937E+12,4.02985E-07
8579.5,1.9936E+12,4.0299E-07
8580.5,1.9935E+12,4.0299E-07
8581.5,1.9935E+12,4.0299E-07
8582.5,1.9934E+12,4.02995E-07
8583.5,1.9933E+12,4.02995E-07
8584.5,1.9933E+12,4.02995E-07
8585.5,1.9932E+12,0.000000403
8586.5,1.9932E+12,0.000000403
8587.5,1.9931E+12,4.03005E-07
8588.5,1.993E+12,4.03005E-07
8589.5,1.993E+12,4.03005E-07
8590.5,1.9929E+12,4.0301E-07
8591.5,1.9928E+12,4.0301E-07
8592.5,1.9928E+12,4.03015E-07
8593.5,1.9927E+12,4.03015E-07
8594.5,1.9927E+12,4.03015E-07
8595.5,1.9926E+12,4.0302E-07
8596.5,1.9925E+12,4.0302E-07
8597.5,1.9925E+12,4.0302E-07
8598.5,1.9924E+12,4.03025E-07
8599.5,1.9924E+12,4.03025E-07
8600.5,1.9923E+12,4.0303E-07
8601.5,1.9922E+12,4.0303E-07
8602.5,1.9922E+12,4.0303E-07
8603.5,1.9921E+12,4.03035E-07
8604.5,1.992E+12,4.03035E-07
8605.5,1.992E+12,4.0304E-07
8606.5,1.9919E+12,4.0304E-07
8607.5,1.9919E+12,4.0304E-07
8608.5,1.9918E+12,4.03045E-07
8609.5,1.9917E+12,4.03045E-07
8610.5,1.9917E+12,4.03045E-07
8611.5,1.9916E+12,4.0305E-07
8612.5,1.9915E+12,4.0305E-07
8613.5,1.9915E+12,4.03055E-07
8614.5,1.9914E+12,4.03055E-07
8615.5,1.9914E+12,4.03055E-07
8616.5,1.9913E+12,4.0306E-07
8617.5,1.9912E+12,4.0306E-07
8618.5,1.9912E+12,4.03065E-07
8619.5,1.9911E+12,4.03065E-07
8620.5,1.991E+12,4.03065E-07
8621.5,1.991E+12,4.0307E-07
8622.5,1.9909E+12,4.0307E-07
8623.5,1.9909E+12,4.0307E-07
8624.5,1.9908E+12,4.03075E-07
8625.5,1.9907E+12,4.03075E-07
8626.5,1.9907E+12,4.0308E-07
8627.5,1.9906E+12,4.0308E-07
8628.5,1.9905E+12,4.0308E-07
8629.5,1.9905E+12,4.03085E-07
8630.5,1.9904E+12,4.03085E-07
8631.5,1.9904E+12,4.0309E-07
8632.5,1.9903E+12,4.0309E-07
8633.5,1.9902E+12,4.0309E-07
8634.5,1.9902E+12,4.03095E-07
8635.5,1.9901E+12,4.03095E-07
8636.5,1.9901E+12,4.03095E-07
8637.5,1.99E+12,4.031E-07
8638.5,1.9899E+12,4.031E-07
8639.5,1.9899E+12,4.03105E-07
8640.5,1.9898E+12,4.03105E-07
8641.5,1.9897E+12,4.03105E-07
8642.5,1.9897E+12,4.0311E-07
8643.5,1.9896E+12,4.0311E-07
8644.5,1.9896E+12,4.03115E-07
8645.5,1.9895E+12,4.03115E-07
8646.5,1.9894E+12,4.03115E-07
8647.5,1.9894E+12,4.0312E-07
8648.5,1.9893E+12,4.0312E-07
8649.5,1.9893E+12,4.0312E-07
8650.5,1.9892E+12,4.03125E-07
8651.5,1.9891E+12,4.03125E-07
8652.5,1.9891E+12,4.0313E-07
8653.5,1.989E+12,4.0313E-07
8654.5,1.9889E+12,4.0313E-07
8655.5,1.9889E+12,4.03135E-07
8656.5,1.9888E+12,4.03135E-07
8657.5,1.9888E+12,4.03135E-07
8658.5,1.9887E+12,4.0314E-07
8659.5,1.9886E+12,4.0314E-07
8660.5,1.9886E+12,4.03145E-07
8661.5,1.9885E+12,4.03145E-07
8662.5,1.9884E+12,4.03145E-07
8663.5,1.9884E+12,4.0315E-07
8664.5,1.9883E+12,4.0315E-07
8665.5,1.9883E+12,4.03155E-07
8666.5,1.9882E+12,4.03155E-07
8667.5,1.9881E+12,4.03155E-07
8668.5,1.9881E+12,4.0316E-07
8669.5,1.988E+12,4.0316E-07
8670.5,1.988E+12,4.0316E-07
8671.5,1.9879E+12,4.03165E-07
8672.5,1.9878E+12,4.03165E-07
8673.5,1.9878E+12,4.0317E-07
8674.5,1.9877E+12,4.0317E-07
8675.5,1.9876E+12,4.0317E-07
8676.5,1.9876E+12,4.03175E-07
8677.5,1.9875E+12,4.03175E-07
8678.5,1.9875E+12,4.03175E-07
8679.5,1.9874E+12,4.0318E-07
8680.5,1.9873E+12,4.0318E-07
8681.5,1.9873E+12,4.03185E-07
8682.5,1.9872E+12,4.03185E-07
8683.5,1.9872E+12,4.03185E-07
8684.5,1.9871E+12,4.0319E-07
8685.5,1.987E+12,4.0319E-07
8686.5,1.987E+12,4.03195E-07
8687.5,1.9869E+12,4.03195E-07
8688.5,1.9868E+12,4.03195E-07
8689.5,1.9868E+12,4.032E-07
8690.5,1.9867E+12,4.032E-07
8691.5,1.9867E+12,4.032E-07
8692.5,1.9866E+12,4.03205E-07
8693.5,1.9865E+12,4.03205E-07
8694.5,1.9865E+12,4.0321E-07
8695.5,1.9864E+12,4.0321E-07
8696.5,1.9864E+12,4.0321E-07
8697.5,1.9863E+12,4.03215E-07
8698.5,1.9862E+12,4.03215E-07
8699.5,1.9862E+12,4.03215E-07
8700.5,1.9861E+12,4.0322E-07
8701.5,1.9861E+12,4.0322E-07
8702.5,1.986E+12,4.03225E-07
8703.5,1.9859E+12,4.03225E-07
8704.5,1.9859E+12,4.03225E-07
8705.5,1.9858E+12,4.0323E-07
8706.5,1.9857E+12,4.0323E-07
8707.5,1.9857E+12,4.03235E-07
8708.5,1.9856E+12,4.03235E-07
8709.5,1.9856E+12,4.03235E-07
8710.5,1.9855E+12,4.0324E-07
8711.5,1.9854E+12,4.0324E-07
8712.5,1.9854E+12,4.0324E-07
8713.5,1.9853E+12,4.03245E-07
8714.5,1.9853E+12,4.03245E-07
8715.5,1.9852E+12,4.0325E-07
8716.5,1.9851E+12,4.0325E-07
8717.5,1.9851E+12,4.0325E-07
8718.5,1.985E+12,4.03255E-07
8719.5,1.9849E+12,4.03255E-07
8720.5,1.9849E+12,4.03255E-07
8721.5,1.9848E+12,4.0326E-07
8722.5,1.9848E+12,4.0326E-07
8723.5,1.9847E+12,4.03265E-07
8724.5,1.9846E+12,4.03265E-07
8725.5,1.9846E+12,4.03265E-07
8726.5,1.9845E+12,4.0327E-07
8727.5,1.9845E+12,4.0327E-07
8728.5,1.9844E+12,4.0327E-07
8729.5,1.9843E+12,4.03275E-07
8730.5,1.9843E+12,4.03275E-07
8731.5,1.9842E+12,4.0328E-07
8732.5,1.9842E+12,4.0328E-07
8733.5,1.9841E+12,4.0328E-07
8734.5,1.984E+12,4.03285E-07
8735.5,1.984E+12,4.03285E-07
8736.5,1.9839E+12,4.0329E-07
8737.5,1.9838E+12,4.0329E-07
8738.5,1.9838E+12,4.0329E-07
8739.5,1.9837E+12,4.03295E-07
8740.5,1.9837E+12,4.03295E-07
8741.5,1.9836E+12,4.03295E-07
8742.5,1.9835E+12,4.033E-07
8743.5,1.9835E+12,4.033E-07
8744.5,1.9834E+12,4.03305E-07
8745.5,1.9834E+12,4.03305E-07
8746.5,1.9833E+12,4.03305E-07
8747.5,1.9832E+12,4.0331E-07
8748.5,1.9832E+12,4.0331E-07
8749.5,1.9831E+12,4.0331E-07
8750.5,1.9831E+12,4.03315E-07
8751.5,1.983E+12,4.03315E-07
8752.5,1.9829E+12,4.0332E-07
8753.5,1.9829E+12,4.0332E-07
8754.5,1.9828E+12,4.0332E-07
8755.5,1.9828E+12,4.03325E-07
8756.5,1.9827E+12,4.03325E-07
8757.5,1.9826E+12,4.03325E-07
8758.5,1.9826E+12,4.0333E-07
8759.5,1.9825E+12,4.0333E-07
8760.5,1.9825E+12,4.03335E-07
8761.5,1.9824E+12,4.03335E-07
8762.5,1.9823E+12,4.03335E-07
8763.5,1.9823E+12,4.0334E-07
8764.5,1.9822E+12,4.0334E-07
8765.5,1.9821E+12,4.0334E-07
8766.5,1.9821E+12,4.03345E-07
8767.5,1.982E+12,4.03345E-07
8768.5,1.982E+12,4.0335E-07
8769.5,1.9819E+12,4.0335E-07
8770.5,1.9818E+12,4.0335E-07
8771.5,1.9818E+12,4.03355E-07
8772.5,1.9817E+12,4.03355E-07
8773.5,1.9817E+12,4.03355E-07
8774.5,1.9816E+12,4.0336E-07
8775.5,1.9815E+12,4.0336E-07
8776.5,1.9815E+12,4.03365E-07
8777.5,1.9814E+12,4.03365E-07
8778.5,1.9814E+12,4.03365E-07
8779.5,1.9813E+12,4.0337E-07
8780.5,1.9812E+12,4.0337E-07
8781.5,1.9812E+12,4.0337E-07
8782.5,1.9811E+12,4.03375E-07
8783.5,1.9811E+12,4.03375E-07
8784.5,1.981E+12,4.0338E-07
8785.5,1.9809E+12,4.0338E-07
8786.5,1.9809E+12,4.0338E-07
8787.5,1.9808E+12,4.03385E-07
8788.5,1.9808E+12,4.03385E-07
8789.5,1.9807E+12,4.0339E-07
8790.5,1.9806E+12,4.0339E-07
8791.5,1.9806E+12,4.0339E-07
8792.5,1.9805E+12,4.03395E-07
8793.5,1.9805E+12,4.03395E-07
8794.5,1.9804E+12,4.03395E-07
8795.5,1.9803E+12,4.034E-07
8796.5,1.9803E+12,4.034E-07
8797.5,1.9802E+12,4.03405E-07
8798.5,1.9801E+12,4.03405E-07
8799.5,1.9801E+12,4.03405E-07
8800.5,1.98E+12,4.0341E-07
8801.5,1.98E+12,4.0341E-07
8802.5,1.9799E+12,4.0341E-07
8803.5,1.9798E+12,4.03415E-07
8804.5,1.9798E+12,4.03415E-07
8805.5,1.9797E+12,4.0342E-07
8806.5,1.9797E+12,4.0342E-07
8807.5,1.9796E+12,4.0342E-07
8808.5,1.9795E+12,4.03425E-07
8809.5,1.9795E+12,4.03425E-07
8810.5,1.9794E+12,4.03425E-07
8811.5,1.9794E+12,4.0343E-07
8812.5,1.9793E+12,4.0343E-07
8813.5,1.9792E+12,4.03435E-07
8814.5,1.9792E+12,4.03435E-07
8815.5,1.9791E+12,4.03435E-07
8816.5,1.9791E+12,4.0344E-07
8817.5,1.979E+12,4.0344E-07
8818.5,1.9789E+12,4.0344E-07
8819.5,1.9789E+12,4.03445E-07
8820.5,1.9788E+12,4.03445E-07
8821.5,1.9788E+12,4.0345E-07
8822.5,1.9787E+12,4.0345E-07
8823.5,1.9786E+12,4.0345E-07
8824.5,1.9786E+12,4.03455E-07
8825.5,1.9785E+12,4.03455E-07
8826.5,1.9785E+12,4.03455E-07
8827.5,1.9784E+12,4.0346E-07
8828.5,1.9783E+12,4.0346E-07
8829.5,1.9783E+12,4.03465E-07
8830.5,1.9782E+12,4.03465E-07
8831.5,1.9782E+12,4.03465E-07
8832.5,1.9781E+12,4.0347E-07
8833.5,1.978E+12,4.0347E-07
8834.5,1.978E+12,4.0347E-07
8835.5,1.9779E+12,4.03475E-07
8836.5,1.9779E+12,4.03475E-07
8837.5,1.9778E+12,4.03475E-07
8838.5,1.9777E+12,4.0348E-07
8839.5,1.9777E+12,4.0348E-07
8840.5,1.9776E+12,4.03485E-07
8841.5,1.9776E+12,4.03485E-07
8842.5,1.9775E+12,4.03485E-07
8843.5,1.9774E+12,4.0349E-07
8844.5,1.9774E+12,4.0349E-07
8845.5,1.9773E+12,4.0349E-07
8846.5,1.9773E+12,4.03495E-07
8847.5,1.9772E+12,4.03495E-07
8848.5,1.9771E+12,4.035E-07
8849.5,1.9771E+12,4.035E-07
8850.5,1.977E+12,4.035E-07
8851.5,1.977E+12,4.03505E-07
8852.5,1.9769E+12,4.03505E-07
8853.5,1.9768E+12,4.03505E-07
8854.5,1.9768E+12,4.0351E-07
8855.5,1.9767E+12,4.0351E-07
8856.5,1.9767E+12,4.03515E-07
8857.5,1.9766E+12,4.03515E-07
8858.5,1.9765E+12,4.03515E-07
8859.5,1.9765E+12,4.0352E-07
8860.5,1.9764E+12,4.0352E-07
8861.5,1.9764E+12,4.0352E-07
8862.5,1.9763E+12,4.03525E-07
8863.5,1.9762E+12,4.03525E-07
8864.5,1.9762E+12,4.0353E-07
8865.5,1.9761E+12,4.0353E-07
8866.5,1.9761E+12,4.0353E-07
8867.5,1.976E+12,4.03535E-07
8868.5,1.9759E+12,4.03535E-07
8869.5,1.9759E+12,4.03535E-07
8870.5,1.9758E+12,4.0354E-07
8871.5,1.9758E+12,4.0354E-07
8872.5,1.9757E+12,4.03545E-07
8873.5,1.9756E+12,4.03545E-07
8874.5,1.9756E+12,4.03545E-07
8875.5,1.9755E+12,4.0355E-07
8876.5,1.9755E+12,4.0355E-07
8877.5,1.9754E+12,4.0355E-07
8878.5,1.9753E+12,4.03555E-07
8879.5,1.9753E+12,4.03555E-07
8880.5,1.9752E+12,4.0356E-07
8881.5,1.9752E+12,4.0356E-07
8882.5,1.9751E+12,4.0356E-07
8883.5,1.975E+12,4.03565E-07
8884.5,1.975E+12,4.03565E-07
8885.5,1.9749E+12,4.03565E-07
8886.5,1.9749E+12,4.0357E-07
8887.5,1.9748E+12,4.0357E-07
8888.5,1.9747E+12,4.03575E-07
8889.5,1.9747E+12,4.03575E-07
8890.5,1.9746E+12,4.03575E-07
8891.5,1.9746E+12,4.0358E-07
8892.5,1.9745E+12,4.0358E-07
8893.5,1.9745E+12,4.0358E-07
8894.5,1.9744E+12,4.03585E-07
8895.5,1.9743E+12,4.03585E-07
8896.5,1.9743E+12,4.03585E-07
8897.5,1.9742E+12,4.0359E-07
8898.5,1.9742E+12,4.0359E-07
8899.5,1.9741E+12,4.03595E-07
8900.5,1.974E+12,4.03595E-07
8901.5,1.974E+12,4.03595E-07
8902.5,1.9739E+12,4.036E-07
8903.5,1.9739E+12,4.036E-07
8904.5,1.9738E+12,4.036E-07
8905.5,1.9737E+12,4.03605E-07
8906.5,1.9737E+12,4.03605E-07
8907.5,1.9736E+12,4.0361E-07
8908.5,1.9736E+12,4.0361E-07
8909.5,1.9735E+12,4.0361E-07
8910.5,1.9734E+12,4.03615E-07
8911.5,1.9734E+12,4.03615E-07
8912.5,1.9733E+12,4.03615E-07
8913.5,1.9733E+12,4.0362E-07
8914.5,1.9732E+12,4.0362E-07
8915.5,1.9731E+12,4.03625E-07
8916.5,1.9731E+12,4.03625E-07
8917.5,1.973E+12,4.03625E-07
8918.5,1.973E+12,4.0363E-07
8919.5,1.9729E+12,4.0363E-07
8920.5,1.9728E+12,4.0363E-07
8921.5,1.9728E+12,4.03635E-07
8922.5,1.9727E+12,4.03635E-07
8923.5,1.9727E+12,4.03635E-07
8924.5,1.9726E+12,4.0364E-07
8925.5,1.9726E+12,4.0364E-07
8926.5,1.9725E+12,4.03645E-07
8927.5,1.9724E+12,4.03645E-07
8928.5,1.9724E+12,4.03645E-07
8929.5,1.9723E+12,4.0365E-07
8930.5,1.9723E+12,4.0365E-07
8931.5,1.9722E+12,4.0365E-07
8932.5,1.9721E+12,4.03655E-07
8933.5,1.9721E+12,4.03655E-07
8934.5,1.972E+12,4.0366E-07
8935.5,1.972E+12,4.0366E-07
8936.5,1.9719E+12,4.0366E-07
8937.5,1.9718E+12,4.03665E-07
8938.5,1.9718E+12,4.03665E-07
8939.5,1.9717E+12,4.03665E-07
8940.5,1.9717E+12,4.0367E-07
8941.5,1.9716E+12,4.0367E-07
8942.5,1.9715E+12,4.03675E-07
8943.5,1.9715E+12,4.03675E-07
8944.5,1.9714E+12,4.03675E-07
8945.5,1.9714E+12,4.0368E-07
8946.5,1.9713E+12,4.0368E-07
8947.5,1.9712E+12,4.0368E-07
8948.5,1.9712E+12,4.03685E-07
8949.5,1.9711E+12,4.03685E-07
8950.5,1.9711E+12,4.03685E-07
8951.5,1.971E+12,4.0369E-07
8952.5,1.971E+12,4.0369E-07
8953.5,1.9709E+12,4.03695E-07
8954.5,1.9708E+12,4.03695E-07
8955.5,1.9708E+12,4.03695E-07
8956.5,1.9707E+12,4.037E-07
8957.5,1.9707E+12,4.037E-07
8958.5,1.9706E+12,4.037E-07
8959.5,1.9705E+12,4.03705E-07
8960.5,1.9705E+12,4.03705E-07
8961.5,1.9704E+12,4.0371E-07
8962.5,1.9704E+12,4.0371E-07
8963.5,1.9703E+12,4.0371E-07
8964.5,1.9702E+12,4.03715E-07
8965.5,1.9702E+12,4.03715E-07
8966.5,1.9701E+12,4.03715E-07
8967.5,1.9701E+12,4.0372E-07
8968.5,1.97E+12,4.0372E-07
8969.5,1.97E+12,4.0372E-07
8970.5,1.9699E+12,4.03725E-07
8971.5,1.9698E+12,4.03725E-07
8972.5,1.9698E+12,4.0373E-07
8973.5,1.9697E+12,4.0373E-07
8974.5,1.9697E+12,4.0373E-07
8975.5,1.9696E+12,4.03735E-07
8976.5,1.9695E+12,4.03735E-07
8977.5,1.9695E+12,4.03735E-07
8978.5,1.9694E+12,4.0374E-07
8979.5,1.9694E+12,4.0374E-07
8980.5,1.9693E+12,4.03745E-07
8981.5,1.9692E+12,4.03745E-07
8982.5,1.9692E+12,4.03745E-07
8983.5,1.9691E+12,4.0375E-07
8984.5,1.9691E+12,4.0375E-07
8985.5,1.969E+12,4.0375E-07
8986.5,1.969E+12,4.03755E-07
8987.5,1.9689E+12,4.03755E-07
8988.5,1.9688E+12,4.03755E-07
8989.5,1.9688E+12,4.0376E-07
8990.5,1.9687E+12,4.0376E-07
8991.5,1.9687E+12,4.03765E-07
8992.5,1.9686E+12,4.03765E-07
8993.5,1.9685E+12,4.03765E-07
8994.5,1.9685E+12,4.0377E-07
8995.5,1.9684E+12,4.0377E-07
8996.5,1.9684E+12,4.0377E-07
8997.5,1.9683E+12,4.03775E-07
8998.5,1.9682E+12,4.03775E-07
8999.5,1.9682E+12,4.03775E-07
9000.5,1.9681E+12,4.0378E-07
9001.5,1.9681E+12,4.0378E-07
9002.5,1.968E+12,4.03785E-07
9003.5,1.968E+12,4.03785E-07
9004.5,1.9679E+12,4.03785E-07
9005.5,1.9678E+12,4.0379E-07
9006.5,1.9678E+12,4.0379E-07
9007.5,1.9677E+12,4.0379E-07
9008.5,1.9677E+12,4.03795E-07
9009.5,1.9676E+12,4.03795E-07
9010.5,1.9675E+12,4.038E-07
9011.5,1.9675E+12,4.038E-07
9012.5,1.9674E+12,4.038E-07
9013.5,1.9674E+12,4.03805E-07
9014.5,1.9673E+12,4.03805E-07
9015.5,1.9673E+12,4.03805E-07
9016.5,1.9672E+12,4.0381E-07
9017.5,1.9671E+12,4.0381E-07
9018.5,1.9671E+12,4.0381E-07
9019.5,1.967E+12,4.03815E-07
9020.5,1.967E+12,4.03815E-07
9021.5,1.9669E+12,4.0382E-07
9022.5,1.9668E+12,4.0382E-07
9023.5,1.9668E+12,4.0382E-07
9024.5,1.9667E+12,4.03825E-07
9025.5,1.9667E+12,4.03825E-07
9026.5,1.9666E+12,4.03825E-07
9027.5,1.9666E+12,4.0383E-07
9028.5,1.9665E+12,4.0383E-07
9029.5,1.9664E+12,4.0383E-07
9030.5,1.9664E+12,4.03835E-07
9031.5,1.9663E+12,4.03835E-07
9032.5,1.9663E+12,4.0384E-07
9033.5,1.9662E+12,4.0384E-07
9034.5,1.9661E+12,4.0384E-07
9035.5,1.9661E+12,4.03845E-07
9036.5,1.966E+12,4.03845E-07
9037.5,1.966E+12,4.03845E-07
9038.5,1.9659E+12,4.0385E-07
9039.5,1.9659E+12,4.0385E-07
9040.5,1.9658E+12,4.0385E-07
9041.5,1.9657E+12,4.03855E-07
9042.5,1.9657E+12,4.03855E-07
9043.5,1.9656E+12,4.0386E-07
9044.5,1.9656E+12,4.0386E-07
9045.5,1.9655E+12,4.0386E-07
9046.5,1.9654E+12,4.03865E-07
9047.5,1.9654E+12,4.03865E-07
9048.5,1.9653E+12,4.03865E-07
9049.5,1.9653E+12,4.0387E-07
9050.5,1.9652E+12,4.0387E-07
9051.5,1.9652E+12,4.0387E-07
9052.5,1.9651E+12,4.03875E-07
9053.5,1.965E+12,4.03875E-07
9054.5,1.965E+12,4.0388E-07
9055.5,1.9649E+12,4.0388E-07
9056.5,1.9649E+12,4.0388E-07
9057.5,1.9648E+12,4.03885E-07
9058.5,1.9647E+12,4.03885E-07
9059.5,1.9647E+12,4.03885E-07
9060.5,1.9646E+12,4.0389E-07
9061.5,1.9646E+12,4.0389E-07
9062.5,1.9645E+12,4.03895E-07
9063.5,1.9645E+12,4.03895E-07
9064.5,1.9644E+12,4.03895E-07
9065.5,1.9643E+12,4.039E-07
9066.5,1.9643E+12,4.039E-07
9067.5,1.9642E+12,4.039E-07
9068.5,1.9642E+12,4.03905E-07
9069.5,1.9641E+12,4.03905E-07
9070.5,1.964E+12,4.03905E-07
9071.5,1.964E+12,4.0391E-07
9072.5,1.9639E+12,4.0391E-07
9073.5,1.9639E+12,4.03915E-07
9074.5,1.9638E+12,4.03915E-07
9075.5,1.9638E+12,4.03915E-07
9076.5,1.9637E+12,4.0392E-07
9077.5,1.9636E+12,4.0392E-07
9078.5,1.9636E+12,4.0392E-07
9079.5,1.9635E+12,4.03925E-07
9080.5,1.9635E+12,4.03925E-07
9081.5,1.9634E+12,4.03925E-07
9082.5,1.9634E+12,4.0393E-07
9083.5,1.9633E+12,4.0393E-07
9084.5,1.9632E+12,4.0393E-07
9085.5,1.9632E+12,4.03935E-07
9086.5,1.9631E+12,4.03935E-07
9087.5,1.9631E+12,4.0394E-07
9088.5,1.963E+12,4.0394E-07
9089.5,1.9629E+12,4.0394E-07
9090.5,1.9629E+12,4.03945E-07
9091.5,1.9628E+12,4.03945E-07
9092.5,1.9628E+12,4.03945E-07
9093.5,1.9627E+12,4.0395E-07
9094.5,1.9627E+12,4.0395E-07
9095.5,1.9626E+12,4.0395E-07
9096.5,1.9625E+12,4.03955E-07
9097.5,1.9625E+12,4.03955E-07
9098.5,1.9624E+12,4.0396E-07
9099.5,1.9624E+12,4.0396E-07
9100.5,1.9623E+12,4.0396E-07
9101.5,1.9623E+12,4.03965E-07
9102.5,1.9622E+12,4.03965E-07
9103.5,1.9621E+12,4.03965E-07
9104.5,1.9621E+12,4.0397E-07
9105.5,1.962E+12,4.0397E-07
9106.5,1.962E+12,4.0397E-07
9107.5,1.9619E+12,4.03975E-07
9108.5,1.9619E+12,4.03975E-07
9109.5,1.9618E+12,4.0398E-07
9110.5,1.9617E+12,4.0398E-07
9111.5,1.9617E+12,4.0398E-07
9112.5,1.9616E+12,4.03985E-07
9113.5,1.9616E+12,4.03985E-07
9114.5,1.9615E+12,4.03985E-07
9115.5,1.9614E+12,4.0399E-07
9116.5,1.9614E+12,4.0399E-07
9117.5,1.9613E+12,4.0399E-07
9118.5,1.9613E+12,4.03995E-07
9119.5,1.9612E+12,4.03995E-07
9120.5,1.9612E+12,0.000000404
9121.5,1.9611E+12,0.000000404
9122.5,1.961E+12,0.000000404
9123.5,1.961E+12,4.04005E-07
9124.5,1.9609E+12,4.04005E-07
9125.5,1.9609E+12,4.04005E-07
9126.5,1.9608E+12,4.0401E-07
9127.5,1.9608E+12,4.0401E-07
9128.5,1.9607E+12,4.0401E-07
9129.5,1.9606E+12,4.04015E-07
9130.5,1.9606E+12,4.04015E-07
9131.5,1.9605E+12,4.0402E-07
9132.5,1.9605E+12,4.0402E-07
9133.5,1.9604E+12,4.0402E-07
9134.5,1.9604E+12,4.04025E-07
9135.5,1.9603E+12,4.04025E-07
9136.5,1.9602E+12,4.04025E-07
9137.5,1.9602E+12,4.0403E-07
9138.5,1.9601E+12,4.0403E-07
9139.5,1.9601E+12,4.0403E-07
9140.5,1.96E+12,4.04035E-07
9141.5,1.96E+12,4.04035E-07
9142.5,1.9599E+12,4.04035E-07
9143.5,1.9598E+12,4.0404E-07
9144.5,1.9598E+12,4.0404E-07
9145.5,1.9597E+12,4.04045E-07
9146.5,1.9597E+12,4.04045E-07
9147.5,1.9596E+12,4.04045E-07
9148.5,1.9595E+12,4.0405E-07
9149.5,1.9595E+12,4.0405E-07
9150.5,1.9594E+12,4.0405E-07
9151.5,1.9594E+12,4.04055E-07
9152.5,1.9593E+12,4.04055E-07
9153.5,1.9593E+12,4.04055E-07
9154.5,1.9592E+12,4.0406E-07
9155.5,1.9591E+12,4.0406E-07
9156.5,1.9591E+12,4.04065E-07
9157.5,1.959E+12,4.04065E-07
9158.5,1.959E+12,4.04065E-07
9159.5,1.9589E+12,4.0407E-07
9160.5,1.9589E+12,4.0407E-07
9161.5,1.9588E+12,4.0407E-07
9162.5,1.9587E+12,4.04075E-07
9163.5,1.9587E+12,4.04075E-07
9164.5,1.9586E+12,4.04075E-07
9165.5,1.9586E+12,4.0408E-07
9166.5,1.9585E+12,4.0408E-07
9167.5,1.9585E+12,4.0408E-07
9168.5,1.9584E+12,4.04085E-07
9169.5,1.9583E+12,4.04085E-07
9170.5,1.9583E+12,4.0409E-07
9171.5,1.9582E+12,4.0409E-07
9172.5,1.9582E+12,4.0409E-07
9173.5,1.9581E+12,4.04095E-07
9174.5,1.9581E+12,4.04095E-07
9175.5,1.958E+12,4.04095E-07
9176.5,1.9579E+12,4.041E-07
9177.5,1.9579E+12,4.041E-07
9178.5,1.9578E+12,4.041E-07
9179.5,1.9578E+12,4.04105E-07
9180.5,1.9577E+12,4.04105E-07
9181.5,1.9577E+12,4.0411E-07
9182.5,1.9576E+12,4.0411E-07
9183.5,1.9575E+12,4.0411E-07
9184.5,1.9575E+12,4.04115E-07
9185.5,1.9574E+12,4.04115E-07
9186.5,1.9574E+12,4.04115E-07
9187.5,1.9573E+12,4.0412E-07
9188.5,1.9573E+12,4.0412E-07
9189.5,1.9572E+12,4.0412E-07
9190.5,1.9571E+12,4.04125E-07
9191.5,1.9571E+12,4.04125E-07
9192.5,1.957E+12,4.04125E-07
9193.5,1.957E+12,4.0413E-07
9194.5,1.9569E+12,4.0413E-07
9195.5,1.9569E+12,4.04135E-07
9196.5,1.9568E+12,4.04135E-07
9197.5,1.9567E+12,4.04135E-07
9198.5,1.9567E+12,4.0414E-07
9199.5,1.9566E+12,4.0414E-07
9200.5,1.9566E+12,4.0414E-07
9201.5,1.9565E+12,4.04145E-07
9202.5,1.9565E+12,4.04145E-07
9203.5,1.9564E+12,4.04145E-07
9204.5,1.9563E+12,4.0415E-07
9205.5,1.9563E+12,4.0415E-07
9206.5,1.9562E+12,4.0415E-07
9207.5,1.9562E+12,4.04155E-07
9208.5,1.9561E+12,4.04155E-07
9209.5,1.9561E+12,4.0416E-07
9210.5,1.956E+12,4.0416E-07
9211.5,1.956E+12,4.0416E-07
9212.5,1.9559E+12,4.04165E-07
9213.5,1.9558E+12,4.04165E-07
9214.5,1.9558E+12,4.04165E-07
9215.5,1.9557E+12,4.0417E-07
9216.5,1.9557E+12,4.0417E-07
9217.5,1.9556E+12,4.0417E-07
9218.5,1.9556E+12,4.04175E-07
9219.5,1.9555E+12,4.04175E-07
9220.5,1.9554E+12,4.04175E-07
9221.5,1.9554E+12,4.0418E-07
9222.5,1.9553E+12,4.0418E-07
9223.5,1.9553E+12,4.04185E-07
9224.5,1.9552E+12,4.04185E-07
9225.5,1.9552E+12,4.04185E-07
9226.5,1.9551E+12,4.0419E-07
9227.5,1.955E+12,4.0419E-07
9228.5,1.955E+12,4.0419E-07
9229.5,1.9549E+12,4.04195E-07
9230.5,1.9549E+12,4.04195E-07
9231.5,1.9548E+12,4.04195E-07
9232.5,1.9548E+12,4.042E-07
9233.5,1.9547E+12,4.042E-07
9234.5,1.9546E+12,4.042E-07
9235.5,1.9546E+12,4.04205E-07
9236.5,1.9545E+12,4.04205E-07
9237.5,1.9545E+12,4.0421E-07
9238.5,1.9544E+12,4.0421E-07
9239.5,1.9544E+12,4.0421E-07
9240.5,1.9543E+12,4.04215E-07
9241.5,1.9542E+12,4.04215E-07
9242.5,1.9542E+12,4.04215E-07
9243.5,1.9541E+12,4.0422E-07
9244.5,1.9541E+12,4.0422E-07
9245.5,1.954E+12,4.0422E-07
9246.5,1.954E+12,4.04225E-07
9247.5,1.9539E+12,4.04225E-07
9248.5,1.9539E+12,4.04225E-07
9249.5,1.9538E+12,4.0423E-07
9250.5,1.9537E+12,4.0423E-07
9251.5,1.9537E+12,4.04235E-07
9252.5,1.9536E+12,4.04235E-07
9253.5,1.9536E+12,4.04235E-07
9254.5,1.9535E+12,4.0424E-07
9255.5,1.9535E+12,4.0424E-07
9256.5,1.9534E+12,4.0424E-07
9257.5,1.9533E+12,4.04245E-07
9258.5,1.9533E+12,4.04245E-07
9259.5,1.9532E+12,4.04245E-07
9260.5,1.9532E+12,4.0425E-07
9261.5,1.9531E+12,4.0425E-07
9262.5,1.9531E+12,4.0425E-07
9263.5,1.953E+12,4.04255E-07
9264.5,1.953E+12,4.04255E-07
9265.5,1.9529E+12,4.0426E-07
9266.5,1.9528E+12,4.0426E-07
9267.5,1.9528E+12,4.0426E-07
9268.5,1.9527E+12,4.04265E-07
9269.5,1.9527E+12,4.04265E-07
9270.5,1.9526E+12,4.04265E-07
9271.5,1.9526E+12,4.0427E-07
9272.5,1.9525E+12,4.0427E-07
9273.5,1.9524E+12,4.0427E-07
9274.5,1.9524E+12,4.04275E-07
9275.5,1.9523E+12,4.04275E-07
9276.5,1.9523E+12,4.04275E-07
9277.5,1.9522E+12,4.0428E-07
9278.5,1.9522E+12,4.0428E-07
9279.5,1.9521E+12,4.04285E-07
9280.5,1.952E+12,4.04285E-07
9281.5,1.952E+12,4.04285E-07
9282.5,1.9519E+12,4.0429E-07
9283.5,1.9519E+12,4.0429E-07
9284.5,1.9518E+12,4.0429E-07
9285.5,1.9518E+12,4.04295E-07
9286.5,1.9517E+12,4.04295E-07
9287.5,1.9517E+12,4.04295E-07
9288.5,1.9516E+12,4.043E-07
9289.5,1.9515E+12,4.043E-07
9290.5,1.9515E+12,4.043E-07
9291.5,1.9514E+12,4.04305E-07
9292.5,1.9514E+12,4.04305E-07
9293.5,1.9513E+12,4.04305E-07
9294.5,1.9513E+12,4.0431E-07
9295.5,1.9512E+12,4.0431E-07
9296.5,1.9511E+12,4.04315E-07
9297.5,1.9511E+12,4.04315E-07
9298.5,1.951E+12,4.04315E-07
9299.5,1.951E+12,4.0432E-07
9300.5,1.9509E+12,4.0432E-07
9301.5,1.9509E+12,4.0432E-07
9302.5,1.9508E+12,4.04325E-07
9303.5,1.9508E+12,4.04325E-07
9304.5,1.9507E+12,4.04325E-07
9305.5,1.9506E+12,4.0433E-07
9306.5,1.9506E+12,4.0433E-07
9307.5,1.9505E+12,4.0433E-07
9308.5,1.9505E+12,4.04335E-07
9309.5,1.9504E+12,4.04335E-07
9310.5,1.9504E+12,4.0434E-07
9311.5,1.9503E+12,4.0434E-07
9312.5,1.9503E+12,4.0434E-07
9313.5,1.9502E+12,4.04345E-07
9314.5,1.9501E+12,4.04345E-07
9315.5,1.9501E+12,4.04345E-07
9316.5,1.95E+12,4.0435E-07
9317.5,1.95E+12,4.0435E-07
9318.5,1.9499E+12,4.0435E-07
9319.5,1.9499E+12,4.04355E-07
9320.5,1.9498E+12,4.04355E-07
9321.5,1.9497E+12,4.04355E-07
9322.5,1.9497E+12,4.0436E-07
9323.5,1.9496E+12,4.0436E-07
9324.5,1.9496E+12,4.0436E-07
9325.5,1.9495E+12,4.04365E-07
9326.5,1.9495E+12,4.04365E-07
9327.5,1.9494E+12,4.0437E-07
9328.5,1.9494E+12,4.0437E-07
9329.5,1.9493E+12,4.0437E-07
9330.5,1.9492E+12,4.04375E-07
9331.5,1.9492E+12,4.04375E-07
9332.5,1.9491E+12,4.04375E-07
9333.5,1.9491E+12,4.0438E-07
9334.5,1.949E+12,4.0438E-07
9335.5,1.949E+12,4.0438E-07
9336.5,1.9489E+12,4.04385E-07
9337.5,1.9489E+12,4.04385E-07
9338.5,1.9488E+12,4.04385E-07
9339.5,1.9487E+12,4.0439E-07
9340.5,1.9487E+12,4.0439E-07
9341.5,1.9486E+12,4.0439E-07
9342.5,1.9486E+12,4.04395E-07
9343.5,1.9485E+12,4.04395E-07
9344.5,1.9485E+12,4.044E-07
9345.5,1.9484E+12,4.044E-07
9346.5,1.9484E+12,4.044E-07
9347.5,1.9483E+12,4.04405E-07
9348.5,1.9482E+12,4.04405E-07
9349.5,1.9482E+12,4.04405E-07
9350.5,1.9481E+12,4.0441E-07
9351.5,1.9481E+12,4.0441E-07
9352.5,1.948E+12,4.0441E-07
9353.5,1.948E+12,4.04415E-07
9354.5,1.9479E+12,4.04415E-07
9355.5,1.9478E+12,4.04415E-07
9356.5,1.9478E+12,4.0442E-07
9357.5,1.9477E+12,4.0442E-07
9358.5,1.9477E+12,4.0442E-07
9359.5,1.9476E+12,4.04425E-07
9360.5,1.9476E+12,4.04425E-07
9361.5,1.9475E+12,4.04425E-07
9362.5,1.9475E+12,4.0443E-07
9363.5,1.9474E+12,4.0443E-07
9364.5,1.9473E+12,4.04435E-07
9365.5,1.9473E+12,4.04435E-07
9366.5,1.9472E+12,4.04435E-07
9367.5,1.9472E+12,4.0444E-07
9368.5,1.9471E+12,4.0444E-07
9369.5,1.9471E+12,4.0444E-07
9370.5,1.947E+12,4.04445E-07
9371.5,1.947E+12,4.04445E-07
9372.5,1.9469E+12,4.04445E-07
9373.5,1.9468E+12,4.0445E-07
9374.5,1.9468E+12,4.0445E-07
9375.5,1.9467E+12,4.0445E-07
9376.5,1.9467E+12,4.04455E-07
9377.5,1.9466E+12,4.04455E-07
9378.5,1.9466E+12,4.04455E-07
9379.5,1.9465E+12,4.0446E-07
9380.5,1.9465E+12,4.0446E-07
9381.5,1.9464E+12,4.04465E-07
9382.5,1.9463E+12,4.04465E-07
9383.5,1.9463E+12,4.04465E-07
9384.5,1.9462E+12,4.0447E-07
9385.5,1.9462E+12,4.0447E-07
9386.5,1.9461E+12,4.0447E-07
9387.5,1.9461E+12,4.04475E-07
9388.5,1.946E+12,4.04475E-07
9389.5,1.946E+12,4.04475E-07
9390.5,1.9459E+12,4.0448E-07
9391.5,1.9458E+12,4.0448E-07
9392.5,1.9458E+12,4.0448E-07
9393.5,1.9457E+12,4.04485E-07
9394.5,1.9457E+12,4.04485E-07
9395.5,1.9456E+12,4.04485E-07
9396.5,1.9456E+12,4.0449E-07
9397.5,1.9455E+12,4.0449E-07
9398.5,1.9455E+12,4.0449E-07
9399.5,1.9454E+12,4.04495E-07
9400.5,1.9454E+12,4.04495E-07
9401.5,1.9453E+12,4.045E-07
9402.5,1.9452E+12,4.045E-07
9403.5,1.9452E+12,4.045E-07
9404.5,1.9451E+12,4.04505E-07
9405.5,1.9451E+12,4.04505E-07
9406.5,1.945E+12,4.04505E-07
9407.5,1.945E+12,4.0451E-07
9408.5,1.9449E+12,4.0451E-07
9409.5,1.9449E+12,4.0451E-07
9410.5,1.9448E+12,4.04515E-07
9411.5,1.9447E+12,4.04515E-07
9412.5,1.9447E+12,4.04515E-07
9413.5,1.9446E+12,4.0452E-07
9414.5,1.9446E+12,4.0452E-07
9415.5,1.9445E+12,4.0452E-07
9416.5,1.9445E+12,4.04525E-07
9417.5,1.9444E+12,4.04525E-07
9418.5,1.9444E+12,4.04525E-07
9419.5,1.9443E+12,4.0453E-07
9420.5,1.9442E+12,4.0453E-07
9421.5,1.9442E+12,4.04535E-07
9422.5,1.9441E+12,4.04535E-07
9423.5,1.9441E+12,4.04535E-07
9424.5,1.944E+12,4.0454E-07
9425.5,1.944E+12,4.0454E-07
9426.5,1.9439E+12,4.0454E-07
9427.5,1.9439E+12,4.04545E-07
9428.5,1.9438E+12,4.04545E-07
9429.5,1.9437E+12,4.04545E-07
9430.5,1.9437E+12,4.0455E-07
9431.5,1.9436E+12,4.0455E-07
9432.5,1.9436E+12,4.0455E-07
9433.5,1.9435E+12,4.04555E-07
9434.5,1.9435E+12,4.04555E-07
9435.5,1.9434E+12,4.04555E-07
9436.5,1.9434E+12,4.0456E-07
9437.5,1.9433E+12,4.0456E-07
9438.5,1.9433E+12,4.0456E-07
9439.5,1.9432E+12,4.04565E-07
9440.5,1.9431E+12,4.04565E-07
9441.5,1.9431E+12,4.0457E-07
9442.5,1.943E+12,4.0457E-07
9443.5,1.943E+12,4.0457E-07
9444.5,1.9429E+12,4.04575E-07
9445.5,1.9429E+12,4.04575E-07
9446.5,1.9428E+12,4.04575E-07
9447.5,1.9428E+12,4.0458E-07
9448.5,1.9427E+12,4.0458E-07
9449.5,1.9426E+12,4.0458E-07
9450.5,1.9426E+12,4.04585E-07
9451.5,1.9425E+12,4.04585E-07
9452.5,1.9425E+12,4.04585E-07
9453.5,1.9424E+12,4.0459E-07
9454.5,1.9424E+12,4.0459E-07
9455.5,1.9423E+12,4.0459E-07
9456.5,1.9423E+12,4.04595E-07
9457.5,1.9422E+12,4.04595E-07
9458.5,1.9422E+12,4.04595E-07
9459.5,1.9421E+12,4.046E-07
9460.5,1.942E+12,4.046E-07
9461.5,1.942E+12,4.046E-07
9462.5,1.9419E+12,4.04605E-07
9463.5,1.9419E+12,4.04605E-07
9464.5,1.9418E+12,4.0461E-07
9465.5,1.9418E+12,4.0461E-07
9466.5,1.9417E+12,4.0461E-07
9467.5,1.9417E+12,4.04615E-07
9468.5,1.9416E+12,4.04615E-07
9469.5,1.9416E+12,4.04615E-07
9470.5,1.9415E+12,4.0462E-07
9471.5,1.9414E+12,4.0462E-07
9472.5,1.9414E+12,4.0462E-07
9473.5,1.9413E+12,4.04625E-07
9474.5,1.9413E+12,4.04625E-07
9475.5,1.9412E+12,4.04625E-07
9476.5,1.9412E+12,4.0463E-07
9477.5,1.9411E+12,4.0463E-07
9478.5,1.9411E+12,4.0463E-07
9479.5,1.941E+12,4.04635E-07
9480.5,1.9409E+12,4.04635E-07
9481.5,1.9409E+12,4.04635E-07
9482.5,1.9408E+12,4.0464E-07
9483.5,1.9408E+12,4.0464E-07
9484.5,1.9407E+12,4.0464E-07
9485.5,1.9407E+12,4.04645E-07
9486.5,1.9406E+12,4.04645E-07
9487.5,1.9406E+12,4.0465E-07
9488.5,1.9405E+12,4.0465E-07
9489.5,1.9405E+12,4.0465E-07
9490.5,1.9404E+12,4.04655E-07
9491.5,1.9403E+12,4.04655E-07
9492.5,1.9403E+12,4.04655E-07
9493.5,1.9402E+12,4.0466E-07
9494.5,1.9402E+12,4.0466E-07
9495.5,1.9401E+12,4.0466E-07
9496.5,1.9401E+12,4.04665E-07
9497.5,1.94E+12,4.04665E-07
9498.5,1.94E+12,4.04665E-07
9499.5,1.9399E+12,4.0467E-07
9500.5,1.9399E+12,4.0467E-07
9501.5,1.9398E+12,4.0467E-07
9502.5,1.9397E+12,4.04675E-07
9503.5,1.9397E+12,4.04675E-07
9504.5,1.9396E+12,4.04675E-07
9505.5,1.9396E+12,4.0468E-07
9506.5,1.9395E+12,4.0468E-07
9507.5,1.9395E+12,4.0468E-07
9508.5,1.9394E+12,4.04685E-07
9509.5,1.9394E+12,4.04685E-07
9510.5,1.9393E+12,4.04685E-07
9511.5,1.9393E+12,4.0469E-07
9512.5,1.9392E+12,4.0469E-07
9513.5,1.9391E+12,4.04695E-07
9514.5,1.9391E+12,4.04695E-07
9515.5,1.939E+12,4.04695E-07
9516.5,1.939E+12,4.047E-07
9517.5,1.9389E+12,4.047E-07
9518.5,1.9389E+12,4.047E-07
9519.5,1.9388E+12,4.04705E-07
9520.5,1.9388E+12,4.04705E-07
9521.5,1.9387E+12,4.04705E-07
9522.5,1.9387E+12,4.0471E-07
9523.5,1.9386E+12,4.0471E-07
9524.5,1.9385E+12,4.0471E-07
9525.5,1.9385E+12,4.04715E-07
9526.5,1.9384E+12,4.04715E-07
9527.5,1.9384E+12,4.04715E-07
9528.5,1.9383E+12,4.0472E-07
9529.5,1.9383E+12,4.0472E-07
9530.5,1.9382E+12,4.0472E-07
9531.5,1.9382E+12,4.04725E-07
9532.5,1.9381E+12,4.04725E-07
9533.5,1.9381E+12,4.04725E-07
9534.5,1.938E+12,4.0473E-07
9535.5,1.9379E+12,4.0473E-07
9536.5,1.9379E+12,4.0473E-07
9537.5,1.9378E+12,4.04735E-07
9538.5,1.9378E+12,4.04735E-07
9539.5,1.9377E+12,4.04735E-07
9540.5,1.9377E+12,4.0474E-07
9541.5,1.9376E+12,4.0474E-07
9542.5,1.9376E+12,4.04745E-07
9543.5,1.9375E+12,4.04745E-07
9544.5,1.9375E+12,4.04745E-07
9545.5,1.9374E+12,4.0475E-07
9546.5,1.9374E+12,4.0475E-07
9547.5,1.9373E+12,4.0475E-07
9548.5,1.9372E+12,4.04755E-07
9549.5,1.9372E+12,4.04755E-07
9550.5,1.9371E+12,4.04755E-07
9551.5,1.9371E+12,4.0476E-07
9552.5,1.937E+12,4.0476E-07
9553.5,1.937E+12,4.0476E-07
9554.5,1.9369E+12,4.04765E-07
9555.5,1.9369E+12,4.04765E-07
9556.5,1.9368E+12,4.04765E-07
9557.5,1.9368E+12,4.0477E-07
9558.5,1.9367E+12,4.0477E-07
9559.5,1.9366E+12,4.0477E-07
9560.5,1.9366E+12,4.04775E-07
9561.5,1.9365E+12,4.04775E-07
9562.5,1.9365E+12,4.04775E-07
9563.5,1.9364E+12,4.0478E-07
9564.5,1.9364E+12,4.0478E-07
9565.5,1.9363E+12,4.0478E-07
9566.5,1.9363E+12,4.04785E-07
9567.5,1.9362E+12,4.04785E-07
9568.5,1.9362E+12,4.04785E-07
9569.5,1.9361E+12,4.0479E-07
9570.5,1.9361E+12,4.0479E-07
9571.5,1.936E+12,4.04795E-07
9572.5,1.9359E+12,4.04795E-07
9573.5,1.9359E+12,4.04795E-07
9574.5,1.9358E+12,4.048E-07
9575.5,1.9358E+12,4.048E-07
9576.5,1.9357E+12,4.048E-07
9577.5,1.9357E+12,4.04805E-07
9578.5,1.9356E+12,4.04805E-07
9579.5,1.9356E+12,4.04805E-07
9580.5,1.9355E+12,4.0481E-07
9581.5,1.9355E+12,4.0481E-07
9582.5,1.9354E+12,4.0481E-07
9583.5,1.9354E+12,4.04815E-07
9584.5,1.9353E+12,4.04815E-07
9585.5,1.9352E+12,4.04815E-07
9586.5,1.9352E+12,4.0482E-07
9587.5,1.9351E+12,4.0482E-07
9588.5,1.9351E+12,4.0482E-07
9589.5,1.935E+12,4.04825E-07
9590.5,1.935E+12,4.04825E-07
9591.5,1.9349E+12,4.04825E-07
9592.5,1.9349E+12,4.0483E-07
9593.5,1.9348E+12,4.0483E-07
9594.5,1.9348E+12,4.0483E-07
9595.5,1.9347E+12,4.04835E-07
9596.5,1.9347E+12,4.04835E-07
9597.5,1.9346E+12,4.04835E-07
9598.5,1.9345E+12,4.0484E-07
9599.5,1.9345E+12,4.0484E-07
9600.5,1.9344E+12,4.0484E-07
9601.5,1.9344E+12,4.04845E-07
9602.5,1.9343E+12,4.04845E-07
9603.5,1.9343E+12,4.04845E-07
9604.5,1.9342E+12,4.0485E-07
9605.5,1.9342E+12,4.0485E-07
9606.5,1.9341E+12,4.04855E-07
9607.5,1.9341E+12,4.04855E-07
9608.5,1.934E+12,4.04855E-07
9609.5,1.934E+12,4.0486E-07
9610.5,1.9339E+12,4.0486E-07
9611.5,1.9338E+12,4.0486E-07
9612.5,1.9338E+12,4.04865E-07
9613.5,1.9337E+12,4.04865E-07
9614.5,1.9337E+12,4.04865E-07
9615.5,1.9336E+12,4.0487E-07
9616.5,1.9336E+12,4.0487E-07
9617.5,1.9335E+12,4.0487E-07
9618.5,1.9335E+12,4.04875E-07
9619.5,1.9334E+12,4.04875E-07
9620.5,1.9334E+12,4.04875E-07
9621.5,1.9333E+12,4.0488E-07
9622.5,1.9333E+12,4.0488E-07
9623.5,1.9332E+12,4.0488E-07
9624.5,1.9331E+12,4.04885E-07
9625.5,1.9331E+12,4.04885E-07
9626.5,1.933E+12,4.04885E-07
9627.5,1.933E+12,4.0489E-07
9628.5,1.9329E+12,4.0489E-07
9629.5,1.9329E+12,4.0489E-07
9630.5,1.9328E+12,4.04895E-07
9631.5,1.9328E+12,4.04895E-07
9632.5,1.9327E+12,4.04895E-07
9633.5,1.9327E+12,4.049E-07
9634.5,1.9326E+12,4.049E-07
9635.5,1.9326E+12,4.049E-07
9636.5,1.9325E+12,4.04905E-07
9637.5,1.9324E+12,4.04905E-07
9638.5,1.9324E+12,4.04905E-07
9639.5,1.9323E+12,4.0491E-07
9640.5,1.9323E+12,4.0491E-07
9641.5,1.9322E+12,4.0491E-07
9642.5,1.9322E+12,4.04915E-07
9643.5,1.9321E+12,4.04915E-07
9644.5,1.9321E+12,4.04915E-07
9645.5,1.932E+12,4.0492E-07
9646.5,1.932E+12,4.0492E-07
9647.5,1.9319E+12,4.04925E-07
9648.5,1.9319E+12,4.04925E-07
9649.5,1.9318E+12,4.04925E-07
9650.5,1.9318E+12,4.0493E-07
9651.5,1.9317E+12,4.0493E-07
9652.5,1.9316E+12,4.0493E-07
9653.5,1.9316E+12,4.04935E-07
9654.5,1.9315E+12,4.04935E-07
9655.5,1.9315E+12,4.04935E-07
9656.5,1.9314E+12,4.0494E-07
9657.5,1.9314E+12,4.0494E-07
9658.5,1.9313E+12,4.0494E-07
9659.5,1.9313E+12,4.04945E-07
9660.5,1.9312E+12,4.04945E-07
9661.5,1.9312E+12,4.04945E-07
9662.5,1.9311E+12,4.0495E-07
9663.5,1.9311E+12,4.0495E-07
9664.5,1.931E+12,4.0495E-07
9665.5,1.931E+12,4.04955E-07
9666.5,1.9309E+12,4.04955E-07
9667.5,1.9308E+12,4.04955E-07
9668.5,1.9308E+12,4.0496E-07
9669.5,1.9307E+12,4.0496E-07
9670.5,1.9307E+12,4.0496E-07
9671.5,1.9306E+12,4.04965E-07
9672.5,1.9306E+12,4.04965E-07
9673.5,1.9305E+12,4.04965E-07
9674.5,1.9305E+12,4.0497E-07
9675.5,1.9304E+12,4.0497E-07
9676.5,1.9304E+12,4.0497E-07
9677.5,1.9303E+12,4.04975E-07
9678.5,1.9303E+12,4.04975E-07
9679.5,1.9302E+12,4.04975E-07
9680.5,1.9302E+12,4.0498E-07
9681.5,1.9301E+12,4.0498E-07
9682.5,1.93E+12,4.0498E-07
9683.5,1.93E+12,4.04985E-07
9684.5,1.9299E+12,4.04985E-07
9685.5,1.9299E+12,4.04985E-07
9686.5,1.9298E+12,4.0499E-07
9687.5,1.9298E+12,4.0499E-07
9688.5,1.9297E+12,4.0499E-07
9689.5,1.9297E+12,4.04995E-07
9690.5,1.9296E+12,4.04995E-07
9691.5,1.9296E+12,4.04995E-07
9692.5,1.9295E+12,0.000000405
9693.5,1.9295E+12,0.000000405
9694.5,1.9294E+12,0.000000405
9695.5,1.9294E+12,4.05005E-07
9696.5,1.9293E+12,4.05005E-07
9697.5,1.9292E+12,4.0501E-07
9698.5,1.9292E+12,4.0501E-07
9699.5,1.9291E+12,4.0501E-07
9700.5,1.9291E+12,4.05015E-07
9701.5,1.929E+12,4.05015E-07
9702.5,1.929E+12,4.05015E-07
9703.5,1.9289E+12,4.0502E-07
9704.5,1.9289E+12,4.0502E-07
9705.5,1.9288E+12,4.0502E-07
9706.5,1.9288E+12,4.05025E-07
9707.5,1.9287E+12,4.05025E-07
9708.5,1.9287E+12,4.05025E-07
9709.5,1.9286E+12,4.0503E-07
9710.5,1.9286E+12,4.0503E-07
9711.5,1.9285E+12,4.0503E-07
9712.5,1.9285E+12,4.05035E-07
9713.5,1.9284E+12,4.05035E-07
9714.5,1.9283E+12,4.05035E-07
9715.5,1.9283E+12,4.0504E-07
9716.5,1.9282E+12,4.0504E-07
9717.5,1.9282E+12,4.0504E-07
9718.5,1.9281E+12,4.05045E-07
9719.5,1.9281E+12,4.05045E-07
9720.5,1.928E+12,4.05045E-07
9721.5,1.928E+12,4.0505E-07
9722.5,1.9279E+12,4.0505E-07
9723.5,1.9279E+12,4.0505E-07
9724.5,1.9278E+12,4.05055E-07
9725.5,1.9278E+12,4.05055E-07
9726.5,1.9277E+12,4.05055E-07
9727.5,1.9277E+12,4.0506E-07
9728.5,1.9276E+12,4.0506E-07
9729.5,1.9276E+12,4.0506E-07
9730.5,1.9275E+12,4.05065E-07
9731.5,1.9274E+12,4.05065E-07
9732.5,1.9274E+12,4.05065E-07
9733.5,1.9273E+12,4.0507E-07
9734.5,1.9273E+12,4.0507E-07
9735.5,1.9272E+12,4.0507E-07
9736.5,1.9272E+12,4.05075E-07
9737.5,1.9271E+12,4.05075E-07
9738.5,1.9271E+12,4.05075E-07
9739.5,1.927E+12,4.0508E-07
9740.5,1.927E+12,4.0508E-07
9741.5,1.9269E+12,4.0508E-07
9742.5,1.9269E+12,4.05085E-07
9743.5,1.9268E+12,4.05085E-07
9744.5,1.9268E+12,4.05085E-07
9745.5,1.9267E+12,4.0509E-07
9746.5,1.9267E+12,4.0509E-07
9747.5,1.9266E+12,4.0509E-07
9748.5,1.9265E+12,4.05095E-07
9749.5,1.9265E+12,4.05095E-07
9750.5,1.9264E+12,4.05095E-07
9751.5,1.9264E+12,4.051E-07
9752.5,1.9263E+12,4.051E-07
9753.5,1.9263E+12,4.051E-07
9754.5,1.9262E+12,4.05105E-07
9755.5,1.9262E+12,4.05105E-07
9756.5,1.9261E+12,4.05105E-07
9757.5,1.9261E+12,4.0511E-07
9758.5,1.926E+12,4.0511E-07
9759.5,1.926E+12,4.0511E-07
9760.5,1.9259E+12,4.05115E-07
9761.5,1.9259E+12,4.05115E-07
9762.5,1.9258E+12,4.05115E-07
9763.5,1.9258E+12,4.0512E-07
9764.5,1.9257E+12,4.0512E-07
9765.5,1.9257E+12,4.0512E-07
9766.5,1.9256E+12,4.05125E-07
9767.5,1.9255E+12,4.05125E-07
9768.5,1.9255E+12,4.05125E-07
9769.5,1.9254E+12,4.0513E-07
9770.5,1.9254E+12,4.0513E-07
9771.5,1.9253E+12,4.0513E-07
9772.5,1.9253E+12,4.05135E-07
9773.5,1.9252E+12,4.05135E-07
9774.5,1.9252E+12,4.05135E-07
9775.5,1.9251E+12,4.0514E-07
9776.5,1.9251E+12,4.0514E-07
9777.5,1.925E+12,4.0514E-07
9778.5,1.925E+12,4.05145E-07
9779.5,1.9249E+12,4.05145E-07
9780.5,1.9249E+12,4.0515E-07
9781.5,1.9248E+12,4.0515E-07
9782.5,1.9248E+12,4.0515E-07
9783.5,1.9247E+12,4.05155E-07
9784.5,1.9247E+12,4.05155E-07
9785.5,1.9246E+12,4.05155E-07
9786.5,1.9245E+12,4.0516E-07
9787.5,1.9245E+12,4.0516E-07
9788.5,1.9244E+12,4.0516E-07
9789.5,1.9244E+12,4.05165E-07
9790.5,1.9243E+12,4.05165E-07
9791.5,1.9243E+12,4.05165E-07
9792.5,1.9242E+12,4.0517E-07
9793.5,1.9242E+12,4.0517E-07
9794.5,1.9241E+12,4.0517E-07
9795.5,1.9241E+12,4.05175E-07
9796.5,1.924E+12,4.05175E-07
9797.5,1.924E+12,4.05175E-07
9798.5,1.9239E+12,4.0518E-07
9799.5,1.9239E+12,4.0518E-07
9800.5,1.9238E+12,4.0518E-07
9801.5,1.9238E+12,4.05185E-07
9802.5,1.9237E+12,4.05185E-07
9803.5,1.9237E+12,4.05185E-07
9804.5,1.9236E+12,4.0519E-07
9805.5,1.9236E+12,4.0519E-07
9806.5,1.9235E+12,4.0519E-07
9807.5,1.9234E+12,4.05195E-07
9808.5,1.9234E+12,4.05195E-07
9809.5,1.9233E+12,4.05195E-07
9810.5,1.9233E+12,4.052E-07
9811.5,1.9232E+12,4.052E-07
9812.5,1.9232E+12,4.052E-07
9813.5,1.9231E+12,4.05205E-07
9814.5,1.9231E+12,4.05205E-07
9815.5,1.923E+12,4.05205E-07
9816.5,1.923E+12,4.0521E-07
9817.5,1.9229E+12,4.0521E-07
9818.5,1.9229E+12,4.0521E-07
9819.5,1.9228E+12,4.05215E-07
9820.5,1.9228E+12,4.05215E-07
9821.5,1.9227E+12,4.05215E-07
9822.5,1.9227E+12,4.0522E-07
9823.5,1.9226E+12,4.0522E-07
9824.5,1.9226E+12,4.0522E-07
9825.5,1.9225E+12,4.05225E-07
9826.5,1.9225E+12,4.05225E-07
9827.5,1.9224E+12,4.05225E-07
9828.5,1.9224E+12,4.0523E-07
9829.5,1.9223E+12,4.0523E-07
9830.5,1.9222E+12,4.0523E-07
9831.5,1.9222E+12,4.05235E-07
9832.5,1.9221E+12,4.05235E-07
9833.5,1.9221E+12,4.05235E-07
9834.5,1.922E+12,4.0524E-07
9835.5,1.922E+12,4.0524E-07
9836.5,1.9219E+12,4.0524E-07
9837.5,1.9219E+12,4.05245E-07
9838.5,1.9218E+12,4.05245E-07
9839.5,1.9218E+12,4.05245E-07
9840.5,1.9217E+12,4.0525E-07
9841.5,1.9217E+12,4.0525E-07
9842.5,1.9216E+12,4.0525E-07
9843.5,1.9216E+12,4.05255E-07
9844.5,1.9215E+12,4.05255E-07
9845.5,1.9215E+12,4.05255E-07
9846.5,1.9214E+12,4.0526E-07
9847.5,1.9214E+12,4.0526E-07
9848.5,1.9213E+12,4.0526E-07
9849.5,1.9213E+12,4.05265E-07
9850.5,1.9212E+12,4.05265E-07
9851.5,1.9212E+12,4.05265E-07
9852.5,1.9211E+12,4.0527E-07
9853.5,1.921E+12,4.0527E-07
9854.5,1.921E+12,4.0527E-07
9855.5,1.9209E+12,4.05275E-07
9856.5,1.9209E+12,4.05275E-07
9857.5,1.9208E+12,4.05275E-07
9858.5,1.9208E+12,4.0528E-07
9859.5,1.9207E+12,4.0528E-07
9860.5,1.9207E+12,4.0528E-07
9861.5,1.9206E+12,4.05285E-07
9862.5,1.9206E+12,4.05285E-07
9863.5,1.9205E+12,4.05285E-07
9864.5,1.9205E+12,4.0529E-07
9865.5,1.9204E+12,4.0529E-07
9866.5,1.9204E+12,4.0529E-07
9867.5,1.9203E+12,4.05295E-07
9868.5,1.9203E+12,4.05295E-07
9869.5,1.9202E+12,4.05295E-07
9870.5,1.9202E+12,4.053E-07
9871.5,1.9201E+12,4.053E-07
9872.5,1.9201E+12,4.053E-07
9873.5,1.92E+12,4.05305E-07
9874.5,1.92E+12,4.05305E-07
9875.5,1.9199E+12,4.05305E-07
9876.5,1.9199E+12,4.0531E-07
9877.5,1.9198E+12,4.0531E-07
9878.5,1.9198E+12,4.0531E-07
9879.5,1.9197E+12,4.05315E-07
9880.5,1.9196E+12,4.05315E-07
9881.5,1.9196E+12,4.05315E-07
9882.5,1.9195E+12,4.0532E-07
9883.5,1.9195E+12,4.0532E-07
9884.5,1.9194E+12,4.0532E-07
9885.5,1.9194E+12,4.05325E-07
9886.5,1.9193E+12,4.05325E-07
9887.5,1.9193E+12,4.05325E-07
9888.5,1.9192E+12,4.0533E-07
9889.5,1.9192E+12,4.0533E-07
9890.5,1.9191E+12,4.0533E-07
9891.5,1.9191E+12,4.05335E-07
9892.5,1.919E+12,4.05335E-07
9893.5,1.919E+12,4.05335E-07
9894.5,1.9189E+12,4.0534E-07
9895.5,1.9189E+12,4.0534E-07
9896.5,1.9188E+12,4.0534E-07
9897.5,1.9188E+12,4.05345E-07
9898.5,1.9187E+12,4.05345E-07
9899.5,1.9187E+12,4.05345E-07
9900.5,1.9186E+12,4.0535E-07
9901.5,1.9186E+12,4.0535E-07
9902.5,1.9185E+12,4.0535E-07
9903.5,1.9185E+12,4.05355E-07
9904.5,1.9184E+12,4.05355E-07
9905.5,1.9184E+12,4.05355E-07
9906.5,1.9183E+12,4.0536E-07
9907.5,1.9183E+12,4.0536E-07
9908.5,1.9182E+12,4.0536E-07
9909.5,1.9181E+12,4.05365E-07
9910.5,1.9181E+12,4.05365E-07
9911.5,1.918E+12,4.05365E-07
9912.5,1.918E+12,4.0537E-07
9913.5,1.9179E+12,4.0537E-07
9914.5,1.9179E+12,4.0537E-07
9915.5,1.9178E+12,4.05375E-07
9916.5,1.9178E+12,4.05375E-07
9917.5,1.9177E+12,4.05375E-07
9918.5,1.9177E+12,4.0538E-07
9919.5,1.9176E+12,4.0538E-07
9920.5,1.9176E+12,4.0538E-07
9921.5,1.9175E+12,4.0538E-07
9922.5,1.9175E+12,4.05385E-07
9923.5,1.9174E+12,4.05385E-07
9924.5,1.9174E+12,4.05385E-07
9925.5,1.9173E+12,4.0539E-07
9926.5,1.9173E+12,4.0539E-07
9927.5,1.9172E+12,4.0539E-07
9928.5,1.9172E+12,4.05395E-07
9929.5,1.9171E+12,4.05395E-07
9930.5,1.9171E+12,4.05395E-07
9931.5,1.917E+12,4.054E-07
9932.5,1.917E+12,4.054E-07
9933.5,1.9169E+12,4.054E-07
9934.5,1.9169E+12,4.05405E-07
9935.5,1.9168E+12,4.05405E-07
9936.5,1.9168E+12,4.05405E-07
9937.5,1.9167E+12,4.0541E-07
9938.5,1.9167E+12,4.0541E-07
9939.5,1.9166E+12,4.0541E-07
9940.5,1.9166E+12,4.05415E-07
9941.5,1.9165E+12,4.05415E-07
9942.5,1.9164E+12,4.05415E-07
9943.5,1.9164E+12,4.0542E-07
9944.5,1.9163E+12,4.0542E-07
9945.5,1.9163E+12,4.0542E-07
9946.5,1.9162E+12,4.05425E-07
9947.5,1.9162E+12,4.05425E-07
9948.5,1.9161E+12,4.05425E-07
9949.5,1.9161E+12,4.0543E-07
9950.5,1.916E+12,4.0543E-07
9951.5,1.916E+12,4.0543E-07
9952.5,1.9159E+12,4.05435E-07
9953.5,1.9159E+12,4.05435E-07
9954.5,1.9158E+12,4.05435E-07
9955.5,1.9158E+12,4.0544E-07
9956.5,1.9157E+12,4.0544E-07
9957.5,1.9157E+12,4.0544E-07
9958.5,1.9156E+12,4.05445E-07
9959.5,1.9156E+12,4.05445E-07
9960.5,1.9155E+12,4.05445E-07
9961.5,1.9155E+12,4.0545E-07
9962.5,1.9154E+12,4.0545E-07
9963.5,1.9154E+12,4.0545E-07
9964.5,1.9153E+12,4.05455E-07
9965.5,1.9153E+12,4.05455E-07
9966.5,1.9152E+12,4.05455E-07
9967.5,1.9152E+12,4.0546E-07
9968.5,1.9151E+12,4.0546E-07
9969.5,1.9151E+12,4.0546E-07
9970.5,1.915E+12,4.05465E-07
9971.5,1.915E+12,4.05465E-07
9972.5,1.9149E+12,4.05465E-07
9973.5,1.9149E+12,4.0547E-07
9974.5,1.9148E+12,4.0547E-07
9975.5,1.9148E+12,4.0547E-07
9976.5,1.9147E+12,4.05475E-07
9977.5,1.9147E+12,4.05475E-07
9978.5,1.9146E+12,4.05475E-07
9979.5,1.9146E+12,4.0548E-07
9980.5,1.9145E+12,4.0548E-07
9981.5,1.9144E+12,4.0548E-07
9982.5,1.9144E+12,4.05485E-07
9983.5,1.9143E+12,4.05485E-07
9984.5,1.9143E+12,4.05485E-07
9985.5,1.9142E+12,4.0549E-07
9986.5,1.9142E+12,4.0549E-07
9987.5,1.9141E+12,4.0549E-07
9988.5,1.9141E+12,4.05495E-07
9989.5,1.914E+12,4.05495E-07
9990.5,1.914E+12,4.05495E-07
9991.5,1.9139E+12,4.055E-07
9992.5,1.9139E+12,4.055E-07
9993.5,1.9138E+12,4.055E-07
9994.5,1.9138E+12,4.05505E-07
9995.5,1.9137E+12,4.05505E-07
9996.5,1.9137E+12,4.05505E-07
9997.5,1.9136E+12,4.0551E-07
9998.5,1.9136E+12,4.0551E-07
9999.5,1.9135E+12,4.0551E-07
10001,1.9135E+12,4.05515E-07
10002,1.9134E+12,4.05515E-07
10003,1.9134E+12,4.05515E-07
10004,1.9133E+12,4.0552E-07
10005,1.9133E+12,4.0552E-07
10006,1.9132E+12,4.0552E-07
10007,1.9132E+12,4.0552E-07
10008,1.9131E+12,4.05525E-07
10009,1.9131E+12,4.05525E-07
10010,1.913E+12,4.05525E-07
10011,1.913E+12,4.0553E-07
10012,1.9129E+12,4.0553E-07
10013,1.9129E+12,4.0553E-07
10014,1.9128E+12,4.05535E-07
10015,1.9128E+12,4.05535E-07
10016,1.9127E+12,4.05535E-07
10017,1.9127E+12,4.0554E-07
10018,1.9126E+12,4.0554E-07
10019,1.9126E+12,4.0554E-07
10020,1.9125E+12,4.05545E-07
10021,1.9125E+12,4.05545E-07
10022,1.9124E+12,4.05545E-07
10023,1.9124E+12,4.0555E-07
10024,1.9123E+12,4.0555E-07
10025,1.9123E+12,4.0555E-07
10026,1.9122E+12,4.05555E-07
10027,1.9122E+12,4.05555E-07
10028,1.9121E+12,4.05555E-07
10029,1.9121E+12,4.0556E-07
10030,1.912E+12,4.0556E-07
10031,1.912E+12,4.0556E-07
10032,1.9119E+12,4.05565E-07
10033,1.9118E+12,4.05565E-07
10034,1.9118E+12,4.05565E-07
10035,1.9117E+12,4.0557E-07
10036,1.9117E+12,4.0557E-07
10037,1.9116E+12,4.0557E-07
10038,1.9116E+12,4.05575E-07
10039,1.9115E+12,4.05575E-07
10040,1.9115E+12,4.05575E-07
10041,1.9114E+12,4.0558E-07
10042,1.9114E+12,4.0558E-07
10043,1.9113E+12,4.0558E-07
10044,1.9113E+12,4.05585E-07
10045,1.9112E+12,4.05585E-07
10046,1.9112E+12,4.05585E-07
10047,1.9111E+12,4.0559E-07
10048,1.9111E+12,4.0559E-07
10049,1.911E+12,4.0559E-07
10050,1.911E+12,4.05595E-07
10051,1.9109E+12,4.05595E-07
10052,1.9109E+12,4.05595E-07
10053,1.9108E+12,4.056E-07
10054,1.9108E+12,4.056E-07
10055,1.9107E+12,4.056E-07
10056,1.9107E+12,4.05605E-07
10057,1.9106E+12,4.05605E-07
10058,1.9106E+12,4.05605E-07
10059,1.9105E+12,4.05605E-07
10060,1.9105E+12,4.0561E-07
10061,1.9104E+12,4.0561E-07
10062,1.9104E+12,4.0561E-07
10063,1.9103E+12,4.05615E-07
10064,1.9103E+12,4.05615E-07
10065,1.9102E+12,4.05615E-07
10066,1.9102E+12,4.0562E-07
10067,1.9101E+12,4.0562E-07
10068,1.9101E+12,4.0562E-07
10069,1.91E+12,4.05625E-07
10070,1.91E+12,4.05625E-07
10071,1.9099E+12,4.05625E-07
10072,1.9099E+12,4.0563E-07
10073,1.9098E+12,4.0563E-07
10074,1.9098E+12,4.0563E-07
10075,1.9097E+12,4.05635E-07
10076,1.9097E+12,4.05635E-07
10077,1.9096E+12,4.05635E-07
10078,1.9096E+12,4.0564E-07
10079,1.9095E+12,4.0564E-07
10080,1.9095E+12,4.0564E-07
10081,1.9094E+12,4.05645E-07
10082,1.9094E+12,4.05645E-07
10083,1.9093E+12,4.05645E-07
10084,1.9093E+12,4.0565E-07
10085,1.9092E+12,4.0565E-07
10086,1.9092E+12,4.0565E-07
10087,1.9091E+12,4.05655E-07
10088,1.9091E+12,4.05655E-07
10089,1.909E+12,4.05655E-07
10090,1.909E+12,4.0566E-07
10091,1.9089E+12,4.0566E-07
10092,1.9089E+12,4.0566E-07
10093,1.9088E+12,4.05665E-07
10094,1.9088E+12,4.05665E-07
10095,1.9087E+12,4.05665E-07
10096,1.9087E+12,4.0567E-07
10097,1.9086E+12,4.0567E-07
10098,1.9086E+12,4.0567E-07
10099,1.9085E+12,4.05675E-07
10100,1.9085E+12,4.05675E-07
10101,1.9084E+12,4.05675E-07
10102,1.9084E+12,4.05675E-07
10103,1.9083E+12,4.0568E-07
10104,1.9083E+12,4.0568E-07
10105,1.9082E+12,4.0568E-07
10106,1.9082E+12,4.05685E-07
10107,1.9081E+12,4.05685E-07
10108,1.9081E+12,4.05685E-07
10109,1.908E+12,4.0569E-07
10110,1.908E+12,4.0569E-07
10111,1.9079E+12,4.0569E-07
10112,1.9079E+12,4.05695E-07
10113,1.9078E+12,4.05695E-07
10114,1.9078E+12,4.05695E-07
10115,1.9077E+12,4.057E-07
10116,1.9077E+12,4.057E-07
10117,1.9076E+12,4.057E-07
10118,1.9076E+12,4.05705E-07
10119,1.9075E+12,4.05705E-07
10120,1.9075E+12,4.05705E-07
10121,1.9074E+12,4.0571E-07
10122,1.9074E+12,4.0571E-07
10123,1.9073E+12,4.0571E-07
10124,1.9073E+12,4.05715E-07
10125,1.9072E+12,4.05715E-07
10126,1.9072E+12,4.05715E-07
10127,1.9071E+12,4.0572E-07
10128,1.9071E+12,4.0572E-07
10129,1.907E+12,4.0572E-07
10130,1.907E+12,4.05725E-07
10131,1.9069E+12,4.05725E-07
10132,1.9069E+12,4.05725E-07
10133,1.9068E+12,4.0573E-07
10134,1.9068E+12,4.0573E-07
10135,1.9067E+12,4.0573E-07
10136,1.9067E+12,4.0573E-07
10137,1.9066E+12,4.05735E-07
10138,1.9066E+12,4.05735E-07
10139,1.9065E+12,4.05735E-07
10140,1.9065E+12,4.0574E-07
10141,1.9064E+12,4.0574E-07
10142,1.9064E+12,4.0574E-07
10143,1.9063E+12,4.05745E-07
10144,1.9063E+12,4.05745E-07
10145,1.9062E+12,4.05745E-07
10146,1.9062E+12,4.0575E-07
10147,1.9061E+12,4.0575E-07
10148,1.9061E+12,4.0575E-07
10149,1.906E+12,4.05755E-07
10150,1.906E+12,4.05755E-07
10151,1.9059E+12,4.05755E-07
10152,1.9059E+12,4.0576E-07
10153,1.9058E+12,4.0576E-07
10154,1.9058E+12,4.0576E-07
10155,1.9057E+12,4.05765E-07
10156,1.9057E+12,4.05765E-07
10157,1.9056E+12,4.05765E-07
10158,1.9056E+12,4.0577E-07
10159,1.9055E+12,4.0577E-07
10160,1.9055E+12,4.0577E-07
10161,1.9054E+12,4.05775E-07
10162,1.9054E+12,4.05775E-07
10163,1.9053E+12,4.05775E-07
10164,1.9053E+12,4.0578E-07
10165,1.9052E+12,4.0578E-07
10166,1.9052E+12,4.0578E-07
10167,1.9051E+12,4.05785E-07
10168,1.9051E+12,4.05785E-07
10169,1.905E+12,4.05785E-07
10170,1.905E+12,4.05785E-07
10171,1.9049E+12,4.0579E-07
10172,1.9049E+12,4.0579E-07
10173,1.9048E+12,4.0579E-07
10174,1.9048E+12,4.05795E-07
10175,1.9047E+12,4.05795E-07
10176,1.9047E+12,4.05795E-07
10177,1.9046E+12,4.058E-07
10178,1.9046E+12,4.058E-07
10179,1.9045E+12,4.058E-07
10180,1.9045E+12,4.05805E-07
10181,1.9044E+12,4.05805E-07
10182,1.9044E+12,4.05805E-07
10183,1.9043E+12,4.0581E-07
10184,1.9043E+12,4.0581E-07
10185,1.9042E+12,4.0581E-07
10186,1.9042E+12,4.05815E-07
10187,1.9041E+12,4.05815E-07
10188,1.9041E+12,4.05815E-07
10189,1.904E+12,4.0582E-07
10190,1.904E+12,4.0582E-07
10191,1.9039E+12,4.0582E-07
10192,1.9039E+12,4.05825E-07
10193,1.9038E+12,4.05825E-07
10194,1.9038E+12,4.05825E-07
10195,1.9037E+12,4.0583E-07
10196,1.9037E+12,4.0583E-07
10197,1.9036E+12,4.0583E-07
10198,1.9036E+12,4.0583E-07
10199,1.9035E+12,4.05835E-07
10200,1.9035E+12,4.05835E-07
10201,1.9034E+12,4.05835E-07
10202,1.9034E+12,4.0584E-07
10203,1.9033E+12,4.0584E-07
10204,1.9033E+12,4.0584E-07
10205,1.9032E+12,4.05845E-07
10206,1.9032E+12,4.05845E-07
10207,1.9031E+12,4.05845E-07
10208,1.9031E+12,4.0585E-07
10209,1.903E+12,4.0585E-07
10210,1.903E+12,4.0585E-07
10211,1.9029E+12,4.05855E-07
10212,1.9029E+12,4.05855E-07
10213,1.9028E+12,4.05855E-07
10214,1.9028E+12,4.0586E-07
10215,1.9027E+12,4.0586E-07
10216,1.9027E+12,4.0586E-07
10217,1.9026E+12,4.05865E-07
10218,1.9026E+12,4.05865E-07
10219,1.9025E+12,4.05865E-07
10220,1.9025E+12,4.0587E-07
10221,1.9024E+12,4.0587E-07
10222,1.9024E+12,4.0587E-07
10223,1.9023E+12,4.05875E-07
10224,1.9023E+12,4.05875E-07
10225,1.9022E+12,4.05875E-07
10226,1.9022E+12,4.05875E-07
10227,1.9021E+12,4.0588E-07
10228,1.9021E+12,4.0588E-07
10229,1.902E+12,4.0588E-07
10230,1.902E+12,4.05885E-07
10231,1.9019E+12,4.05885E-07
10232,1.9019E+12,4.05885E-07
10233,1.9018E+12,4.0589E-07
10234,1.9018E+12,4.0589E-07
10235,1.9017E+12,4.0589E-07
10236,1.9017E+12,4.05895E-07
10237,1.9016E+12,4.05895E-07
10238,1.9016E+12,4.05895E-07
10239,1.9015E+12,4.059E-07
10240,1.9015E+12,4.059E-07
10241,1.9014E+12,4.059E-07
10242,1.9014E+12,4.05905E-07
10243,1.9013E+12,4.05905E-07
10244,1.9013E+12,4.05905E-07
10245,1.9012E+12,4.0591E-07
10246,1.9012E+12,4.0591E-07
10247,1.9011E+12,4.0591E-07
10248,1.9011E+12,4.05915E-07
10249,1.901E+12,4.05915E-07
10250,1.901E+12,4.05915E-07
10251,1.9009E+12,4.05915E-07
10252,1.9009E+12,4.0592E-07
10253,1.9008E+12,4.0592E-07
10254,1.9008E+12,4.0592E-07
10255,1.9007E+12,4.05925E-07
10256,1.9007E+12,4.05925E-07
10257,1.9006E+12,4.05925E-07
10258,1.9006E+12,4.0593E-07
10259,1.9005E+12,4.0593E-07
10260,1.9005E+12,4.0593E-07
10261,1.9004E+12,4.05935E-07
10262,1.9004E+12,4.05935E-07
10263,1.9003E+12,4.05935E-07
10264,1.9003E+12,4.0594E-07
10265,1.9002E+12,4.0594E-07
10266,1.9002E+12,4.0594E-07
10267,1.9001E+12,4.05945E-07
10268,1.9001E+12,4.05945E-07
10269,1.9E+12,4.05945E-07
10270,1.9E+12,4.0595E-07
10271,1.8999E+12,4.0595E-07
10272,1.8999E+12,4.0595E-07
10273,1.8998E+12,4.0595E-07
10274,1.8998E+12,4.05955E-07
10275,1.8997E+12,4.05955E-07
10276,1.8997E+12,4.05955E-07
10277,1.8997E+12,4.0596E-07
10278,1.8996E+12,4.0596E-07
10279,1.8996E+12,4.0596E-07
10280,1.8995E+12,4.05965E-07
10281,1.8995E+12,4.05965E-07
10282,1.8994E+12,4.05965E-07
10283,1.8994E+12,4.0597E-07
10284,1.8993E+12,4.0597E-07
10285,1.8993E+12,4.0597E-07
10286,1.8992E+12,4.05975E-07
10287,1.8992E+12,4.05975E-07
10288,1.8991E+12,4.05975E-07
10289,1.8991E+12,4.0598E-07
10290,1.899E+12,4.0598E-07
10291,1.899E+12,4.0598E-07
10292,1.8989E+12,4.05985E-07
10293,1.8989E+12,4.05985E-07
10294,1.8988E+12,4.05985E-07
10295,1.8988E+12,4.05985E-07
10296,1.8987E+12,4.0599E-07
10297,1.8987E+12,4.0599E-07
10298,1.8986E+12,4.0599E-07
10299,1.8986E+12,4.05995E-07
10300,1.8985E+12,4.05995E-07
10301,1.8985E+12,4.05995E-07
10302,1.8984E+12,0.000000406
10303,1.8984E+12,0.000000406
10304,1.8983E+12,0.000000406
10305,1.8983E+12,4.06005E-07
10306,1.8982E+12,4.06005E-07
10307,1.8982E+12,4.06005E-07
10308,1.8981E+12,4.0601E-07
10309,1.8981E+12,4.0601E-07
10310,1.898E+12,4.0601E-07
10311,1.898E+12,4.06015E-07
10312,1.8979E+12,4.06015E-07
10313,1.8979E+12,4.06015E-07
10314,1.8978E+12,4.0602E-07
10315,1.8978E+12,4.0602E-07
10316,1.8977E+12,4.0602E-07
10317,1.8977E+12,4.0602E-07
10318,1.8976E+12,4.06025E-07
10319,1.8976E+12,4.06025E-07
10320,1.8975E+12,4.06025E-07
10321,1.8975E+12,4.0603E-07
10322,1.8974E+12,4.0603E-07
10323,1.8974E+12,4.0603E-07
10324,1.8973E+12,4.06035E-07
10325,1.8973E+12,4.06035E-07
10326,1.8972E+12,4.06035E-07
10327,1.8972E+12,4.0604E-07
10328,1.8971E+12,4.0604E-07
10329,1.8971E+12,4.0604E-07
10330,1.8971E+12,4.06045E-07
10331,1.897E+12,4.06045E-07
10332,1.897E+12,4.06045E-07
10333,1.8969E+12,4.0605E-07
10334,1.8969E+12,4.0605E-07
10335,1.8968E+12,4.0605E-07
10336,1.8968E+12,4.06055E-07
10337,1.8967E+12,4.06055E-07
10338,1.8967E+12,4.06055E-07
10339,1.8966E+12,4.06055E-07
10340,1.8966E+12,4.0606E-07
10341,1.8965E+12,4.0606E-07
10342,1.8965E+12,4.0606E-07
10343,1.8964E+12,4.06065E-07
10344,1.8964E+12,4.06065E-07
10345,1.8963E+12,4.06065E-07
10346,1.8963E+12,4.0607E-07
10347,1.8962E+12,4.0607E-07
10348,1.8962E+12,4.0607E-07
10349,1.8961E+12,4.06075E-07
10350,1.8961E+12,4.06075E-07
10351,1.896E+12,4.06075E-07
10352,1.896E+12,4.0608E-07
10353,1.8959E+12,4.0608E-07
10354,1.8959E+12,4.0608E-07
10355,1.8958E+12,4.06085E-07
10356,1.8958E+12,4.06085E-07
10357,1.8957E+12,4.06085E-07
10358,1.8957E+12,4.06085E-07
10359,1.8956E+12,4.0609E-07
10360,1.8956E+12,4.0609E-07
10361,1.8955E+12,4.0609E-07
10362,1.8955E+12,4.06095E-07
10363,1.8954E+12,4.06095E-07
10364,1.8954E+12,4.06095E-07
10365,1.8953E+12,4.061E-07
10366,1.8953E+12,4.061E-07
10367,1.8952E+12,4.061E-07
10368,1.8952E+12,4.06105E-07
10369,1.8951E+12,4.06105E-07
10370,1.8951E+12,4.06105E-07
10371,1.8951E+12,4.0611E-07
10372,1.895E+12,4.0611E-07
10373,1.895E+12,4.0611E-07
10374,1.8949E+12,4.06115E-07
10375,1.8949E+12,4.06115E-07
10376,1.8948E+12,4.06115E-07
10377,1.8948E+12,4.06115E-07
10378,1.8947E+12,4.0612E-07
10379,1.8947E+12,4.0612E-07
10380,1.8946E+12,4.0612E-07
10381,1.8946E+12,4.06125E-07
10382,1.8945E+12,4.06125E-07
10383,1.8945E+12,4.06125E-07
10384,1.8944E+12,4.0613E-07
10385,1.8944E+12,4.0613E-07
10386,1.8943E+12,4.0613E-07
10387,1.8943E+12,4.06135E-07
10388,1.8942E+12,4.06135E-07
10389,1.8942E+12,4.06135E-07
10390,1.8941E+12,4.0614E-07
10391,1.8941E+12,4.0614E-07
10392,1.894E+12,4.0614E-07
10393,1.894E+12,4.06145E-07
10394,1.8939E+12,4.06145E-07
10395,1.8939E+12,4.06145E-07
10396,1.8938E+12,4.06145E-07
10397,1.8938E+12,4.0615E-07
10398,1.8937E+12,4.0615E-07
10399,1.8937E+12,4.0615E-07
10400,1.8936E+12,4.06155E-07
10401,1.8936E+12,4.06155E-07
10402,1.8935E+12,4.06155E-07
10403,1.8935E+12,4.0616E-07
10404,1.8935E+12,4.0616E-07
10405,1.8934E+12,4.0616E-07
10406,1.8934E+12,4.06165E-07
10407,1.8933E+12,4.06165E-07
10408,1.8933E+12,4.06165E-07
10409,1.8932E+12,4.0617E-07
10410,1.8932E+12,4.0617E-07
10411,1.8931E+12,4.0617E-07
10412,1.8931E+12,4.0617E-07
10413,1.893E+12,4.06175E-07
10414,1.893E+12,4.06175E-07
10415,1.8929E+12,4.06175E-07
10416,1.8929E+12,4.0618E-07
10417,1.8928E+12,4.0618E-07
10418,1.8928E+12,4.0618E-07
10419,1.8927E+12,4.06185E-07
10420,1.8927E+12,4.06185E-07
10421,1.8926E+12,4.06185E-07
10422,1.8926E+12,4.0619E-07
10423,1.8925E+12,4.0619E-07
10424,1.8925E+12,4.0619E-07
10425,1.8924E+12,4.06195E-07
10426,1.8924E+12,4.06195E-07
10427,1.8923E+12,4.06195E-07
10428,1.8923E+12,4.062E-07
10429,1.8922E+12,4.062E-07
10430,1.8922E+12,4.062E-07
10431,1.8921E+12,4.062E-07
10432,1.8921E+12,4.06205E-07
10433,1.892E+12,4.06205E-07
10434,1.892E+12,4.06205E-07
10435,1.892E+12,4.0621E-07
10436,1.8919E+12,4.0621E-07
10437,1.8919E+12,4.0621E-07
10438,1.8918E+12,4.06215E-07
10439,1.8918E+12,4.06215E-07
10440,1.8917E+12,4.06215E-07
10441,1.8917E+12,4.0622E-07
10442,1.8916E+12,4.0622E-07
10443,1.8916E+12,4.0622E-07
10444,1.8915E+12,4.06225E-07
10445,1.8915E+12,4.06225E-07
10446,1.8914E+12,4.06225E-07
10447,1.8914E+12,4.06225E-07
10448,1.8913E+12,4.0623E-07
10449,1.8913E+12,4.0623E-07
10450,1.8912E+12,4.0623E-07
10451,1.8912E+12,4.06235E-07
10452,1.8911E+12,4.06235E-07
10453,1.8911E+12,4.06235E-07
10454,1.891E+12,4.0624E-07
10455,1.891E+12,4.0624E-07
10456,1.8909E+12,4.0624E-07
10457,1.8909E+12,4.06245E-07
10458,1.8908E+12,4.06245E-07
10459,1.8908E+12,4.06245E-07
10460,1.8907E+12,4.0625E-07
10461,1.8907E+12,4.0625E-07
10462,1.8907E+12,4.0625E-07
10463,1.8906E+12,4.0625E-07
10464,1.8906E+12,4.06255E-07
10465,1.8905E+12,4.06255E-07
10466,1.8905E+12,4.06255E-07
10467,1.8904E+12,4.0626E-07
10468,1.8904E+12,4.0626E-07
10469,1.8903E+12,4.0626E-07
10470,1.8903E+12,4.06265E-07
10471,1.8902E+12,4.06265E-07
10472,1.8902E+12,4.06265E-07
10473,1.8901E+12,4.0627E-07
10474,1.8901E+12,4.0627E-07
10475,1.89E+12,4.0627E-07
10476,1.89E+12,4.06275E-07
10477,1.8899E+12,4.06275E-07
10478,1.8899E+12,4.06275E-07
10479,1.8898E+12,4.06275E-07
10480,1.8898E+12,4.0628E-07
10481,1.8897E+12,4.0628E-07
10482,1.8897E+12,4.0628E-07
10483,1.8896E+12,4.06285E-07
10484,1.8896E+12,4.06285E-07
10485,1.8895E+12,4.06285E-07
10486,1.8895E+12,4.0629E-07
10487,1.8895E+12,4.0629E-07
10488,1.8894E+12,4.0629E-07
10489,1.8894E+12,4.06295E-07
10490,1.8893E+12,4.06295E-07
10491,1.8893E+12,4.06295E-07
10492,1.8892E+12,4.063E-07
10493,1.8892E+12,4.063E-07
10494,1.8891E+12,4.063E-07
10495,1.8891E+12,4.063E-07
10496,1.889E+12,4.06305E-07
10497,1.889E+12,4.06305E-07
10498,1.8889E+12,4.06305E-07
10499,1.8889E+12,4.0631E-07
10500,1.8888E+12,4.0631E-07
10501,1.8888E+12,4.0631E-07
10502,1.8887E+12,4.06315E-07
10503,1.8887E+12,4.06315E-07
10504,1.8886E+12,4.06315E-07
10505,1.8886E+12,4.0632E-07
10506,1.8885E+12,4.0632E-07
10507,1.8885E+12,4.0632E-07
10508,1.8884E+12,4.06325E-07
10509,1.8884E+12,4.06325E-07
10510,1.8884E+12,4.06325E-07
10511,1.8883E+12,4.06325E-07
10512,1.8883E+12,4.0633E-07
10513,1.8882E+12,4.0633E-07
10514,1.8882E+12,4.0633E-07
10515,1.8881E+12,4.06335E-07
10516,1.8881E+12,4.06335E-07
10517,1.888E+12,4.06335E-07
10518,1.888E+12,4.0634E-07
10519,1.8879E+12,4.0634E-07
10520,1.8879E+12,4.0634E-07
10521,1.8878E+12,4.06345E-07
10522,1.8878E+12,4.06345E-07
10523,1.8877E+12,4.06345E-07
10524,1.8877E+12,4.0635E-07
10525,1.8876E+12,4.0635E-07
10526,1.8876E+12,4.0635E-07
10527,1.8875E+12,4.0635E-07
10528,1.8875E+12,4.06355E-07
10529,1.8874E+12,4.06355E-07
10530,1.8874E+12,4.06355E-07
10531,1.8873E+12,4.0636E-07
10532,1.8873E+12,4.0636E-07
10533,1.8873E+12,4.0636E-07
10534,1.8872E+12,4.06365E-07
10535,1.8872E+12,4.06365E-07
10536,1.8871E+12,4.06365E-07
10537,1.8871E+12,4.0637E-07
10538,1.887E+12,4.0637E-07
10539,1.887E+12,4.0637E-07
10540,1.8869E+12,4.0637E-07
10541,1.8869E+12,4.06375E-07
10542,1.8868E+12,4.06375E-07
10543,1.8868E+12,4.06375E-07
10544,1.8867E+12,4.0638E-07
10545,1.8867E+12,4.0638E-07
10546,1.8866E+12,4.0638E-07
10547,1.8866E+12,4.06385E-07
10548,1.8865E+12,4.06385E-07
10549,1.8865E+12,4.06385E-07
10550,1.8864E+12,4.0639E-07
10551,1.8864E+12,4.0639E-07
10552,1.8864E+12,4.0639E-07
10553,1.8863E+12,4.06395E-07
10554,1.8863E+12,4.06395E-07
10555,1.8862E+12,4.06395E-07
10556,1.8862E+12,4.06395E-07
10557,1.8861E+12,4.064E-07
10558,1.8861E+12,4.064E-07
10559,1.886E+12,4.064E-07
10560,1.886E+12,4.06405E-07
10561,1.8859E+12,4.06405E-07
10562,1.8859E+12,4.06405E-07
10563,1.8858E+12,4.0641E-07
10564,1.8858E+12,4.0641E-07
10565,1.8857E+12,4.0641E-07
10566,1.8857E+12,4.06415E-07
10567,1.8856E+12,4.06415E-07
10568,1.8856E+12,4.06415E-07
10569,1.8855E+12,4.06415E-07
10570,1.8855E+12,4.0642E-07
10571,1.8854E+12,4.0642E-07
10572,1.8854E+12,4.0642E-07
10573,1.8854E+12,4.06425E-07
10574,1.8853E+12,4.06425E-07
10575,1.8853E+12,4.06425E-07
10576,1.8852E+12,4.0643E-07
10577,1.8852E+12,4.0643E-07
10578,1.8851E+12,4.0643E-07
10579,1.8851E+12,4.06435E-07
10580,1.885E+12,4.06435E-07
10581,1.885E+12,4.06435E-07
10582,1.8849E+12,4.06435E-07
10583,1.8849E+12,4.0644E-07
10584,1.8848E+12,4.0644E-07
10585,1.8848E+12,4.0644E-07
10586,1.8847E+12,4.06445E-07
10587,1.8847E+12,4.06445E-07
10588,1.8846E+12,4.06445E-07
10589,1.8846E+12,4.0645E-07
10590,1.8845E+12,4.0645E-07
10591,1.8845E+12,4.0645E-07
10592,1.8845E+12,4.06455E-07
10593,1.8844E+12,4.06455E-07
10594,1.8844E+12,4.06455E-07
10595,1.8843E+12,4.06455E-07
10596,1.8843E+12,4.0646E-07
10597,1.8842E+12,4.0646E-07
10598,1.8842E+12,4.0646E-07
10599,1.8841E+12,4.06465E-07
10600,1.8841E+12,4.06465E-07
10601,1.884E+12,4.06465E-07
10602,1.884E+12,4.0647E-07
10603,1.8839E+12,4.0647E-07
10604,1.8839E+12,4.0647E-07
10605,1.8838E+12,4.06475E-07
10606,1.8838E+12,4.06475E-07
10607,1.8837E+12,4.06475E-07
10608,1.8837E+12,4.0648E-07
10609,1.8837E+12,4.0648E-07
10610,1.8836E+12,4.0648E-07
10611,1.8836E+12,4.0648E-07
10612,1.8835E+12,4.06485E-07
10613,1.8835E+12,4.06485E-07
10614,1.8834E+12,4.06485E-07
10615,1.8834E+12,4.0649E-07
10616,1.8833E+12,4.0649E-07
10617,1.8833E+12,4.0649E-07
10618,1.8832E+12,4.06495E-07
10619,1.8832E+12,4.06495E-07
10620,1.8831E+12,4.06495E-07
10621,1.8831E+12,4.065E-07
10622,1.883E+12,4.065E-07
10623,1.883E+12,4.065E-07
10624,1.8829E+12,4.065E-07
10625,1.8829E+12,4.06505E-07
10626,1.8828E+12,4.06505E-07
10627,1.8828E+12,4.06505E-07
10628,1.8828E+12,4.0651E-07
10629,1.8827E+12,4.0651E-07
10630,1.8827E+12,4.0651E-07
10631,1.8826E+12,4.06515E-07
10632,1.8826E+12,4.06515E-07
10633,1.8825E+12,4.06515E-07
10634,1.8825E+12,4.0652E-07
10635,1.8824E+12,4.0652E-07
10636,1.8824E+12,4.0652E-07
10637,1.8823E+12,4.0652E-07
10638,1.8823E+12,4.06525E-07
10639,1.8822E+12,4.06525E-07
10640,1.8822E+12,4.06525E-07
10641,1.8821E+12,4.0653E-07
10642,1.8821E+12,4.0653E-07
10643,1.882E+12,4.0653E-07
10644,1.882E+12,4.06535E-07
10645,1.882E+12,4.06535E-07
10646,1.8819E+12,4.06535E-07
10647,1.8819E+12,4.06535E-07
10648,1.8818E+12,4.0654E-07
10649,1.8818E+12,4.0654E-07
10650,1.8817E+12,4.0654E-07
10651,1.8817E+12,4.06545E-07
10652,1.8816E+12,4.06545E-07
10653,1.8816E+12,4.06545E-07
10654,1.8815E+12,4.0655E-07
10655,1.8815E+12,4.0655E-07
10656,1.8814E+12,4.0655E-07
10657,1.8814E+12,4.06555E-07
10658,1.8813E+12,4.06555E-07
10659,1.8813E+12,4.06555E-07
10660,1.8813E+12,4.06555E-07
10661,1.8812E+12,4.0656E-07
10662,1.8812E+12,4.0656E-07
10663,1.8811E+12,4.0656E-07
10664,1.8811E+12,4.06565E-07
10665,1.881E+12,4.06565E-07
10666,1.881E+12,4.06565E-07
10667,1.8809E+12,4.0657E-07
10668,1.8809E+12,4.0657E-07
10669,1.8808E+12,4.0657E-07
10670,1.8808E+12,4.06575E-07
10671,1.8807E+12,4.06575E-07
10672,1.8807E+12,4.06575E-07
10673,1.8806E+12,4.06575E-07
10674,1.8806E+12,4.0658E-07
10675,1.8805E+12,4.0658E-07
10676,1.8805E+12,4.0658E-07
10677,1.8805E+12,4.06585E-07
10678,1.8804E+12,4.06585E-07
10679,1.8804E+12,4.06585E-07
10680,1.8803E+12,4.0659E-07
10681,1.8803E+12,4.0659E-07
10682,1.8802E+12,4.0659E-07
10683,1.8802E+12,4.06595E-07
10684,1.8801E+12,4.06595E-07
10685,1.8801E+12,4.06595E-07
10686,1.88E+12,4.06595E-07
10687,1.88E+12,4.066E-07
10688,1.8799E+12,4.066E-07
10689,1.8799E+12,4.066E-07
10690,1.8798E+12,4.06605E-07
10691,1.8798E+12,4.06605E-07
10692,1.8798E+12,4.06605E-07
10693,1.8797E+12,4.0661E-07
10694,1.8797E+12,4.0661E-07
10695,1.8796E+12,4.0661E-07
10696,1.8796E+12,4.06615E-07
10697,1.8795E+12,4.06615E-07
10698,1.8795E+12,4.06615E-07
10699,1.8794E+12,4.06615E-07
10700,1.8794E+12,4.0662E-07
10701,1.8793E+12,4.0662E-07
10702,1.8793E+12,4.0662E-07
10703,1.8792E+12,4.06625E-07
10704,1.8792E+12,4.06625E-07
10705,1.8791E+12,4.06625E-07
10706,1.8791E+12,4.0663E-07
10707,1.8791E+12,4.0663E-07
10708,1.879E+12,4.0663E-07
10709,1.879E+12,4.0663E-07
10710,1.8789E+12,4.06635E-07
10711,1.8789E+12,4.06635E-07
10712,1.8788E+12,4.06635E-07
10713,1.8788E+12,4.0664E-07
10714,1.8787E+12,4.0664E-07
10715,1.8787E+12,4.0664E-07
10716,1.8786E+12,4.06645E-07
10717,1.8786E+12,4.06645E-07
10718,1.8785E+12,4.06645E-07
10719,1.8785E+12,4.0665E-07
10720,1.8784E+12,4.0665E-07
10721,1.8784E+12,4.0665E-07
10722,1.8784E+12,4.0665E-07
10723,1.8783E+12,4.06655E-07
10724,1.8783E+12,4.06655E-07
10725,1.8782E+12,4.06655E-07
10726,1.8782E+12,4.0666E-07
10727,1.8781E+12,4.0666E-07
10728,1.8781E+12,4.0666E-07
10729,1.878E+12,4.06665E-07
10730,1.878E+12,4.06665E-07
10731,1.8779E+12,4.06665E-07
10732,1.8779E+12,4.06665E-07
10733,1.8778E+12,4.0667E-07
10734,1.8778E+12,4.0667E-07
10735,1.8777E+12,4.0667E-07
10736,1.8777E+12,4.06675E-07
10737,1.8777E+12,4.06675E-07
10738,1.8776E+12,4.06675E-07
10739,1.8776E+12,4.0668E-07
10740,1.8775E+12,4.0668E-07
10741,1.8775E+12,4.0668E-07
10742,1.8774E+12,4.06685E-07
10743,1.8774E+12,4.06685E-07
10744,1.8773E+12,4.06685E-07
10745,1.8773E+12,4.06685E-07
10746,1.8772E+12,4.0669E-07
10747,1.8772E+12,4.0669E-07
10748,1.8771E+12,4.0669E-07
10749,1.8771E+12,4.06695E-07
10750,1.8771E+12,4.06695E-07
10751,1.877E+12,4.06695E-07
10752,1.877E+12,4.067E-07
10753,1.8769E+12,4.067E-07
10754,1.8769E+12,4.067E-07
10755,1.8768E+12,4.067E-07
10756,1.8768E+12,4.06705E-07
10757,1.8767E+12,4.06705E-07
10758,1.8767E+12,4.06705E-07
10759,1.8766E+12,4.0671E-07
10760,1.8766E+12,4.0671E-07
10761,1.8765E+12,4.0671E-07
10762,1.8765E+12,4.06715E-07
10763,1.8765E+12,4.06715E-07
10764,1.8764E+12,4.06715E-07
10765,1.8764E+12,4.0672E-07
10766,1.8763E+12,4.0672E-07
10767,1.8763E+12,4.0672E-07
10768,1.8762E+12,4.0672E-07
10769,1.8762E+12,4.06725E-07
10770,1.8761E+12,4.06725E-07
10771,1.8761E+12,4.06725E-07
10772,1.876E+12,4.0673E-07
10773,1.876E+12,4.0673E-07
10774,1.8759E+12,4.0673E-07
10775,1.8759E+12,4.06735E-07
10776,1.8758E+12,4.06735E-07
10777,1.8758E+12,4.06735E-07
10778,1.8758E+12,4.06735E-07
10779,1.8757E+12,4.0674E-07
10780,1.8757E+12,4.0674E-07
10781,1.8756E+12,4.0674E-07
10782,1.8756E+12,4.06745E-07
10783,1.8755E+12,4.06745E-07
10784,1.8755E+12,4.06745E-07
10785,1.8754E+12,4.0675E-07
10786,1.8754E+12,4.0675E-07
10787,1.8753E+12,4.0675E-07
10788,1.8753E+12,4.0675E-07
10789,1.8752E+12,4.06755E-07
10790,1.8752E+12,4.06755E-07
10791,1.8752E+12,4.06755E-07
10792,1.8751E+12,4.0676E-07
10793,1.8751E+12,4.0676E-07
10794,1.875E+12,4.0676E-07
10795,1.875E+12,4.06765E-07
10796,1.8749E+12,4.06765E-07
10797,1.8749E+12,4.06765E-07
10798,1.8748E+12,4.0677E-07
10799,1.8748E+12,4.0677E-07
10800,1.8747E+12,4.0677E-07
10801,1.8747E+12,4.0677E-07
10802,1.8746E+12,4.06775E-07
10803,1.8746E+12,4.06775E-07
10804,1.8746E+12,4.06775E-07
10805,1.8745E+12,4.0678E-07
10806,1.8745E+12,4.0678E-07
10807,1.8744E+12,4.0678E-07
10808,1.8744E+12,4.06785E-07
10809,1.8743E+12,4.06785E-07
10810,1.8743E+12,4.06785E-07
10811,1.8742E+12,4.06785E-07
10812,1.8742E+12,4.0679E-07
10813,1.8741E+12,4.0679E-07
10814,1.8741E+12,4.0679E-07
10815,1.8741E+12,4.06795E-07
10816,1.874E+12,4.06795E-07
10817,1.874E+12,4.06795E-07
10818,1.8739E+12,4.068E-07
10819,1.8739E+12,4.068E-07
10820,1.8738E+12,4.068E-07
10821,1.8738E+12,4.068E-07
10822,1.8737E+12,4.06805E-07
10823,1.8737E+12,4.06805E-07
10824,1.8736E+12,4.06805E-07
10825,1.8736E+12,4.0681E-07
10826,1.8735E+12,4.0681E-07
10827,1.8735E+12,4.0681E-07
10828,1.8735E+12,4.06815E-07
10829,1.8734E+12,4.06815E-07
10830,1.8734E+12,4.06815E-07
10831,1.8733E+12,4.06815E-07
10832,1.8733E+12,4.0682E-07
10833,1.8732E+12,4.0682E-07
10834,1.8732E+12,4.0682E-07
10835,1.8731E+12,4.06825E-07
10836,1.8731E+12,4.06825E-07
10837,1.873E+12,4.06825E-07
10838,1.873E+12,4.0683E-07
10839,1.8729E+12,4.0683E-07
10840,1.8729E+12,4.0683E-07
10841,1.8729E+12,4.0683E-07
10842,1.8728E+12,4.06835E-07
10843,1.8728E+12,4.06835E-07
10844,1.8727E+12,4.06835E-07
10845,1.8727E+12,4.0684E-07
10846,1.8726E+12,4.0684E-07
10847,1.8726E+12,4.0684E-07
10848,1.8725E+12,4.06845E-07
10849,1.8725E+12,4.06845E-07
10850,1.8724E+12,4.06845E-07
10851,1.8724E+12,4.0685E-07
10852,1.8724E+12,4.0685E-07
10853,1.8723E+12,4.0685E-07
10854,1.8723E+12,4.0685E-07
10855,1.8722E+12,4.06855E-07
10856,1.8722E+12,4.06855E-07
10857,1.8721E+12,4.06855E-07
10858,1.8721E+12,4.0686E-07
10859,1.872E+12,4.0686E-07
10860,1.872E+12,4.0686E-07
10861,1.8719E+12,4.06865E-07
10862,1.8719E+12,4.06865E-07
10863,1.8718E+12,4.06865E-07
10864,1.8718E+12,4.06865E-07
10865,1.8718E+12,4.0687E-07
10866,1.8717E+12,4.0687E-07
10867,1.8717E+12,4.0687E-07
10868,1.8716E+12,4.06875E-07
10869,1.8716E+12,4.06875E-07
10870,1.8715E+12,4.06875E-07
10871,1.8715E+12,4.0688E-07
10872,1.8714E+12,4.0688E-07
10873,1.8714E+12,4.0688E-07
10874,1.8713E+12,4.0688E-07
10875,1.8713E+12,4.06885E-07
10876,1.8713E+12,4.06885E-07
10877,1.8712E+12,4.06885E-07
10878,1.8712E+12,4.0689E-07
10879,1.8711E+12,4.0689E-07
10880,1.8711E+12,4.0689E-07
10881,1.871E+12,4.06895E-07
10882,1.871E+12,4.06895E-07
10883,1.8709E+12,4.06895E-07
10884,1.8709E+12,4.06895E-07
10885,1.8708E+12,4.069E-07
10886,1.8708E+12,4.069E-07
10887,1.8708E+12,4.069E-07
10888,1.8707E+12,4.06905E-07
10889,1.8707E+12,4.06905E-07
10890,1.8706E+12,4.06905E-07
10891,1.8706E+12,4.0691E-07
10892,1.8705E+12,4.0691E-07
10893,1.8705E+12,4.0691E-07
10894,1.8704E+12,4.0691E-07
10895,1.8704E+12,4.06915E-07
10896,1.8703E+12,4.06915E-07
10897,1.8703E+12,4.06915E-07
10898,1.8703E+12,4.0692E-07
10899,1.8702E+12,4.0692E-07
10900,1.8702E+12,4.0692E-07
10901,1.8701E+12,4.06925E-07
10902,1.8701E+12,4.06925E-07
10903,1.87E+12,4.06925E-07
10904,1.87E+12,4.06925E-07
10905,1.8699E+12,4.0693E-07
10906,1.8699E+12,4.0693E-07
10907,1.8698E+12,4.0693E-07
10908,1.8698E+12,4.06935E-07
10909,1.8697E+12,4.06935E-07
10910,1.8697E+12,4.06935E-07
10911,1.8697E+12,4.0694E-07
10912,1.8696E+12,4.0694E-07
10913,1.8696E+12,4.0694E-07
10914,1.8695E+12,4.0694E-07
10915,1.8695E+12,4.06945E-07
10916,1.8694E+12,4.06945E-07
10917,1.8694E+12,4.06945E-07
10918,1.8693E+12,4.0695E-07
10919,1.8693E+12,4.0695E-07
10920,1.8692E+12,4.0695E-07
10921,1.8692E+12,4.0695E-07
10922,1.8692E+12,4.06955E-07
10923,1.8691E+12,4.06955E-07
10924,1.8691E+12,4.06955E-07
10925,1.869E+12,4.0696E-07
10926,1.869E+12,4.0696E-07
10927,1.8689E+12,4.0696E-07
10928,1.8689E+12,4.06965E-07
10929,1.8688E+12,4.06965E-07
10930,1.8688E+12,4.06965E-07
10931,1.8687E+12,4.06965E-07
10932,1.8687E+12,4.0697E-07
10933,1.8687E+12,4.0697E-07
10934,1.8686E+12,4.0697E-07
10935,1.8686E+12,4.06975E-07
10936,1.8685E+12,4.06975E-07
10937,1.8685E+12,4.06975E-07
10938,1.8684E+12,4.0698E-07
10939,1.8684E+12,4.0698E-07
10940,1.8683E+12,4.0698E-07
10941,1.8683E+12,4.0698E-07
10942,1.8683E+12,4.06985E-07
10943,1.8682E+12,4.06985E-07
10944,1.8682E+12,4.06985E-07
10945,1.8681E+12,4.0699E-07
10946,1.8681E+12,4.0699E-07
10947,1.868E+12,4.0699E-07
10948,1.868E+12,4.06995E-07
10949,1.8679E+12,4.06995E-07
10950,1.8679E+12,4.06995E-07
10951,1.8678E+12,4.06995E-07
10952,1.8678E+12,0.000000407
10953,1.8678E+12,0.000000407
10954,1.8677E+12,0.000000407
10955,1.8677E+12,4.07005E-07
10956,1.8676E+12,4.07005E-07
10957,1.8676E+12,4.07005E-07
10958,1.8675E+12,4.0701E-07
10959,1.8675E+12,4.0701E-07
10960,1.8674E+12,4.0701E-07
10961,1.8674E+12,4.0701E-07
10962,1.8673E+12,4.07015E-07
10963,1.8673E+12,4.07015E-07
10964,1.8673E+12,4.07015E-07
10965,1.8672E+12,4.0702E-07
10966,1.8672E+12,4.0702E-07
10967,1.8671E+12,4.0702E-07
10968,1.8671E+12,4.07025E-07
10969,1.867E+12,4.07025E-07
10970,1.867E+12,4.07025E-07
10971,1.8669E+12,4.07025E-07
10972,1.8669E+12,4.0703E-07
10973,1.8668E+12,4.0703E-07
10974,1.8668E+12,4.0703E-07
10975,1.8668E+12,4.07035E-07
10976,1.8667E+12,4.07035E-07
10977,1.8667E+12,4.07035E-07
10978,1.8666E+12,4.07035E-07
10979,1.8666E+12,4.0704E-07
10980,1.8665E+12,4.0704E-07
10981,1.8665E+12,4.0704E-07
10982,1.8664E+12,4.07045E-07
10983,1.8664E+12,4.07045E-07
10984,1.8664E+12,4.07045E-07
10985,1.8663E+12,4.0705E-07
10986,1.8663E+12,4.0705E-07
10987,1.8662E+12,4.0705E-07
10988,1.8662E+12,4.0705E-07
10989,1.8661E+12,4.07055E-07
10990,1.8661E+12,4.07055E-07
10991,1.866E+12,4.07055E-07
10992,1.866E+12,4.0706E-07
10993,1.8659E+12,4.0706E-07
10994,1.8659E+12,4.0706E-07
10995,1.8659E+12,4.07065E-07
10996,1.8658E+12,4.07065E-07
10997,1.8658E+12,4.07065E-07
10998,1.8657E+12,4.07065E-07
10999,1.8657E+12,4.0707E-07
11000,1.8656E+12,4.0707E-07
11001,1.8656E+12,4.0707E-07
11002,1.8655E+12,4.07075E-07
11003,1.8655E+12,4.07075E-07
11004,1.8655E+12,4.07075E-07
11005,1.8654E+12,4.07075E-07
11006,1.8654E+12,4.0708E-07
11007,1.8653E+12,4.0708E-07
11008,1.8653E+12,4.0708E-07
11009,1.8652E+12,4.07085E-07
11010,1.8652E+12,4.07085E-07
11011,1.8651E+12,4.07085E-07
11012,1.8651E+12,4.0709E-07
11013,1.865E+12,4.0709E-07
11014,1.865E+12,4.0709E-07
11015,1.865E+12,4.0709E-07
11016,1.8649E+12,4.07095E-07
11017,1.8649E+12,4.07095E-07
11018,1.8648E+12,4.07095E-07
11019,1.8648E+12,4.071E-07
11020,1.8647E+12,4.071E-07
11021,1.8647E+12,4.071E-07
11022,1.8646E+12,4.07105E-07
11023,1.8646E+12,4.07105E-07
11024,1.8646E+12,4.07105E-07
11025,1.8645E+12,4.07105E-07
11026,1.8645E+12,4.0711E-07
11027,1.8644E+12,4.0711E-07
11028,1.8644E+12,4.0711E-07
11029,1.8643E+12,4.07115E-07
11030,1.8643E+12,4.07115E-07
11031,1.8642E+12,4.07115E-07
11032,1.8642E+12,4.07115E-07
11033,1.8641E+12,4.0712E-07
11034,1.8641E+12,4.0712E-07
11035,1.8641E+12,4.0712E-07
11036,1.864E+12,4.07125E-07
11037,1.864E+12,4.07125E-07
11038,1.8639E+12,4.07125E-07
11039,1.8639E+12,4.0713E-07
11040,1.8638E+12,4.0713E-07
11041,1.8638E+12,4.0713E-07
11042,1.8637E+12,4.0713E-07
11043,1.8637E+12,4.07135E-07
11044,1.8637E+12,4.07135E-07
11045,1.8636E+12,4.07135E-07
11046,1.8636E+12,4.0714E-07
11047,1.8635E+12,4.0714E-07
11048,1.8635E+12,4.0714E-07
11049,1.8634E+12,4.07145E-07
11050,1.8634E+12,4.07145E-07
11051,1.8633E+12,4.07145E-07
11052,1.8633E+12,4.07145E-07
11053,1.8633E+12,4.0715E-07
11054,1.8632E+12,4.0715E-07
11055,1.8632E+12,4.0715E-07
11056,1.8631E+12,4.07155E-07
11057,1.8631E+12,4.07155E-07
11058,1.863E+12,4.07155E-07
11059,1.863E+12,4.07155E-07
11060,1.8629E+12,4.0716E-07
11061,1.8629E+12,4.0716E-07
11062,1.8629E+12,4.0716E-07
11063,1.8628E+12,4.07165E-07
11064,1.8628E+12,4.07165E-07
11065,1.8627E+12,4.07165E-07
11066,1.8627E+12,4.0717E-07
11067,1.8626E+12,4.0717E-07
11068,1.8626E+12,4.0717E-07
11069,1.8625E+12,4.0717E-07
11070,1.8625E+12,4.07175E-07
11071,1.8624E+12,4.07175E-07
11072,1.8624E+12,4.07175E-07
11073,1.8624E+12,4.0718E-07
11074,1.8623E+12,4.0718E-07
11075,1.8623E+12,4.0718E-07
11076,1.8622E+12,4.0718E-07
11077,1.8622E+12,4.07185E-07
11078,1.8621E+12,4.07185E-07
11079,1.8621E+12,4.07185E-07
11080,1.862E+12,4.0719E-07
11081,1.862E+12,4.0719E-07
11082,1.862E+12,4.0719E-07
11083,1.8619E+12,4.07195E-07
11084,1.8619E+12,4.07195E-07
11085,1.8618E+12,4.07195E-07
11086,1.8618E+12,4.07195E-07
11087,1.8617E+12,4.072E-07
11088,1.8617E+12,4.072E-07
11089,1.8616E+12,4.072E-07
11090,1.8616E+12,4.07205E-07
11091,1.8616E+12,4.07205E-07
11092,1.8615E+12,4.07205E-07
11093,1.8615E+12,4.07205E-07
11094,1.8614E+12,4.0721E-07
11095,1.8614E+12,4.0721E-07
11096,1.8613E+12,4.0721E-07
11097,1.8613E+12,4.07215E-07
11098,1.8612E+12,4.07215E-07
11099,1.8612E+12,4.07215E-07
11100,1.8612E+12,4.0722E-07
11101,1.8611E+12,4.0722E-07
11102,1.8611E+12,4.0722E-07
11103,1.861E+12,4.0722E-07
11104,1.861E+12,4.07225E-07
11105,1.8609E+12,4.07225E-07
11106,1.8609E+12,4.07225E-07
11107,1.8608E+12,4.0723E-07
11108,1.8608E+12,4.0723E-07
11109,1.8608E+12,4.0723E-07
11110,1.8607E+12,4.0723E-07
11111,1.8607E+12,4.07235E-07
11112,1.8606E+12,4.07235E-07
11113,1.8606E+12,4.07235E-07
11114,1.8605E+12,4.0724E-07
11115,1.8605E+12,4.0724E-07
11116,1.8604E+12,4.0724E-07
11117,1.8604E+12,4.07245E-07
11118,1.8604E+12,4.07245E-07
11119,1.8603E+12,4.07245E-07
11120,1.8603E+12,4.07245E-07
11121,1.8602E+12,4.0725E-07
11122,1.8602E+12,4.0725E-07
11123,1.8601E+12,4.0725E-07
11124,1.8601E+12,4.07255E-07
11125,1.86E+12,4.07255E-07
11126,1.86E+12,4.07255E-07
11127,1.86E+12,4.07255E-07
11128,1.8599E+12,4.0726E-07
11129,1.8599E+12,4.0726E-07
11130,1.8598E+12,4.0726E-07
11131,1.8598E+12,4.07265E-07
11132,1.8597E+12,4.07265E-07
11133,1.8597E+12,4.07265E-07
11134,1.8596E+12,4.07265E-07
11135,1.8596E+12,4.0727E-07
11136,1.8596E+12,4.0727E-07
11137,1.8595E+12,4.0727E-07
11138,1.8595E+12,4.07275E-07
11139,1.8594E+12,4.07275E-07
11140,1.8594E+12,4.07275E-07
11141,1.8593E+12,4.0728E-07
11142,1.8593E+12,4.0728E-07
11143,1.8593E+12,4.0728E-07
11144,1.8592E+12,4.0728E-07
11145,1.8592E+12,4.07285E-07
11146,1.8591E+12,4.07285E-07
11147,1.8591E+12,4.07285E-07
11148,1.859E+12,4.0729E-07
11149,1.859E+12,4.0729E-07
11150,1.8589E+12,4.0729E-07
11151,1.8589E+12,4.0729E-07
11152,1.8589E+12,4.07295E-07
11153,1.8588E+12,4.07295E-07
11154,1.8588E+12,4.07295E-07
11155,1.8587E+12,4.073E-07
11156,1.8587E+12,4.073E-07
11157,1.8586E+12,4.073E-07
11158,1.8586E+12,4.07305E-07
11159,1.8585E+12,4.07305E-07
11160,1.8585E+12,4.07305E-07
11161,1.8585E+12,4.07305E-07
11162,1.8584E+12,4.0731E-07
11163,1.8584E+12,4.0731E-07
11164,1.8583E+12,4.0731E-07
11165,1.8583E+12,4.07315E-07
11166,1.8582E+12,4.07315E-07
11167,1.8582E+12,4.07315E-07
11168,1.8581E+12,4.07315E-07
11169,1.8581E+12,4.0732E-07
11170,1.8581E+12,4.0732E-07
11171,1.858E+12,4.0732E-07
11172,1.858E+12,4.07325E-07
11173,1.8579E+12,4.07325E-07
11174,1.8579E+12,4.07325E-07
11175,1.8578E+12,4.07325E-07
11176,1.8578E+12,4.0733E-07
11177,1.8577E+12,4.0733E-07
11178,1.8577E+12,4.0733E-07
11179,1.8577E+12,4.07335E-07
11180,1.8576E+12,4.07335E-07
11181,1.8576E+12,4.07335E-07
11182,1.8575E+12,4.0734E-07
11183,1.8575E+12,4.0734E-07
11184,1.8574E+12,4.0734E-07
11185,1.8574E+12,4.0734E-07
11186,1.8574E+12,4.07345E-07
11187,1.8573E+12,4.07345E-07
11188,1.8573E+12,4.07345E-07
11189,1.8572E+12,4.0735E-07
11190,1.8572E+12,4.0735E-07
11191,1.8571E+12,4.0735E-07
11192,1.8571E+12,4.0735E-07
11193,1.857E+12,4.07355E-07
11194,1.857E+12,4.07355E-07
11195,1.857E+12,4.07355E-07
11196,1.8569E+12,4.0736E-07
11197,1.8569E+12,4.0736E-07
11198,1.8568E+12,4.0736E-07
11199,1.8568E+12,4.0736E-07
11200,1.8567E+12,4.07365E-07
11201,1.8567E+12,4.07365E-07
11202,1.8566E+12,4.07365E-07
11203,1.8566E+12,4.0737E-07
11204,1.8566E+12,4.0737E-07
11205,1.8565E+12,4.0737E-07
11206,1.8565E+12,4.07375E-07
11207,1.8564E+12,4.07375E-07
11208,1.8564E+12,4.07375E-07
11209,1.8563E+12,4.07375E-07
11210,1.8563E+12,4.0738E-07
11211,1.8563E+12,4.0738E-07
11212,1.8562E+12,4.0738E-07
11213,1.8562E+12,4.07385E-07
11214,1.8561E+12,4.07385E-07
11215,1.8561E+12,4.07385E-07
11216,1.856E+12,4.07385E-07
11217,1.856E+12,4.0739E-07
11218,1.8559E+12,4.0739E-07
11219,1.8559E+12,4.0739E-07
11220,1.8559E+12,4.07395E-07
11221,1.8558E+12,4.07395E-07
11222,1.8558E+12,4.07395E-07
11223,1.8557E+12,4.07395E-07
11224,1.8557E+12,4.074E-07
11225,1.8556E+12,4.074E-07
11226,1.8556E+12,4.074E-07
11227,1.8556E+12,4.07405E-07
11228,1.8555E+12,4.07405E-07
11229,1.8555E+12,4.07405E-07
11230,1.8554E+12,4.07405E-07
11231,1.8554E+12,4.0741E-07
11232,1.8553E+12,4.0741E-07
11233,1.8553E+12,4.0741E-07
11234,1.8552E+12,4.07415E-07
11235,1.8552E+12,4.07415E-07
11236,1.8552E+12,4.07415E-07
11237,1.8551E+12,4.0742E-07
11238,1.8551E+12,4.0742E-07
11239,1.855E+12,4.0742E-07
11240,1.855E+12,4.0742E-07
11241,1.8549E+12,4.07425E-07
11242,1.8549E+12,4.07425E-07
11243,1.8549E+12,4.07425E-07
11244,1.8548E+12,4.0743E-07
11245,1.8548E+12,4.0743E-07
11246,1.8547E+12,4.0743E-07
11247,1.8547E+12,4.0743E-07
11248,1.8546E+12,4.07435E-07
11249,1.8546E+12,4.07435E-07
11250,1.8545E+12,4.07435E-07
11251,1.8545E+12,4.0744E-07
11252,1.8545E+12,4.0744E-07
11253,1.8544E+12,4.0744E-07
11254,1.8544E+12,4.0744E-07
11255,1.8543E+12,4.07445E-07
11256,1.8543E+12,4.07445E-07
11257,1.8542E+12,4.07445E-07
11258,1.8542E+12,4.0745E-07
11259,1.8542E+12,4.0745E-07
11260,1.8541E+12,4.0745E-07
11261,1.8541E+12,4.0745E-07
11262,1.854E+12,4.07455E-07
11263,1.854E+12,4.07455E-07
11264,1.8539E+12,4.07455E-07
11265,1.8539E+12,4.0746E-07
11266,1.8538E+12,4.0746E-07
11267,1.8538E+12,4.0746E-07
11268,1.8538E+12,4.0746E-07
11269,1.8537E+12,4.07465E-07
11270,1.8537E+12,4.07465E-07
11271,1.8536E+12,4.07465E-07
11272,1.8536E+12,4.0747E-07
11273,1.8535E+12,4.0747E-07
11274,1.8535E+12,4.0747E-07
11275,1.8535E+12,4.07475E-07
11276,1.8534E+12,4.07475E-07
11277,1.8534E+12,4.07475E-07
11278,1.8533E+12,4.07475E-07
11279,1.8533E+12,4.0748E-07
11280,1.8532E+12,4.0748E-07
11281,1.8532E+12,4.0748E-07
11282,1.8531E+12,4.07485E-07
11283,1.8531E+12,4.07485E-07
11284,1.8531E+12,4.07485E-07
11285,1.853E+12,4.07485E-07
11286,1.853E+12,4.0749E-07
11287,1.8529E+12,4.0749E-07
11288,1.8529E+12,4.0749E-07
11289,1.8528E+12,4.07495E-07
11290,1.8528E+12,4.07495E-07
11291,1.8528E+12,4.07495E-07
11292,1.8527E+12,4.07495E-07
11293,1.8527E+12,4.075E-07
11294,1.8526E+12,4.075E-07
11295,1.8526E+12,4.075E-07
11296,1.8525E+12,4.07505E-07
11297,1.8525E+12,4.07505E-07
11298,1.8525E+12,4.07505E-07
11299,1.8524E+12,4.07505E-07
11300,1.8524E+12,4.0751E-07
11301,1.8523E+12,4.0751E-07
11302,1.8523E+12,4.0751E-07
11303,1.8522E+12,4.07515E-07
11304,1.8522E+12,4.07515E-07
11305,1.8521E+12,4.07515E-07
11306,1.8521E+12,4.07515E-07
11307,1.8521E+12,4.0752E-07
11308,1.852E+12,4.0752E-07
11309,1.852E+12,4.0752E-07
11310,1.8519E+12,4.07525E-07
11311,1.8519E+12,4.07525E-07
11312,1.8518E+12,4.07525E-07
11313,1.8518E+12,4.07525E-07
11314,1.8518E+12,4.0753E-07
11315,1.8517E+12,4.0753E-07
11316,1.8517E+12,4.0753E-07
11317,1.8516E+12,4.07535E-07
11318,1.8516E+12,4.07535E-07
11319,1.8515E+12,4.07535E-07
11320,1.8515E+12,4.07535E-07
11321,1.8515E+12,4.0754E-07
11322,1.8514E+12,4.0754E-07
11323,1.8514E+12,4.0754E-07
11324,1.8513E+12,4.07545E-07
11325,1.8513E+12,4.07545E-07
11326,1.8512E+12,4.07545E-07
11327,1.8512E+12,4.07545E-07
11328,1.8512E+12,4.0755E-07
11329,1.8511E+12,4.0755E-07
11330,1.8511E+12,4.0755E-07
11331,1.851E+12,4.07555E-07
11332,1.851E+12,4.07555E-07
11333,1.8509E+12,4.07555E-07
11334,1.8509E+12,4.0756E-07
11335,1.8508E+12,4.0756E-07
11336,1.8508E+12,4.0756E-07
11337,1.8508E+12,4.0756E-07
11338,1.8507E+12,4.07565E-07
11339,1.8507E+12,4.07565E-07
11340,1.8506E+12,4.07565E-07
11341,1.8506E+12,4.0757E-07
11342,1.8505E+12,4.0757E-07
11343,1.8505E+12,4.0757E-07
11344,1.8505E+12,4.0757E-07
11345,1.8504E+12,4.07575E-07
11346,1.8504E+12,4.07575E-07
11347,1.8503E+12,4.07575E-07
11348,1.8503E+12,4.0758E-07
11349,1.8502E+12,4.0758E-07
11350,1.8502E+12,4.0758E-07
11351,1.8502E+12,4.0758E-07
11352,1.8501E+12,4.07585E-07
11353,1.8501E+12,4.07585E-07
11354,1.85E+12,4.07585E-07
11355,1.85E+12,4.0759E-07
11356,1.8499E+12,4.0759E-07
11357,1.8499E+12,4.0759E-07
11358,1.8499E+12,4.0759E-07
11359,1.8498E+12,4.07595E-07
11360,1.8498E+12,4.07595E-07
11361,1.8497E+12,4.07595E-07
11362,1.8497E+12,4.076E-07
11363,1.8496E+12,4.076E-07
11364,1.8496E+12,4.076E-07
11365,1.8496E+12,4.076E-07
11366,1.8495E+12,4.07605E-07
11367,1.8495E+12,4.07605E-07
11368,1.8494E+12,4.07605E-07
11369,1.8494E+12,4.0761E-07
11370,1.8493E+12,4.0761E-07
11371,1.8493E+12,4.0761E-07
11372,1.8493E+12,4.0761E-07
11373,1.8492E+12,4.07615E-07
11374,1.8492E+12,4.07615E-07
11375,1.8491E+12,4.07615E-07
11376,1.8491E+12,4.0762E-07
11377,1.849E+12,4.0762E-07
11378,1.849E+12,4.0762E-07
11379,1.849E+12,4.0762E-07
11380,1.8489E+12,4.07625E-07
11381,1.8489E+12,4.07625E-07
11382,1.8488E+12,4.07625E-07
11383,1.8488E+12,4.0763E-07
11384,1.8487E+12,4.0763E-07
11385,1.8487E+12,4.0763E-07
11386,1.8486E+12,4.0763E-07
11387,1.8486E+12,4.07635E-07
11388,1.8486E+12,4.07635E-07
11389,1.8485E+12,4.07635E-07
11390,1.8485E+12,4.0764E-07
11391,1.8484E+12,4.0764E-07
11392,1.8484E+12,4.0764E-07
11393,1.8483E+12,4.0764E-07
11394,1.8483E+12,4.07645E-07
11395,1.8483E+12,4.07645E-07
11396,1.8482E+12,4.07645E-07
11397,1.8482E+12,4.0765E-07
11398,1.8481E+12,4.0765E-07
11399,1.8481E+12,4.0765E-07
11400,1.848E+12,4.0765E-07
11401,1.848E+12,4.07655E-07
11402,1.848E+12,4.07655E-07
11403,1.8479E+12,4.07655E-07
11404,1.8479E+12,4.0766E-07
11405,1.8478E+12,4.0766E-07
11406,1.8478E+12,4.0766E-07
11407,1.8477E+12,4.0766E-07
11408,1.8477E+12,4.07665E-07
11409,1.8477E+12,4.07665E-07
11410,1.8476E+12,4.07665E-07
11411,1.8476E+12,4.0767E-07
11412,1.8475E+12,4.0767E-07
11413,1.8475E+12,4.0767E-07
11414,1.8474E+12,4.0767E-07
11415,1.8474E+12,4.07675E-07
11416,1.8474E+12,4.07675E-07
11417,1.8473E+12,4.07675E-07
11418,1.8473E+12,4.0768E-07
11419,1.8472E+12,4.0768E-07
11420,1.8472E+12,4.0768E-07
11421,1.8471E+12,4.0768E-07
11422,1.8471E+12,4.07685E-07
11423,1.8471E+12,4.07685E-07
11424,1.847E+12,4.07685E-07
11425,1.847E+12,4.0769E-07
11426,1.8469E+12,4.0769E-07
11427,1.8469E+12,4.0769E-07
11428,1.8468E+12,4.0769E-07
11429,1.8468E+12,4.07695E-07
11430,1.8468E+12,4.07695E-07
11431,1.8467E+12,4.07695E-07
11432,1.8467E+12,4.077E-07
11433,1.8466E+12,4.077E-07
11434,1.8466E+12,4.077E-07
11435,1.8465E+12,4.077E-07
11436,1.8465E+12,4.07705E-07
11437,1.8465E+12,4.07705E-07
11438,1.8464E+12,4.07705E-07
11439,1.8464E+12,4.0771E-07
11440,1.8463E+12,4.0771E-07
11441,1.8463E+12,4.0771E-07
11442,1.8462E+12,4.0771E-07
11443,1.8462E+12,4.07715E-07
11444,1.8462E+12,4.07715E-07
11445,1.8461E+12,4.07715E-07
11446,1.8461E+12,4.0772E-07
11447,1.846E+12,4.0772E-07
11448,1.846E+12,4.0772E-07
11449,1.8459E+12,4.0772E-07
11450,1.8459E+12,4.07725E-07
11451,1.8459E+12,4.07725E-07
11452,1.8458E+12,4.07725E-07
11453,1.8458E+12,4.0773E-07
11454,1.8457E+12,4.0773E-07
11455,1.8457E+12,4.0773E-07
11456,1.8457E+12,4.0773E-07
11457,1.8456E+12,4.07735E-07
11458,1.8456E+12,4.07735E-07
11459,1.8455E+12,4.07735E-07
11460,1.8455E+12,4.07735E-07
11461,1.8454E+12,4.0774E-07
11462,1.8454E+12,4.0774E-07
11463,1.8454E+12,4.0774E-07
11464,1.8453E+12,4.07745E-07
11465,1.8453E+12,4.07745E-07
11466,1.8452E+12,4.07745E-07
11467,1.8452E+12,4.07745E-07
11468,1.8451E+12,4.0775E-07
11469,1.8451E+12,4.0775E-07
11470,1.8451E+12,4.0775E-07
11471,1.845E+12,4.07755E-07
11472,1.845E+12,4.07755E-07
11473,1.8449E+12,4.07755E-07
11474,1.8449E+12,4.07755E-07
11475,1.8448E+12,4.0776E-07
11476,1.8448E+12,4.0776E-07
11477,1.8448E+12,4.0776E-07
11478,1.8447E+12,4.07765E-07
11479,1.8447E+12,4.07765E-07
11480,1.8446E+12,4.07765E-07
11481,1.8446E+12,4.07765E-07
11482,1.8445E+12,4.0777E-07
11483,1.8445E+12,4.0777E-07
11484,1.8445E+12,4.0777E-07
11485,1.8444E+12,4.07775E-07
11486,1.8444E+12,4.07775E-07
11487,1.8443E+12,4.07775E-07
11488,1.8443E+12,4.07775E-07
11489,1.8442E+12,4.0778E-07
11490,1.8442E+12,4.0778E-07
11491,1.8442E+12,4.0778E-07
11492,1.8441E+12,4.07785E-07
11493,1.8441E+12,4.07785E-07
11494,1.844E+12,4.07785E-07
11495,1.844E+12,4.07785E-07
11496,1.8439E+12,4.0779E-07
11497,1.8439E+12,4.0779E-07
11498,1.8439E+12,4.0779E-07
11499,1.8438E+12,4.07795E-07
11500,1.8438E+12,4.07795E-07
11501,1.8437E+12,4.07795E-07
11502,1.8437E+12,4.07795E-07
11503,1.8437E+12,4.078E-07
11504,1.8436E+12,4.078E-07
11505,1.8436E+12,4.078E-07
11506,1.8435E+12,4.07805E-07
11507,1.8435E+12,4.07805E-07
11508,1.8434E+12,4.07805E-07
11509,1.8434E+12,4.07805E-07
11510,1.8434E+12,4.0781E-07
11511,1.8433E+12,4.0781E-07
11512,1.8433E+12,4.0781E-07
11513,1.8432E+12,4.07815E-07
11514,1.8432E+12,4.07815E-07
11515,1.8431E+12,4.07815E-07
11516,1.8431E+12,4.07815E-07
11517,1.8431E+12,4.0782E-07
11518,1.843E+12,4.0782E-07
11519,1.843E+12,4.0782E-07
11520,1.8429E+12,4.0782E-07
11521,1.8429E+12,4.07825E-07
11522,1.8428E+12,4.07825E-07
11523,1.8428E+12,4.07825E-07
11524,1.8428E+12,4.0783E-07
11525,1.8427E+12,4.0783E-07
11526,1.8427E+12,4.0783E-07
11527,1.8426E+12,4.0783E-07
11528,1.8426E+12,4.07835E-07
11529,1.8425E+12,4.07835E-07
11530,1.8425E+12,4.07835E-07
11531,1.8425E+12,4.0784E-07
11532,1.8424E+12,4.0784E-07
11533,1.8424E+12,4.0784E-07
11534,1.8423E+12,4.0784E-07
11535,1.8423E+12,4.07845E-07
11536,1.8423E+12,4.07845E-07
11537,1.8422E+12,4.07845E-07
11538,1.8422E+12,4.0785E-07
11539,1.8421E+12,4.0785E-07
11540,1.8421E+12,4.0785E-07
11541,1.842E+12,4.0785E-07
11542,1.842E+12,4.07855E-07
11543,1.842E+12,4.07855E-07
11544,1.8419E+12,4.07855E-07
11545,1.8419E+12,4.0786E-07
11546,1.8418E+12,4.0786E-07
11547,1.8418E+12,4.0786E-07
11548,1.8417E+12,4.0786E-07
11549,1.8417E+12,4.07865E-07
11550,1.8417E+12,4.07865E-07
11551,1.8416E+12,4.07865E-07
11552,1.8416E+12,4.0787E-07
11553,1.8415E+12,4.0787E-07
11554,1.8415E+12,4.0787E-07
11555,1.8415E+12,4.0787E-07
11556,1.8414E+12,4.07875E-07
11557,1.8414E+12,4.07875E-07
11558,1.8413E+12,4.07875E-07
11559,1.8413E+12,4.07875E-07
11560,1.8412E+12,4.0788E-07
11561,1.8412E+12,4.0788E-07
11562,1.8412E+12,4.0788E-07
11563,1.8411E+12,4.07885E-07
11564,1.8411E+12,4.07885E-07
11565,1.841E+12,4.07885E-07
11566,1.841E+12,4.07885E-07
11567,1.8409E+12,4.0789E-07
11568,1.8409E+12,4.0789E-07
11569,1.8409E+12,4.0789E-07
11570,1.8408E+12,4.07895E-07
11571,1.8408E+12,4.07895E-07
11572,1.8407E+12,4.07895E-07
11573,1.8407E+12,4.07895E-07
11574,1.8406E+12,4.079E-07
11575,1.8406E+12,4.079E-07
11576,1.8406E+12,4.079E-07
11577,1.8405E+12,4.07905E-07
11578,1.8405E+12,4.07905E-07
11579,1.8404E+12,4.07905E-07
11580,1.8404E+12,4.07905E-07
11581,1.8404E+12,4.0791E-07
11582,1.8403E+12,4.0791E-07
11583,1.8403E+12,4.0791E-07
11584,1.8402E+12,4.07915E-07
11585,1.8402E+12,4.07915E-07
11586,1.8401E+12,4.07915E-07
11587,1.8401E+12,4.07915E-07
11588,1.8401E+12,4.0792E-07
11589,1.84E+12,4.0792E-07
11590,1.84E+12,4.0792E-07
11591,1.8399E+12,4.0792E-07
11592,1.8399E+12,4.07925E-07
11593,1.8399E+12,4.07925E-07
11594,1.8398E+12,4.07925E-07
11595,1.8398E+12,4.0793E-07
11596,1.8397E+12,4.0793E-07
11597,1.8397E+12,4.0793E-07
11598,1.8396E+12,4.0793E-07
11599,1.8396E+12,4.07935E-07
11600,1.8396E+12,4.07935E-07
11601,1.8395E+12,4.07935E-07
11602,1.8395E+12,4.0794E-07
11603,1.8394E+12,4.0794E-07
11604,1.8394E+12,4.0794E-07
11605,1.8393E+12,4.0794E-07
11606,1.8393E+12,4.07945E-07
11607,1.8393E+12,4.07945E-07
11608,1.8392E+12,4.07945E-07
11609,1.8392E+12,4.0795E-07
11610,1.8391E+12,4.0795E-07
11611,1.8391E+12,4.0795E-07
11612,1.8391E+12,4.0795E-07
11613,1.839E+12,4.07955E-07
11614,1.839E+12,4.07955E-07
11615,1.8389E+12,4.07955E-07
11616,1.8389E+12,4.07955E-07
11617,1.8388E+12,4.0796E-07
11618,1.8388E+12,4.0796E-07
11619,1.8388E+12,4.0796E-07
11620,1.8387E+12,4.07965E-07
11621,1.8387E+12,4.07965E-07
11622,1.8386E+12,4.07965E-07
11623,1.8386E+12,4.07965E-07
11624,1.8386E+12,4.0797E-07
11625,1.8385E+12,4.0797E-07
11626,1.8385E+12,4.0797E-07
11627,1.8384E+12,4.07975E-07
11628,1.8384E+12,4.07975E-07
11629,1.8383E+12,4.07975E-07
11630,1.8383E+12,4.07975E-07
11631,1.8383E+12,4.0798E-07
11632,1.8382E+12,4.0798E-07
11633,1.8382E+12,4.0798E-07
11634,1.8381E+12,4.07985E-07
11635,1.8381E+12,4.07985E-07
11636,1.838E+12,4.07985E-07
11637,1.838E+12,4.07985E-07
11638,1.838E+12,4.0799E-07
11639,1.8379E+12,4.0799E-07
11640,1.8379E+12,4.0799E-07
11641,1.8378E+12,4.0799E-07
11642,1.8378E+12,4.07995E-07
11643,1.8378E+12,4.07995E-07
11644,1.8377E+12,4.07995E-07
11645,1.8377E+12,0.000000408
11646,1.8376E+12,0.000000408
11647,1.8376E+12,0.000000408
11648,1.8375E+12,0.000000408
11649,1.8375E+12,4.08005E-07
11650,1.8375E+12,4.08005E-07
11651,1.8374E+12,4.08005E-07
11652,1.8374E+12,4.0801E-07
11653,1.8373E+12,4.0801E-07
11654,1.8373E+12,4.0801E-07
11655,1.8373E+12,4.0801E-07
11656,1.8372E+12,4.08015E-07
11657,1.8372E+12,4.08015E-07
11658,1.8371E+12,4.08015E-07
11659,1.8371E+12,4.08015E-07
11660,1.837E+12,4.0802E-07
11661,1.837E+12,4.0802E-07
11662,1.837E+12,4.0802E-07
11663,1.8369E+12,4.08025E-07
11664,1.8369E+12,4.08025E-07
11665,1.8368E+12,4.08025E-07
11666,1.8368E+12,4.08025E-07
11667,1.8368E+12,4.0803E-07
11668,1.8367E+12,4.0803E-07
11669,1.8367E+12,4.0803E-07
11670,1.8366E+12,4.08035E-07
11671,1.8366E+12,4.08035E-07
11672,1.8365E+12,4.08035E-07
11673,1.8365E+12,4.08035E-07
11674,1.8365E+12,4.0804E-07
11675,1.8364E+12,4.0804E-07
11676,1.8364E+12,4.0804E-07
11677,1.8363E+12,4.08045E-07
11678,1.8363E+12,4.08045E-07
11679,1.8363E+12,4.08045E-07
11680,1.8362E+12,4.08045E-07
11681,1.8362E+12,4.0805E-07
11682,1.8361E+12,4.0805E-07
11683,1.8361E+12,4.0805E-07
11684,1.836E+12,4.0805E-07
11685,1.836E+12,4.08055E-07
11686,1.836E+12,4.08055E-07
11687,1.8359E+12,4.08055E-07
11688,1.8359E+12,4.0806E-07
11689,1.8358E+12,4.0806E-07
11690,1.8358E+12,4.0806E-07
11691,1.8358E+12,4.0806E-07
11692,1.8357E+12,4.08065E-07
11693,1.8357E+12,4.08065E-07
11694,1.8356E+12,4.08065E-07
11695,1.8356E+12,4.0807E-07
11696,1.8355E+12,4.0807E-07
11697,1.8355E+12,4.0807E-07
11698,1.8355E+12,4.0807E-07
11699,1.8354E+12,4.08075E-07
11700,1.8354E+12,4.08075E-07
11701,1.8353E+12,4.08075E-07
11702,1.8353E+12,4.08075E-07
11703,1.8353E+12,4.0808E-07
11704,1.8352E+12,4.0808E-07
11705,1.8352E+12,4.0808E-07
11706,1.8351E+12,4.08085E-07
11707,1.8351E+12,4.08085E-07
11708,1.8351E+12,4.08085E-07
11709,1.835E+12,4.08085E-07
11710,1.835E+12,4.0809E-07
11711,1.8349E+12,4.0809E-07
11712,1.8349E+12,4.0809E-07
11713,1.8348E+12,4.08095E-07
11714,1.8348E+12,4.08095E-07
11715,1.8348E+12,4.08095E-07
11716,1.8347E+12,4.08095E-07
11717,1.8347E+12,4.081E-07
11718,1.8346E+12,4.081E-07
11719,1.8346E+12,4.081E-07
11720,1.8346E+12,4.081E-07
11721,1.8345E+12,4.08105E-07
11722,1.8345E+12,4.08105E-07
11723,1.8344E+12,4.08105E-07
11724,1.8344E+12,4.0811E-07
11725,1.8343E+12,4.0811E-07
11726,1.8343E+12,4.0811E-07
11727,1.8343E+12,4.0811E-07
11728,1.8342E+12,4.08115E-07
11729,1.8342E+12,4.08115E-07
11730,1.8341E+12,4.08115E-07
11731,1.8341E+12,4.0812E-07
11732,1.8341E+12,4.0812E-07
11733,1.834E+12,4.0812E-07
11734,1.834E+12,4.0812E-07
11735,1.8339E+12,4.08125E-07
11736,1.8339E+12,4.08125E-07
11737,1.8339E+12,4.08125E-07
11738,1.8338E+12,4.08125E-07
11739,1.8338E+12,4.0813E-07
11740,1.8337E+12,4.0813E-07
11741,1.8337E+12,4.0813E-07
11742,1.8336E+12,4.08135E-07
11743,1.8336E+12,4.08135E-07
11744,1.8336E+12,4.08135E-07
11745,1.8335E+12,4.08135E-07
11746,1.8335E+12,4.0814E-07
11747,1.8334E+12,4.0814E-07
11748,1.8334E+12,4.0814E-07
11749,1.8334E+12,4.0814E-07
11750,1.8333E+12,4.08145E-07
11751,1.8333E+12,4.08145E-07
11752,1.8332E+12,4.08145E-07
11753,1.8332E+12,4.0815E-07
11754,1.8331E+12,4.0815E-07
11755,1.8331E+12,4.0815E-07
11756,1.8331E+12,4.0815E-07
11757,1.833E+12,4.08155E-07
11758,1.833E+12,4.08155E-07
11759,1.8329E+12,4.08155E-07
11760,1.8329E+12,4.0816E-07
11761,1.8329E+12,4.0816E-07
11762,1.8328E+12,4.0816E-07
11763,1.8328E+12,4.0816E-07
11764,1.8327E+12,4.08165E-07
11765,1.8327E+12,4.08165E-07
11766,1.8327E+12,4.08165E-07
11767,1.8326E+12,4.08165E-07
11768,1.8326E+12,4.0817E-07
11769,1.8325E+12,4.0817E-07
11770,1.8325E+12,4.0817E-07
11771,1.8324E+12,4.08175E-07
11772,1.8324E+12,4.08175E-07
11773,1.8324E+12,4.08175E-07
11774,1.8323E+12,4.08175E-07
11775,1.8323E+12,4.0818E-07
11776,1.8322E+12,4.0818E-07
11777,1.8322E+12,4.0818E-07
11778,1.8322E+12,4.0818E-07
11779,1.8321E+12,4.08185E-07
11780,1.8321E+12,4.08185E-07
11781,1.832E+12,4.08185E-07
11782,1.832E+12,4.0819E-07
11783,1.832E+12,4.0819E-07
11784,1.8319E+12,4.0819E-07
11785,1.8319E+12,4.0819E-07
11786,1.8318E+12,4.08195E-07
11787,1.8318E+12,4.08195E-07
11788,1.8317E+12,4.08195E-07
11789,1.8317E+12,4.082E-07
11790,1.8317E+12,4.082E-07
11791,1.8316E+12,4.082E-07
11792,1.8316E+12,4.082E-07
11793,1.8315E+12,4.08205E-07
11794,1.8315E+12,4.08205E-07
11795,1.8315E+12,4.08205E-07
11796,1.8314E+12,4.08205E-07
11797,1.8314E+12,4.0821E-07
11798,1.8313E+12,4.0821E-07
11799,1.8313E+12,4.0821E-07
11800,1.8313E+12,4.08215E-07
11801,1.8312E+12,4.08215E-07
11802,1.8312E+12,4.08215E-07
11803,1.8311E+12,4.08215E-07
11804,1.8311E+12,4.0822E-07
11805,1.8311E+12,4.0822E-07
11806,1.831E+12,4.0822E-07
11807,1.831E+12,4.0822E-07
11808,1.8309E+12,4.08225E-07
11809,1.8309E+12,4.08225E-07
11810,1.8308E+12,4.08225E-07
11811,1.8308E+12,4.0823E-07
11812,1.8308E+12,4.0823E-07
11813,1.8307E+12,4.0823E-07
11814,1.8307E+12,4.0823E-07
11815,1.8306E+12,4.08235E-07
11816,1.8306E+12,4.08235E-07
11817,1.8306E+12,4.08235E-07
11818,1.8305E+12,4.0824E-07
11819,1.8305E+12,4.0824E-07
11820,1.8304E+12,4.0824E-07
11821,1.8304E+12,4.0824E-07
11822,1.8304E+12,4.08245E-07
11823,1.8303E+12,4.08245E-07
11824,1.8303E+12,4.08245E-07
11825,1.8302E+12,4.08245E-07
11826,1.8302E+12,4.0825E-07
11827,1.8301E+12,4.0825E-07
11828,1.8301E+12,4.0825E-07
11829,1.8301E+12,4.08255E-07
11830,1.83E+12,4.08255E-07
11831,1.83E+12,4.08255E-07
11832,1.8299E+12,4.08255E-07
11833,1.8299E+12,4.0826E-07
11834,1.8299E+12,4.0826E-07
11835,1.8298E+12,4.0826E-07
11836,1.8298E+12,4.0826E-07
11837,1.8297E+12,4.08265E-07
11838,1.8297E+12,4.08265E-07
11839,1.8297E+12,4.08265E-07
11840,1.8296E+12,4.0827E-07
11841,1.8296E+12,4.0827E-07
11842,1.8295E+12,4.0827E-07
11843,1.8295E+12,4.0827E-07
11844,1.8295E+12,4.08275E-07
11845,1.8294E+12,4.08275E-07
11846,1.8294E+12,4.08275E-07
11847,1.8293E+12,4.08275E-07
11848,1.8293E+12,4.0828E-07
11849,1.8292E+12,4.0828E-07
11850,1.8292E+12,4.0828E-07
11851,1.8292E+12,4.08285E-07
11852,1.8291E+12,4.08285E-07
11853,1.8291E+12,4.08285E-07
11854,1.829E+12,4.08285E-07
11855,1.829E+12,4.0829E-07
11856,1.829E+12,4.0829E-07
11857,1.8289E+12,4.0829E-07
11858,1.8289E+12,4.0829E-07
11859,1.8288E+12,4.08295E-07
11860,1.8288E+12,4.08295E-07
11861,1.8288E+12,4.08295E-07
11862,1.8287E+12,4.083E-07
11863,1.8287E+12,4.083E-07
11864,1.8286E+12,4.083E-07
11865,1.8286E+12,4.083E-07
11866,1.8286E+12,4.08305E-07
11867,1.8285E+12,4.08305E-07
11868,1.8285E+12,4.08305E-07
11869,1.8284E+12,4.08305E-07
11870,1.8284E+12,4.0831E-07
11871,1.8284E+12,4.0831E-07
11872,1.8283E+12,4.0831E-07
11873,1.8283E+12,4.08315E-07
11874,1.8282E+12,4.08315E-07
11875,1.8282E+12,4.08315E-07
11876,1.8281E+12,4.08315E-07
11877,1.8281E+12,4.0832E-07
11878,1.8281E+12,4.0832E-07
11879,1.828E+12,4.0832E-07
11880,1.828E+12,4.08325E-07
11881,1.8279E+12,4.08325E-07
11882,1.8279E+12,4.08325E-07
11883,1.8279E+12,4.08325E-07
11884,1.8278E+12,4.0833E-07
11885,1.8278E+12,4.0833E-07
11886,1.8277E+12,4.0833E-07
11887,1.8277E+12,4.0833E-07
11888,1.8277E+12,4.08335E-07
11889,1.8276E+12,4.08335E-07
11890,1.8276E+12,4.08335E-07
11891,1.8275E+12,4.0834E-07
11892,1.8275E+12,4.0834E-07
11893,1.8275E+12,4.0834E-07
11894,1.8274E+12,4.0834E-07
11895,1.8274E+12,4.08345E-07
11896,1.8273E+12,4.08345E-07
11897,1.8273E+12,4.08345E-07
11898,1.8273E+12,4.08345E-07
11899,1.8272E+12,4.0835E-07
11900,1.8272E+12,4.0835E-07
11901,1.8271E+12,4.0835E-07
11902,1.8271E+12,4.08355E-07
11903,1.8271E+12,4.08355E-07
11904,1.827E+12,4.08355E-07
11905,1.827E+12,4.08355E-07
11906,1.8269E+12,4.0836E-07
11907,1.8269E+12,4.0836E-07
11908,1.8268E+12,4.0836E-07
11909,1.8268E+12,4.0836E-07
11910,1.8268E+12,4.08365E-07
11911,1.8267E+12,4.08365E-07
11912,1.8267E+12,4.08365E-07
11913,1.8266E+12,4.0837E-07
11914,1.8266E+12,4.0837E-07
11915,1.8266E+12,4.0837E-07
11916,1.8265E+12,4.0837E-07
11917,1.8265E+12,4.08375E-07
11918,1.8264E+12,4.08375E-07
11919,1.8264E+12,4.08375E-07
11920,1.8264E+12,4.08375E-07
11921,1.8263E+12,4.0838E-07
11922,1.8263E+12,4.0838E-07
11923,1.8262E+12,4.0838E-07
11924,1.8262E+12,4.08385E-07
11925,1.8262E+12,4.08385E-07
11926,1.8261E+12,4.08385E-07
11927,1.8261E+12,4.08385E-07
11928,1.826E+12,4.0839E-07
11929,1.826E+12,4.0839E-07
11930,1.826E+12,4.0839E-07
11931,1.8259E+12,4.0839E-07
11932,1.8259E+12,4.08395E-07
11933,1.8258E+12,4.08395E-07
11934,1.8258E+12,4.08395E-07
11935,1.8258E+12,4.08395E-07
11936,1.8257E+12,4.084E-07
11937,1.8257E+12,4.084E-07
11938,1.8256E+12,4.084E-07
11939,1.8256E+12,4.08405E-07
11940,1.8256E+12,4.08405E-07
11941,1.8255E+12,4.08405E-07
11942,1.8255E+12,4.08405E-07
11943,1.8254E+12,4.0841E-07
11944,1.8254E+12,4.0841E-07
11945,1.8254E+12,4.0841E-07
11946,1.8253E+12,4.0841E-07
11947,1.8253E+12,4.08415E-07
11948,1.8252E+12,4.08415E-07
11949,1.8252E+12,4.08415E-07
11950,1.8251E+12,4.0842E-07
11951,1.8251E+12,4.0842E-07
11952,1.8251E+12,4.0842E-07
11953,1.825E+12,4.0842E-07
11954,1.825E+12,4.08425E-07
11955,1.8249E+12,4.08425E-07
11956,1.8249E+12,4.08425E-07
11957,1.8249E+12,4.08425E-07
11958,1.8248E+12,4.0843E-07
11959,1.8248E+12,4.0843E-07
11960,1.8247E+12,4.0843E-07
11961,1.8247E+12,4.08435E-07
11962,1.8247E+12,4.08435E-07
11963,1.8246E+12,4.08435E-07
11964,1.8246E+12,4.08435E-07
11965,1.8245E+12,4.0844E-07
11966,1.8245E+12,4.0844E-07
11967,1.8245E+12,4.0844E-07
11968,1.8244E+12,4.0844E-07
11969,1.8244E+12,4.08445E-07
11970,1.8243E+12,4.08445E-07
11971,1.8243E+12,4.08445E-07
11972,1.8243E+12,4.0845E-07
11973,1.8242E+12,4.0845E-07
11974,1.8242E+12,4.0845E-07
11975,1.8241E+12,4.0845E-07
11976,1.8241E+12,4.08455E-07
11977,1.8241E+12,4.08455E-07
11978,1.824E+12,4.08455E-07
11979,1.824E+12,4.08455E-07
11980,1.8239E+12,4.0846E-07
11981,1.8239E+12,4.0846E-07
11982,1.8239E+12,4.0846E-07
11983,1.8238E+12,4.08465E-07
11984,1.8238E+12,4.08465E-07
11985,1.8237E+12,4.08465E-07
11986,1.8237E+12,4.08465E-07
11987,1.8237E+12,4.0847E-07
11988,1.8236E+12,4.0847E-07
11989,1.8236E+12,4.0847E-07
11990,1.8235E+12,4.0847E-07
11991,1.8235E+12,4.08475E-07
11992,1.8235E+12,4.08475E-07
11993,1.8234E+12,4.08475E-07
11994,1.8234E+12,4.0848E-07
11995,1.8233E+12,4.0848E-07
11996,1.8233E+12,4.0848E-07
11997,1.8233E+12,4.0848E-07
11998,1.8232E+12,4.08485E-07
11999,1.8232E+12,4.08485E-07
12000,1.8231E+12,4.08485E-07
12001,1.8231E+12,4.08485E-07
12002,1.8231E+12,4.0849E-07
12003,1.823E+12,4.0849E-07
12004,1.823E+12,4.0849E-07
12005,1.8229E+12,4.0849E-07
12006,1.8229E+12,4.08495E-07
12007,1.8229E+12,4.08495E-07
12008,1.8228E+12,4.08495E-07
12009,1.8228E+12,4.085E-07
12010,1.8227E+12,4.085E-07
12011,1.8227E+12,4.085E-07
12012,1.8227E+12,4.085E-07
12013,1.8226E+12,4.08505E-07
12014,1.8226E+12,4.08505E-07
12015,1.8225E+12,4.08505E-07
12016,1.8225E+12,4.08505E-07
12017,1.8225E+12,4.0851E-07
12018,1.8224E+12,4.0851E-07
12019,1.8224E+12,4.0851E-07
12020,1.8223E+12,4.08515E-07
12021,1.8223E+12,4.08515E-07
12022,1.8223E+12,4.08515E-07
12023,1.8222E+12,4.08515E-07
12024,1.8222E+12,4.0852E-07
12025,1.8221E+12,4.0852E-07
12026,1.8221E+12,4.0852E-07
12027,1.8221E+12,4.0852E-07
12028,1.822E+12,4.08525E-07
12029,1.822E+12,4.08525E-07
12030,1.8219E+12,4.08525E-07
12031,1.8219E+12,4.08525E-07
12032,1.8219E+12,4.0853E-07
12033,1.8218E+12,4.0853E-07
12034,1.8218E+12,4.0853E-07
12035,1.8217E+12,4.08535E-07
12036,1.8217E+12,4.08535E-07
12037,1.8217E+12,4.08535E-07
12038,1.8216E+12,4.08535E-07
12039,1.8216E+12,4.0854E-07
12040,1.8215E+12,4.0854E-07
12041,1.8215E+12,4.0854E-07
12042,1.8215E+12,4.0854E-07
12043,1.8214E+12,4.08545E-07
12044,1.8214E+12,4.08545E-07
12045,1.8213E+12,4.08545E-07
12046,1.8213E+12,4.0855E-07
12047,1.8213E+12,4.0855E-07
12048,1.8212E+12,4.0855E-07
12049,1.8212E+12,4.0855E-07
12050,1.8211E+12,4.08555E-07
12051,1.8211E+12,4.08555E-07
12052,1.8211E+12,4.08555E-07
12053,1.821E+12,4.08555E-07
12054,1.821E+12,4.0856E-07
12055,1.8209E+12,4.0856E-07
12056,1.8209E+12,4.0856E-07
12057,1.8209E+12,4.08565E-07
12058,1.8208E+12,4.08565E-07
12059,1.8208E+12,4.08565E-07
12060,1.8207E+12,4.08565E-07
12061,1.8207E+12,4.0857E-07
12062,1.8207E+12,4.0857E-07
12063,1.8206E+12,4.0857E-07
12064,1.8206E+12,4.0857E-07
12065,1.8205E+12,4.08575E-07
12066,1.8205E+12,4.08575E-07
12067,1.8205E+12,4.08575E-07
12068,1.8204E+12,4.08575E-07
12069,1.8204E+12,4.0858E-07
12070,1.8203E+12,4.0858E-07
12071,1.8203E+12,4.0858E-07
12072,1.8203E+12,4.08585E-07
12073,1.8202E+12,4.08585E-07
12074,1.8202E+12,4.08585E-07
12075,1.8201E+12,4.08585E-07
12076,1.8201E+12,4.0859E-07
12077,1.8201E+12,4.0859E-07
12078,1.82E+12,4.0859E-07
12079,1.82E+12,4.0859E-07
12080,1.8199E+12,4.08595E-07
12081,1.8199E+12,4.08595E-07
12082,1.8199E+12,4.08595E-07
12083,1.8198E+12,4.08595E-07
12084,1.8198E+12,4.086E-07
12085,1.8197E+12,4.086E-07
12086,1.8197E+12,4.086E-07
12087,1.8197E+12,4.08605E-07
12088,1.8196E+12,4.08605E-07
12089,1.8196E+12,4.08605E-07
12090,1.8195E+12,4.08605E-07
12091,1.8195E+12,4.0861E-07
12092,1.8195E+12,4.0861E-07
12093,1.8194E+12,4.0861E-07
12094,1.8194E+12,4.0861E-07
12095,1.8193E+12,4.08615E-07
12096,1.8193E+12,4.08615E-07
12097,1.8193E+12,4.08615E-07
12098,1.8192E+12,4.0862E-07
12099,1.8192E+12,4.0862E-07
12100,1.8191E+12,4.0862E-07
12101,1.8191E+12,4.0862E-07
12102,1.8191E+12,4.08625E-07
12103,1.819E+12,4.08625E-07
12104,1.819E+12,4.08625E-07
12105,1.8189E+12,4.08625E-07
12106,1.8189E+12,4.0863E-07
12107,1.8189E+12,4.0863E-07
12108,1.8188E+12,4.0863E-07
12109,1.8188E+12,4.0863E-07
12110,1.8187E+12,4.08635E-07
12111,1.8187E+12,4.08635E-07
12112,1.8187E+12,4.08635E-07
12113,1.8186E+12,4.0864E-07
12114,1.8186E+12,4.0864E-07
12115,1.8185E+12,4.0864E-07
12116,1.8185E+12,4.0864E-07
12117,1.8185E+12,4.08645E-07
12118,1.8184E+12,4.08645E-07
12119,1.8184E+12,4.08645E-07
12120,1.8183E+12,4.08645E-07
12121,1.8183E+12,4.0865E-07
12122,1.8183E+12,4.0865E-07
12123,1.8182E+12,4.0865E-07
12124,1.8182E+12,4.0865E-07
12125,1.8182E+12,4.08655E-07
12126,1.8181E+12,4.08655E-07
12127,1.8181E+12,4.08655E-07
12128,1.818E+12,4.0866E-07
12129,1.818E+12,4.0866E-07
12130,1.818E+12,4.0866E-07
12131,1.8179E+12,4.0866E-07
12132,1.8179E+12,4.08665E-07
12133,1.8178E+12,4.08665E-07
12134,1.8178E+12,4.08665E-07
12135,1.8178E+12,4.08665E-07
12136,1.8177E+12,4.0867E-07
12137,1.8177E+12,4.0867E-07
12138,1.8176E+12,4.0867E-07
12139,1.8176E+12,4.0867E-07
12140,1.8176E+12,4.08675E-07
12141,1.8175E+12,4.08675E-07
12142,1.8175E+12,4.08675E-07
12143,1.8174E+12,4.0868E-07
12144,1.8174E+12,4.0868E-07
12145,1.8174E+12,4.0868E-07
12146,1.8173E+12,4.0868E-07
12147,1.8173E+12,4.08685E-07
12148,1.8172E+12,4.08685E-07
12149,1.8172E+12,4.08685E-07
12150,1.8172E+12,4.08685E-07
12151,1.8171E+12,4.0869E-07
12152,1.8171E+12,4.0869E-07
12153,1.817E+12,4.0869E-07
12154,1.817E+12,4.0869E-07
12155,1.817E+12,4.08695E-07
12156,1.8169E+12,4.08695E-07
12157,1.8169E+12,4.08695E-07
12158,1.8168E+12,4.087E-07
12159,1.8168E+12,4.087E-07
12160,1.8168E+12,4.087E-07
12161,1.8167E+12,4.087E-07
12162,1.8167E+12,4.08705E-07
12163,1.8166E+12,4.08705E-07
12164,1.8166E+12,4.08705E-07
12165,1.8166E+12,4.08705E-07
12166,1.8165E+12,4.0871E-07
12167,1.8165E+12,4.0871E-07
12168,1.8165E+12,4.0871E-07
12169,1.8164E+12,4.0871E-07
12170,1.8164E+12,4.08715E-07
12171,1.8163E+12,4.08715E-07
12172,1.8163E+12,4.08715E-07
12173,1.8163E+12,4.0872E-07
12174,1.8162E+12,4.0872E-07
12175,1.8162E+12,4.0872E-07
12176,1.8161E+12,4.0872E-07
12177,1.8161E+12,4.08725E-07
12178,1.8161E+12,4.08725E-07
12179,1.816E+12,4.08725E-07
12180,1.816E+12,4.08725E-07
12181,1.8159E+12,4.0873E-07
12182,1.8159E+12,4.0873E-07
12183,1.8159E+12,4.0873E-07
12184,1.8158E+12,4.0873E-07
12185,1.8158E+12,4.08735E-07
12186,1.8157E+12,4.08735E-07
12187,1.8157E+12,4.08735E-07
12188,1.8157E+12,4.0874E-07
12189,1.8156E+12,4.0874E-07
12190,1.8156E+12,4.0874E-07
12191,1.8155E+12,4.0874E-07
12192,1.8155E+12,4.08745E-07
12193,1.8155E+12,4.08745E-07
12194,1.8154E+12,4.08745E-07
12195,1.8154E+12,4.08745E-07
12196,1.8153E+12,4.0875E-07
12197,1.8153E+12,4.0875E-07
12198,1.8153E+12,4.0875E-07
12199,1.8152E+12,4.0875E-07
12200,1.8152E+12,4.08755E-07
12201,1.8152E+12,4.08755E-07
12202,1.8151E+12,4.08755E-07
12203,1.8151E+12,4.0876E-07
12204,1.815E+12,4.0876E-07
12205,1.815E+12,4.0876E-07
12206,1.815E+12,4.0876E-07
12207,1.8149E+12,4.08765E-07
12208,1.8149E+12,4.08765E-07
12209,1.8148E+12,4.08765E-07
12210,1.8148E+12,4.08765E-07
12211,1.8148E+12,4.0877E-07
12212,1.8147E+12,4.0877E-07
12213,1.8147E+12,4.0877E-07
12214,1.8146E+12,4.0877E-07
12215,1.8146E+12,4.08775E-07
12216,1.8146E+12,4.08775E-07
12217,1.8145E+12,4.08775E-07
12218,1.8145E+12,4.0878E-07
12219,1.8144E+12,4.0878E-07
12220,1.8144E+12,4.0878E-07
12221,1.8144E+12,4.0878E-07
12222,1.8143E+12,4.08785E-07
12223,1.8143E+12,4.08785E-07
12224,1.8143E+12,4.08785E-07
12225,1.8142E+12,4.08785E-07
12226,1.8142E+12,4.0879E-07
12227,1.8141E+12,4.0879E-07
12228,1.8141E+12,4.0879E-07
12229,1.8141E+12,4.0879E-07
12230,1.814E+12,4.08795E-07
12231,1.814E+12,4.08795E-07
12232,1.8139E+12,4.08795E-07
12233,1.8139E+12,4.08795E-07
12234,1.8139E+12,4.088E-07
12235,1.8138E+12,4.088E-07
12236,1.8138E+12,4.088E-07
12237,1.8137E+12,4.08805E-07
12238,1.8137E+12,4.08805E-07
12239,1.8137E+12,4.08805E-07
12240,1.8136E+12,4.08805E-07
12241,1.8136E+12,4.0881E-07
12242,1.8135E+12,4.0881E-07
12243,1.8135E+12,4.0881E-07
12244,1.8135E+12,4.0881E-07
12245,1.8134E+12,4.08815E-07
12246,1.8134E+12,4.08815E-07
12247,1.8134E+12,4.08815E-07
12248,1.8133E+12,4.08815E-07
12249,1.8133E+12,4.0882E-07
12250,1.8132E+12,4.0882E-07
12251,1.8132E+12,4.0882E-07
12252,1.8132E+12,4.08825E-07
12253,1.8131E+12,4.08825E-07
12254,1.8131E+12,4.08825E-07
12255,1.813E+12,4.08825E-07
12256,1.813E+12,4.0883E-07
12257,1.813E+12,4.0883E-07
12258,1.8129E+12,4.0883E-07
12259,1.8129E+12,4.0883E-07
12260,1.8128E+12,4.08835E-07
12261,1.8128E+12,4.08835E-07
12262,1.8128E+12,4.08835E-07
12263,1.8127E+12,4.08835E-07
12264,1.8127E+12,4.0884E-07
12265,1.8126E+12,4.0884E-07
12266,1.8126E+12,4.0884E-07
12267,1.8126E+12,4.0884E-07
12268,1.8125E+12,4.08845E-07
12269,1.8125E+12,4.08845E-07
12270,1.8125E+12,4.08845E-07
12271,1.8124E+12,4.0885E-07
12272,1.8124E+12,4.0885E-07
12273,1.8123E+12,4.0885E-07
12274,1.8123E+12,4.0885E-07
12275,1.8123E+12,4.08855E-07
12276,1.8122E+12,4.08855E-07
12277,1.8122E+12,4.08855E-07
12278,1.8121E+12,4.08855E-07
12279,1.8121E+12,4.0886E-07
12280,1.8121E+12,4.0886E-07
12281,1.812E+12,4.0886E-07
12282,1.812E+12,4.0886E-07
12283,1.8119E+12,4.08865E-07
12284,1.8119E+12,4.08865E-07
12285,1.8119E+12,4.08865E-07
12286,1.8118E+12,4.0887E-07
12287,1.8118E+12,4.0887E-07
12288,1.8118E+12,4.0887E-07
12289,1.8117E+12,4.0887E-07
12290,1.8117E+12,4.08875E-07
12291,1.8116E+12,4.08875E-07
12292,1.8116E+12,4.08875E-07
12293,1.8116E+12,4.08875E-07
12294,1.8115E+12,4.0888E-07
12295,1.8115E+12,4.0888E-07
12296,1.8114E+12,4.0888E-07
12297,1.8114E+12,4.0888E-07
12298,1.8114E+12,4.08885E-07
12299,1.8113E+12,4.08885E-07
12300,1.8113E+12,4.08885E-07
12301,1.8112E+12,4.08885E-07
12302,1.8112E+12,4.0889E-07
12303,1.8112E+12,4.0889E-07
12304,1.8111E+12,4.0889E-07
12305,1.8111E+12,4.08895E-07
12306,1.8111E+12,4.08895E-07
12307,1.811E+12,4.08895E-07
12308,1.811E+12,4.08895E-07
12309,1.8109E+12,4.089E-07
12310,1.8109E+12,4.089E-07
12311,1.8109E+12,4.089E-07
12312,1.8108E+12,4.089E-07
12313,1.8108E+12,4.08905E-07
12314,1.8107E+12,4.08905E-07
12315,1.8107E+12,4.08905E-07
12316,1.8107E+12,4.08905E-07
12317,1.8106E+12,4.0891E-07
12318,1.8106E+12,4.0891E-07
12319,1.8105E+12,4.0891E-07
12320,1.8105E+12,4.0891E-07
12321,1.8105E+12,4.08915E-07
12322,1.8104E+12,4.08915E-07
12323,1.8104E+12,4.08915E-07
12324,1.8104E+12,4.0892E-07
12325,1.8103E+12,4.0892E-07
12326,1.8103E+12,4.0892E-07
12327,1.8102E+12,4.0892E-07
12328,1.8102E+12,4.08925E-07
12329,1.8102E+12,4.08925E-07
12330,1.8101E+12,4.08925E-07
12331,1.8101E+12,4.08925E-07
12332,1.81E+12,4.0893E-07
12333,1.81E+12,4.0893E-07
12334,1.81E+12,4.0893E-07
12335,1.8099E+12,4.0893E-07
12336,1.8099E+12,4.08935E-07
12337,1.8098E+12,4.08935E-07
12338,1.8098E+12,4.08935E-07
12339,1.8098E+12,4.08935E-07
12340,1.8097E+12,4.0894E-07
12341,1.8097E+12,4.0894E-07
12342,1.8097E+12,4.0894E-07
12343,1.8096E+12,4.08945E-07
12344,1.8096E+12,4.08945E-07
12345,1.8095E+12,4.08945E-07
12346,1.8095E+12,4.08945E-07
12347,1.8095E+12,4.0895E-07
12348,1.8094E+12,4.0895E-07
12349,1.8094E+12,4.0895E-07
12350,1.8093E+12,4.0895E-07
12351,1.8093E+12,4.08955E-07
12352,1.8093E+12,4.08955E-07
12353,1.8092E+12,4.08955E-07
12354,1.8092E+12,4.08955E-07
12355,1.8092E+12,4.0896E-07
12356,1.8091E+12,4.0896E-07
12357,1.8091E+12,4.0896E-07
12358,1.809E+12,4.0896E-07
12359,1.809E+12,4.08965E-07
12360,1.809E+12,4.08965E-07
12361,1.8089E+12,4.08965E-07
12362,1.8089E+12,4.08965E-07
12363,1.8088E+12,4.0897E-07
12364,1.8088E+12,4.0897E-07
12365,1.8088E+12,4.0897E-07
12366,1.8087E+12,4.08975E-07
12367,1.8087E+12,4.08975E-07
12368,1.8087E+12,4.08975E-07
12369,1.8086E+12,4.08975E-07
12370,1.8086E+12,4.0898E-07
12371,1.8085E+12,4.0898E-07
12372,1.8085E+12,4.0898E-07
12373,1.8085E+12,4.0898E-07
12374,1.8084E+12,4.08985E-07
12375,1.8084E+12,4.08985E-07
12376,1.8083E+12,4.08985E-07
12377,1.8083E+12,4.08985E-07
12378,1.8083E+12,4.0899E-07
12379,1.8082E+12,4.0899E-07
12380,1.8082E+12,4.0899E-07
12381,1.8081E+12,4.0899E-07
12382,1.8081E+12,4.08995E-07
12383,1.8081E+12,4.08995E-07
12384,1.808E+12,4.08995E-07
12385,1.808E+12,0.000000409
12386,1.808E+12,0.000000409
12387,1.8079E+12,0.000000409
12388,1.8079E+12,0.000000409
12389,1.8078E+12,4.09005E-07
12390,1.8078E+12,4.09005E-07
12391,1.8078E+12,4.09005E-07
12392,1.8077E+12,4.09005E-07
12393,1.8077E+12,4.0901E-07
12394,1.8076E+12,4.0901E-07
12395,1.8076E+12,4.0901E-07
12396,1.8076E+12,4.0901E-07
12397,1.8075E+12,4.09015E-07
12398,1.8075E+12,4.09015E-07
12399,1.8075E+12,4.09015E-07
12400,1.8074E+12,4.09015E-07
12401,1.8074E+12,4.0902E-07
12402,1.8073E+12,4.0902E-07
12403,1.8073E+12,4.0902E-07
12404,1.8073E+12,4.0902E-07
12405,1.8072E+12,4.09025E-07
12406,1.8072E+12,4.09025E-07
12407,1.8071E+12,4.09025E-07
12408,1.8071E+12,4.0903E-07
12409,1.8071E+12,4.0903E-07
12410,1.807E+12,4.0903E-07
12411,1.807E+12,4.0903E-07
12412,1.807E+12,4.09035E-07
12413,1.8069E+12,4.09035E-07
12414,1.8069E+12,4.09035E-07
12415,1.8068E+12,4.09035E-07
12416,1.8068E+12,4.0904E-07
12417,1.8068E+12,4.0904E-07
12418,1.8067E+12,4.0904E-07
12419,1.8067E+12,4.0904E-07
12420,1.8066E+12,4.09045E-07
12421,1.8066E+12,4.09045E-07
12422,1.8066E+12,4.09045E-07
12423,1.8065E+12,4.09045E-07
12424,1.8065E+12,4.0905E-07
12425,1.8065E+12,4.0905E-07
12426,1.8064E+12,4.0905E-07
12427,1.8064E+12,4.0905E-07
12428,1.8063E+12,4.09055E-07
12429,1.8063E+12,4.09055E-07
12430,1.8063E+12,4.09055E-07
12431,1.8062E+12,4.0906E-07
12432,1.8062E+12,4.0906E-07
12433,1.8062E+12,4.0906E-07
12434,1.8061E+12,4.0906E-07
12435,1.8061E+12,4.09065E-07
12436,1.806E+12,4.09065E-07
12437,1.806E+12,4.09065E-07
12438,1.806E+12,4.09065E-07
12439,1.8059E+12,4.0907E-07
12440,1.8059E+12,4.0907E-07
12441,1.8058E+12,4.0907E-07
12442,1.8058E+12,4.0907E-07
12443,1.8058E+12,4.09075E-07
12444,1.8057E+12,4.09075E-07
12445,1.8057E+12,4.09075E-07
12446,1.8057E+12,4.09075E-07
12447,1.8056E+12,4.0908E-07
12448,1.8056E+12,4.0908E-07
12449,1.8055E+12,4.0908E-07
12450,1.8055E+12,4.0908E-07
12451,1.8055E+12,4.09085E-07
12452,1.8054E+12,4.09085E-07
12453,1.8054E+12,4.09085E-07
12454,1.8053E+12,4.09085E-07
12455,1.8053E+12,4.0909E-07
12456,1.8053E+12,4.0909E-07
12457,1.8052E+12,4.0909E-07
12458,1.8052E+12,4.09095E-07
12459,1.8052E+12,4.09095E-07
12460,1.8051E+12,4.09095E-07
12461,1.8051E+12,4.09095E-07
12462,1.805E+12,4.091E-07
12463,1.805E+12,4.091E-07
12464,1.805E+12,4.091E-07
12465,1.8049E+12,4.091E-07
12466,1.8049E+12,4.09105E-07
12467,1.8048E+12,4.09105E-07
12468,1.8048E+12,4.09105E-07
12469,1.8048E+12,4.09105E-07
12470,1.8047E+12,4.0911E-07
12471,1.8047E+12,4.0911E-07
12472,1.8047E+12,4.0911E-07
12473,1.8046E+12,4.0911E-07
12474,1.8046E+12,4.09115E-07
12475,1.8045E+12,4.09115E-07
12476,1.8045E+12,4.09115E-07
12477,1.8045E+12,4.09115E-07
12478,1.8044E+12,4.0912E-07
12479,1.8044E+12,4.0912E-07
12480,1.8044E+12,4.0912E-07
12481,1.8043E+12,4.09125E-07
12482,1.8043E+12,4.09125E-07
12483,1.8042E+12,4.09125E-07
12484,1.8042E+12,4.09125E-07
12485,1.8042E+12,4.0913E-07
12486,1.8041E+12,4.0913E-07
12487,1.8041E+12,4.0913E-07
12488,1.804E+12,4.0913E-07
12489,1.804E+12,4.09135E-07
12490,1.804E+12,4.09135E-07
12491,1.8039E+12,4.09135E-07
12492,1.8039E+12,4.09135E-07
12493,1.8039E+12,4.0914E-07
12494,1.8038E+12,4.0914E-07
12495,1.8038E+12,4.0914E-07
12496,1.8037E+12,4.0914E-07
12497,1.8037E+12,4.09145E-07
12498,1.8037E+12,4.09145E-07
12499,1.8036E+12,4.09145E-07
12500,1.8036E+12,4.09145E-07
12501,1.8036E+12,4.0915E-07
12502,1.8035E+12,4.0915E-07
12503,1.8035E+12,4.0915E-07
12504,1.8034E+12,4.0915E-07
12505,1.8034E+12,4.09155E-07
12506,1.8034E+12,4.09155E-07
12507,1.8033E+12,4.09155E-07
12508,1.8033E+12,4.0916E-07
12509,1.8032E+12,4.0916E-07
12510,1.8032E+12,4.0916E-07
12511,1.8032E+12,4.0916E-07
12512,1.8031E+12,4.09165E-07
12513,1.8031E+12,4.09165E-07
12514,1.8031E+12,4.09165E-07
12515,1.803E+12,4.09165E-07
12516,1.803E+12,4.0917E-07
12517,1.8029E+12,4.0917E-07
12518,1.8029E+12,4.0917E-07
12519,1.8029E+12,4.0917E-07
12520,1.8028E+12,4.09175E-07
12521,1.8028E+12,4.09175E-07
12522,1.8028E+12,4.09175E-07
12523,1.8027E+12,4.09175E-07
12524,1.8027E+12,4.0918E-07
12525,1.8026E+12,4.0918E-07
12526,1.8026E+12,4.0918E-07
12527,1.8026E+12,4.0918E-07
12528,1.8025E+12,4.09185E-07
12529,1.8025E+12,4.09185E-07
12530,1.8025E+12,4.09185E-07
12531,1.8024E+12,4.09185E-07
12532,1.8024E+12,4.0919E-07
12533,1.8023E+12,4.0919E-07
12534,1.8023E+12,4.0919E-07
12535,1.8023E+12,4.0919E-07
12536,1.8022E+12,4.09195E-07
12537,1.8022E+12,4.09195E-07
12538,1.8021E+12,4.09195E-07
12539,1.8021E+12,4.092E-07
12540,1.8021E+12,4.092E-07
12541,1.802E+12,4.092E-07
12542,1.802E+12,4.092E-07
12543,1.802E+12,4.09205E-07
12544,1.8019E+12,4.09205E-07
12545,1.8019E+12,4.09205E-07
12546,1.8018E+12,4.09205E-07
12547,1.8018E+12,4.0921E-07
12548,1.8018E+12,4.0921E-07
12549,1.8017E+12,4.0921E-07
12550,1.8017E+12,4.0921E-07
12551,1.8017E+12,4.09215E-07
12552,1.8016E+12,4.09215E-07
12553,1.8016E+12,4.09215E-07
12554,1.8015E+12,4.09215E-07
12555,1.8015E+12,4.0922E-07
12556,1.8015E+12,4.0922E-07
12557,1.8014E+12,4.0922E-07
12558,1.8014E+12,4.0922E-07
12559,1.8014E+12,4.09225E-07
12560,1.8013E+12,4.09225E-07
12561,1.8013E+12,4.09225E-07
12562,1.8012E+12,4.09225E-07
12563,1.8012E+12,4.0923E-07
12564,1.8012E+12,4.0923E-07
12565,1.8011E+12,4.0923E-07
12566,1.8011E+12,4.0923E-07
12567,1.8011E+12,4.09235E-07
12568,1.801E+12,4.09235E-07
12569,1.801E+12,4.09235E-07
12570,1.8009E+12,4.0924E-07
12571,1.8009E+12,4.0924E-07
12572,1.8009E+12,4.0924E-07
12573,1.8008E+12,4.0924E-07
12574,1.8008E+12,4.09245E-07
12575,1.8007E+12,4.09245E-07
12576,1.8007E+12,4.09245E-07
12577,1.8007E+12,4.09245E-07
12578,1.8006E+12,4.0925E-07
12579,1.8006E+12,4.0925E-07
12580,1.8006E+12,4.0925E-07
12581,1.8005E+12,4.0925E-07
12582,1.8005E+12,4.09255E-07
12583,1.8004E+12,4.09255E-07
12584,1.8004E+12,4.09255E-07
12585,1.8004E+12,4.09255E-07
12586,1.8003E+12,4.0926E-07
12587,1.8003E+12,4.0926E-07
12588,1.8003E+12,4.0926E-07
12589,1.8002E+12,4.0926E-07
12590,1.8002E+12,4.09265E-07
12591,1.8001E+12,4.09265E-07
12592,1.8001E+12,4.09265E-07
12593,1.8001E+12,4.09265E-07
12594,1.8E+12,4.0927E-07
12595,1.8E+12,4.0927E-07
12596,1.8E+12,4.0927E-07
12597,1.7999E+12,4.0927E-07
12598,1.7999E+12,4.09275E-07
12599,1.7998E+12,4.09275E-07
12600,1.7998E+12,4.09275E-07
12601,1.7998E+12,4.09275E-07
12602,1.7997E+12,4.0928E-07
12603,1.7997E+12,4.0928E-07
12604,1.7997E+12,4.0928E-07
12605,1.7996E+12,4.09285E-07
12606,1.7996E+12,4.09285E-07
12607,1.7995E+12,4.09285E-07
12608,1.7995E+12,4.09285E-07
12609,1.7995E+12,4.0929E-07
12610,1.7994E+12,4.0929E-07
12611,1.7994E+12,4.0929E-07
12612,1.7994E+12,4.0929E-07
12613,1.7993E+12,4.09295E-07
12614,1.7993E+12,4.09295E-07
12615,1.7992E+12,4.09295E-07
12616,1.7992E+12,4.09295E-07
12617,1.7992E+12,4.093E-07
12618,1.7991E+12,4.093E-07
12619,1.7991E+12,4.093E-07
12620,1.7991E+12,4.093E-07
12621,1.799E+12,4.09305E-07
12622,1.799E+12,4.09305E-07
12623,1.7989E+12,4.09305E-07
12624,1.7989E+12,4.09305E-07
12625,1.7989E+12,4.0931E-07
12626,1.7988E+12,4.0931E-07
12627,1.7988E+12,4.0931E-07
12628,1.7988E+12,4.0931E-07
12629,1.7987E+12,4.09315E-07
12630,1.7987E+12,4.09315E-07
12631,1.7986E+12,4.09315E-07
12632,1.7986E+12,4.09315E-07
12633,1.7986E+12,4.0932E-07
12634,1.7985E+12,4.0932E-07
12635,1.7985E+12,4.0932E-07
12636,1.7985E+12,4.0932E-07
12637,1.7984E+12,4.09325E-07
12638,1.7984E+12,4.09325E-07
12639,1.7983E+12,4.09325E-07
12640,1.7983E+12,4.09325E-07
12641,1.7983E+12,4.0933E-07
12642,1.7982E+12,4.0933E-07
12643,1.7982E+12,4.0933E-07
12644,1.7982E+12,4.0933E-07
12645,1.7981E+12,4.09335E-07
12646,1.7981E+12,4.09335E-07
12647,1.798E+12,4.09335E-07
12648,1.798E+12,4.0934E-07
12649,1.798E+12,4.0934E-07
12650,1.7979E+12,4.0934E-07
12651,1.7979E+12,4.0934E-07
12652,1.7979E+12,4.09345E-07
12653,1.7978E+12,4.09345E-07
12654,1.7978E+12,4.09345E-07
12655,1.7977E+12,4.09345E-07
12656,1.7977E+12,4.0935E-07
12657,1.7977E+12,4.0935E-07
12658,1.7976E+12,4.0935E-07
12659,1.7976E+12,4.0935E-07
12660,1.7976E+12,4.09355E-07
12661,1.7975E+12,4.09355E-07
12662,1.7975E+12,4.09355E-07
12663,1.7974E+12,4.09355E-07
12664,1.7974E+12,4.0936E-07
12665,1.7974E+12,4.0936E-07
12666,1.7973E+12,4.0936E-07
12667,1.7973E+12,4.0936E-07
12668,1.7973E+12,4.09365E-07
12669,1.7972E+12,4.09365E-07
12670,1.7972E+12,4.09365E-07
12671,1.7971E+12,4.09365E-07
12672,1.7971E+12,4.0937E-07
12673,1.7971E+12,4.0937E-07
12674,1.797E+12,4.0937E-07
12675,1.797E+12,4.0937E-07
12676,1.797E+12,4.09375E-07
12677,1.7969E+12,4.09375E-07
12678,1.7969E+12,4.09375E-07
12679,1.7968E+12,4.09375E-07
12680,1.7968E+12,4.0938E-07
12681,1.7968E+12,4.0938E-07
12682,1.7967E+12,4.0938E-07
12683,1.7967E+12,4.0938E-07
12684,1.7967E+12,4.09385E-07
12685,1.7966E+12,4.09385E-07
12686,1.7966E+12,4.09385E-07
12687,1.7965E+12,4.09385E-07
12688,1.7965E+12,4.0939E-07
12689,1.7965E+12,4.0939E-07
12690,1.7964E+12,4.0939E-07
12691,1.7964E+12,4.0939E-07
12692,1.7964E+12,4.09395E-07
12693,1.7963E+12,4.09395E-07
12694,1.7963E+12,4.09395E-07
12695,1.7962E+12,4.094E-07
12696,1.7962E+12,4.094E-07
12697,1.7962E+12,4.094E-07
12698,1.7961E+12,4.094E-07
12699,1.7961E+12,4.09405E-07
12700,1.7961E+12,4.09405E-07
12701,1.796E+12,4.09405E-07
12702,1.796E+12,4.09405E-07
12703,1.7959E+12,4.0941E-07
12704,1.7959E+12,4.0941E-07
12705,1.7959E+12,4.0941E-07
12706,1.7958E+12,4.0941E-07
12707,1.7958E+12,4.09415E-07
12708,1.7958E+12,4.09415E-07
12709,1.7957E+12,4.09415E-07
12710,1.7957E+12,4.09415E-07
12711,1.7956E+12,4.0942E-07
12712,1.7956E+12,4.0942E-07
12713,1.7956E+12,4.0942E-07
12714,1.7955E+12,4.0942E-07
12715,1.7955E+12,4.09425E-07
12716,1.7955E+12,4.09425E-07
12717,1.7954E+12,4.09425E-07
12718,1.7954E+12,4.09425E-07
12719,1.7954E+12,4.0943E-07
12720,1.7953E+12,4.0943E-07
12721,1.7953E+12,4.0943E-07
12722,1.7952E+12,4.0943E-07
12723,1.7952E+12,4.09435E-07
12724,1.7952E+12,4.09435E-07
12725,1.7951E+12,4.09435E-07
12726,1.7951E+12,4.09435E-07
12727,1.7951E+12,4.0944E-07
12728,1.795E+12,4.0944E-07
12729,1.795E+12,4.0944E-07
12730,1.7949E+12,4.0944E-07
12731,1.7949E+12,4.09445E-07
12732,1.7949E+12,4.09445E-07
12733,1.7948E+12,4.09445E-07
12734,1.7948E+12,4.09445E-07
12735,1.7948E+12,4.0945E-07
12736,1.7947E+12,4.0945E-07
12737,1.7947E+12,4.0945E-07
12738,1.7946E+12,4.0945E-07
12739,1.7946E+12,4.09455E-07
12740,1.7946E+12,4.09455E-07
12741,1.7945E+12,4.09455E-07
12742,1.7945E+12,4.09455E-07
12743,1.7945E+12,4.0946E-07
12744,1.7944E+12,4.0946E-07
12745,1.7944E+12,4.0946E-07
12746,1.7943E+12,4.0946E-07
12747,1.7943E+12,4.09465E-07
12748,1.7943E+12,4.09465E-07
12749,1.7942E+12,4.09465E-07
12750,1.7942E+12,4.09465E-07
12751,1.7942E+12,4.0947E-07
12752,1.7941E+12,4.0947E-07
12753,1.7941E+12,4.0947E-07
12754,1.7941E+12,4.09475E-07
12755,1.794E+12,4.09475E-07
12756,1.794E+12,4.09475E-07
12757,1.7939E+12,4.09475E-07
12758,1.7939E+12,4.0948E-07
12759,1.7939E+12,4.0948E-07
12760,1.7938E+12,4.0948E-07
12761,1.7938E+12,4.0948E-07
12762,1.7938E+12,4.09485E-07
12763,1.7937E+12,4.09485E-07
12764,1.7937E+12,4.09485E-07
12765,1.7936E+12,4.09485E-07
12766,1.7936E+12,4.0949E-07
12767,1.7936E+12,4.0949E-07
12768,1.7935E+12,4.0949E-07
12769,1.7935E+12,4.0949E-07
12770,1.7935E+12,4.09495E-07
12771,1.7934E+12,4.09495E-07
12772,1.7934E+12,4.09495E-07
12773,1.7933E+12,4.09495E-07
12774,1.7933E+12,4.095E-07
12775,1.7933E+12,4.095E-07
12776,1.7932E+12,4.095E-07
12777,1.7932E+12,4.095E-07
12778,1.7932E+12,4.09505E-07
12779,1.7931E+12,4.09505E-07
12780,1.7931E+12,4.09505E-07
12781,1.7931E+12,4.09505E-07
12782,1.793E+12,4.0951E-07
12783,1.793E+12,4.0951E-07
12784,1.7929E+12,4.0951E-07
12785,1.7929E+12,4.0951E-07
12786,1.7929E+12,4.09515E-07
12787,1.7928E+12,4.09515E-07
12788,1.7928E+12,4.09515E-07
12789,1.7928E+12,4.09515E-07
12790,1.7927E+12,4.0952E-07
12791,1.7927E+12,4.0952E-07
12792,1.7926E+12,4.0952E-07
12793,1.7926E+12,4.0952E-07
12794,1.7926E+12,4.09525E-07
12795,1.7925E+12,4.09525E-07
12796,1.7925E+12,4.09525E-07
12797,1.7925E+12,4.09525E-07
12798,1.7924E+12,4.0953E-07
12799,1.7924E+12,4.0953E-07
12800,1.7923E+12,4.0953E-07
12801,1.7923E+12,4.0953E-07
12802,1.7923E+12,4.09535E-07
12803,1.7922E+12,4.09535E-07
12804,1.7922E+12,4.09535E-07
12805,1.7922E+12,4.09535E-07
12806,1.7921E+12,4.0954E-07
12807,1.7921E+12,4.0954E-07
12808,1.7921E+12,4.0954E-07
12809,1.792E+12,4.0954E-07
12810,1.792E+12,4.09545E-07
12811,1.7919E+12,4.09545E-07
12812,1.7919E+12,4.09545E-07
12813,1.7919E+12,4.09545E-07
12814,1.7918E+12,4.0955E-07
12815,1.7918E+12,4.0955E-07
12816,1.7918E+12,4.0955E-07
12817,1.7917E+12,4.0955E-07
12818,1.7917E+12,4.09555E-07
12819,1.7916E+12,4.09555E-07
12820,1.7916E+12,4.09555E-07
12821,1.7916E+12,4.09555E-07
12822,1.7915E+12,4.0956E-07
12823,1.7915E+12,4.0956E-07
12824,1.7915E+12,4.0956E-07
12825,1.7914E+12,4.0956E-07
12826,1.7914E+12,4.09565E-07
12827,1.7914E+12,4.09565E-07
12828,1.7913E+12,4.09565E-07
12829,1.7913E+12,4.09565E-07
12830,1.7912E+12,4.0957E-07
12831,1.7912E+12,4.0957E-07
12832,1.7912E+12,4.0957E-07
12833,1.7911E+12,4.0957E-07
12834,1.7911E+12,4.09575E-07
12835,1.7911E+12,4.09575E-07
12836,1.791E+12,4.09575E-07
12837,1.791E+12,4.09575E-07
12838,1.7909E+12,4.0958E-07
12839,1.7909E+12,4.0958E-07
12840,1.7909E+12,4.0958E-07
12841,1.7908E+12,4.0958E-07
12842,1.7908E+12,4.09585E-07
12843,1.7908E+12,4.09585E-07
12844,1.7907E+12,4.09585E-07
12845,1.7907E+12,4.09585E-07
12846,1.7907E+12,4.0959E-07
12847,1.7906E+12,4.0959E-07
12848,1.7906E+12,4.0959E-07
12849,1.7905E+12,4.0959E-07
12850,1.7905E+12,4.09595E-07
12851,1.7905E+12,4.09595E-07
12852,1.7904E+12,4.09595E-07
12853,1.7904E+12,4.096E-07
12854,1.7904E+12,4.096E-07
12855,1.7903E+12,4.096E-07
12856,1.7903E+12,4.096E-07
12857,1.7903E+12,4.09605E-07
12858,1.7902E+12,4.09605E-07
12859,1.7902E+12,4.09605E-07
12860,1.7901E+12,4.09605E-07
12861,1.7901E+12,4.0961E-07
12862,1.7901E+12,4.0961E-07
12863,1.79E+12,4.0961E-07
12864,1.79E+12,4.0961E-07
12865,1.79E+12,4.09615E-07
12866,1.7899E+12,4.09615E-07
12867,1.7899E+12,4.09615E-07
12868,1.7898E+12,4.09615E-07
12869,1.7898E+12,4.0962E-07
12870,1.7898E+12,4.0962E-07
12871,1.7897E+12,4.0962E-07
12872,1.7897E+12,4.0962E-07
12873,1.7897E+12,4.09625E-07
12874,1.7896E+12,4.09625E-07
12875,1.7896E+12,4.09625E-07
12876,1.7896E+12,4.09625E-07
12877,1.7895E+12,4.0963E-07
12878,1.7895E+12,4.0963E-07
12879,1.7894E+12,4.0963E-07
12880,1.7894E+12,4.0963E-07
12881,1.7894E+12,4.09635E-07
12882,1.7893E+12,4.09635E-07
12883,1.7893E+12,4.09635E-07
12884,1.7893E+12,4.09635E-07
12885,1.7892E+12,4.0964E-07
12886,1.7892E+12,4.0964E-07
12887,1.7892E+12,4.0964E-07
12888,1.7891E+12,4.0964E-07
12889,1.7891E+12,4.09645E-07
12890,1.789E+12,4.09645E-07
12891,1.789E+12,4.09645E-07
12892,1.789E+12,4.09645E-07
12893,1.7889E+12,4.0965E-07
12894,1.7889E+12,4.0965E-07
12895,1.7889E+12,4.0965E-07
12896,1.7888E+12,4.0965E-07
12897,1.7888E+12,4.09655E-07
12898,1.7888E+12,4.09655E-07
12899,1.7887E+12,4.09655E-07
12900,1.7887E+12,4.09655E-07
12901,1.7886E+12,4.0966E-07
12902,1.7886E+12,4.0966E-07
12903,1.7886E+12,4.0966E-07
12904,1.7885E+12,4.0966E-07
12905,1.7885E+12,4.09665E-07
12906,1.7885E+12,4.09665E-07
12907,1.7884E+12,4.09665E-07
12908,1.7884E+12,4.09665E-07
12909,1.7883E+12,4.0967E-07
12910,1.7883E+12,4.0967E-07
12911,1.7883E+12,4.0967E-07
12912,1.7882E+12,4.0967E-07
12913,1.7882E+12,4.09675E-07
12914,1.7882E+12,4.09675E-07
12915,1.7881E+12,4.09675E-07
12916,1.7881E+12,4.09675E-07
12917,1.7881E+12,4.0968E-07
12918,1.788E+12,4.0968E-07
12919,1.788E+12,4.0968E-07
12920,1.7879E+12,4.0968E-07
12921,1.7879E+12,4.09685E-07
12922,1.7879E+12,4.09685E-07
12923,1.7878E+12,4.09685E-07
12924,1.7878E+12,4.09685E-07
12925,1.7878E+12,4.0969E-07
12926,1.7877E+12,4.0969E-07
12927,1.7877E+12,4.0969E-07
12928,1.7877E+12,4.0969E-07
12929,1.7876E+12,4.09695E-07
12930,1.7876E+12,4.09695E-07
12931,1.7875E+12,4.09695E-07
12932,1.7875E+12,4.09695E-07
12933,1.7875E+12,4.097E-07
12934,1.7874E+12,4.097E-07
12935,1.7874E+12,4.097E-07
12936,1.7874E+12,4.097E-07
12937,1.7873E+12,4.09705E-07
12938,1.7873E+12,4.09705E-07
12939,1.7873E+12,4.09705E-07
12940,1.7872E+12,4.09705E-07
12941,1.7872E+12,4.0971E-07
12942,1.7871E+12,4.0971E-07
12943,1.7871E+12,4.0971E-07
12944,1.7871E+12,4.0971E-07
12945,1.787E+12,4.09715E-07
12946,1.787E+12,4.09715E-07
12947,1.787E+12,4.09715E-07
12948,1.7869E+12,4.09715E-07
12949,1.7869E+12,4.0972E-07
12950,1.7869E+12,4.0972E-07
12951,1.7868E+12,4.0972E-07
12952,1.7868E+12,4.0972E-07
12953,1.7867E+12,4.09725E-07
12954,1.7867E+12,4.09725E-07
12955,1.7867E+12,4.09725E-07
12956,1.7866E+12,4.09725E-07
12957,1.7866E+12,4.0973E-07
12958,1.7866E+12,4.0973E-07
12959,1.7865E+12,4.0973E-07
12960,1.7865E+12,4.0973E-07
12961,1.7865E+12,4.09735E-07
12962,1.7864E+12,4.09735E-07
12963,1.7864E+12,4.09735E-07
12964,1.7863E+12,4.09735E-07
12965,1.7863E+12,4.0974E-07
12966,1.7863E+12,4.0974E-07
12967,1.7862E+12,4.0974E-07
12968,1.7862E+12,4.0974E-07
12969,1.7862E+12,4.09745E-07
12970,1.7861E+12,4.09745E-07
12971,1.7861E+12,4.09745E-07
12972,1.7861E+12,4.09745E-07
12973,1.786E+12,4.0975E-07
12974,1.786E+12,4.0975E-07
12975,1.7859E+12,4.0975E-07
12976,1.7859E+12,4.0975E-07
12977,1.7859E+12,4.09755E-07
12978,1.7858E+12,4.09755E-07
12979,1.7858E+12,4.09755E-07
12980,1.7858E+12,4.09755E-07
12981,1.7857E+12,4.0976E-07
12982,1.7857E+12,4.0976E-07
12983,1.7857E+12,4.0976E-07
12984,1.7856E+12,4.0976E-07
12985,1.7856E+12,4.09765E-07
12986,1.7856E+12,4.09765E-07
12987,1.7855E+12,4.09765E-07
12988,1.7855E+12,4.09765E-07
12989,1.7854E+12,4.0977E-07
12990,1.7854E+12,4.0977E-07
12991,1.7854E+12,4.0977E-07
12992,1.7853E+12,4.0977E-07
12993,1.7853E+12,4.0977E-07
12994,1.7853E+12,4.09775E-07
12995,1.7852E+12,4.09775E-07
12996,1.7852E+12,4.09775E-07
12997,1.7852E+12,4.09775E-07
12998,1.7851E+12,4.0978E-07
12999,1.7851E+12,4.0978E-07
13000,1.785E+12,4.0978E-07
13001,1.785E+12,4.0978E-07
13002,1.785E+12,4.09785E-07
13003,1.7849E+12,4.09785E-07
13004,1.7849E+12,4.09785E-07
13005,1.7849E+12,4.09785E-07
13006,1.7848E+12,4.0979E-07
13007,1.7848E+12,4.0979E-07
13008,1.7848E+12,4.0979E-07
13009,1.7847E+12,4.0979E-07
13010,1.7847E+12,4.09795E-07
13011,1.7846E+12,4.09795E-07
13012,1.7846E+12,4.09795E-07
13013,1.7846E+12,4.09795E-07
13014,1.7845E+12,4.098E-07
13015,1.7845E+12,4.098E-07
13016,1.7845E+12,4.098E-07
13017,1.7844E+12,4.098E-07
13018,1.7844E+12,4.09805E-07
13019,1.7844E+12,4.09805E-07
13020,1.7843E+12,4.09805E-07
13021,1.7843E+12,4.09805E-07
13022,1.7842E+12,4.0981E-07
13023,1.7842E+12,4.0981E-07
13024,1.7842E+12,4.0981E-07
13025,1.7841E+12,4.0981E-07
13026,1.7841E+12,4.09815E-07
13027,1.7841E+12,4.09815E-07
13028,1.784E+12,4.09815E-07
13029,1.784E+12,4.09815E-07
13030,1.784E+12,4.0982E-07
13031,1.7839E+12,4.0982E-07
13032,1.7839E+12,4.0982E-07
13033,1.7839E+12,4.0982E-07
13034,1.7838E+12,4.09825E-07
13035,1.7838E+12,4.09825E-07
13036,1.7837E+12,4.09825E-07
13037,1.7837E+12,4.09825E-07
13038,1.7837E+12,4.0983E-07
13039,1.7836E+12,4.0983E-07
13040,1.7836E+12,4.0983E-07
13041,1.7836E+12,4.0983E-07
13042,1.7835E+12,4.09835E-07
13043,1.7835E+12,4.09835E-07
13044,1.7835E+12,4.09835E-07
13045,1.7834E+12,4.09835E-07
13046,1.7834E+12,4.0984E-07
13047,1.7833E+12,4.0984E-07
13048,1.7833E+12,4.0984E-07
13049,1.7833E+12,4.0984E-07
13050,1.7832E+12,4.09845E-07
13051,1.7832E+12,4.09845E-07
13052,1.7832E+12,4.09845E-07
13053,1.7831E+12,4.09845E-07
13054,1.7831E+12,4.0985E-07
13055,1.7831E+12,4.0985E-07
13056,1.783E+12,4.0985E-07
13057,1.783E+12,4.0985E-07
13058,1.783E+12,4.09855E-07
13059,1.7829E+12,4.09855E-07
13060,1.7829E+12,4.09855E-07
13061,1.7828E+12,4.09855E-07
13062,1.7828E+12,4.0986E-07
13063,1.7828E+12,4.0986E-07
13064,1.7827E+12,4.0986E-07
13065,1.7827E+12,4.0986E-07
13066,1.7827E+12,4.09865E-07
13067,1.7826E+12,4.09865E-07
13068,1.7826E+12,4.09865E-07
13069,1.7826E+12,4.09865E-07
13070,1.7825E+12,4.0987E-07
13071,1.7825E+12,4.0987E-07
13072,1.7824E+12,4.0987E-07
13073,1.7824E+12,4.0987E-07
13074,1.7824E+12,4.09875E-07
13075,1.7823E+12,4.09875E-07
13076,1.7823E+12,4.09875E-07
13077,1.7823E+12,4.09875E-07
13078,1.7822E+12,4.0988E-07
13079,1.7822E+12,4.0988E-07
13080,1.7822E+12,4.0988E-07
13081,1.7821E+12,4.0988E-07
13082,1.7821E+12,4.09885E-07
13083,1.7821E+12,4.09885E-07
13084,1.782E+12,4.09885E-07
13085,1.782E+12,4.09885E-07
13086,1.7819E+12,4.0989E-07
13087,1.7819E+12,4.0989E-07
13088,1.7819E+12,4.0989E-07
13089,1.7818E+12,4.0989E-07
13090,1.7818E+12,4.09895E-07
13091,1.7818E+12,4.09895E-07
13092,1.7817E+12,4.09895E-07
13093,1.7817E+12,4.09895E-07
13094,1.7817E+12,4.09895E-07
13095,1.7816E+12,4.099E-07
13096,1.7816E+12,4.099E-07
13097,1.7816E+12,4.099E-07
13098,1.7815E+12,4.099E-07
13099,1.7815E+12,4.09905E-07
13100,1.7814E+12,4.09905E-07
13101,1.7814E+12,4.09905E-07
13102,1.7814E+12,4.09905E-07
13103,1.7813E+12,4.0991E-07
13104,1.7813E+12,4.0991E-07
13105,1.7813E+12,4.0991E-07
13106,1.7812E+12,4.0991E-07
13107,1.7812E+12,4.09915E-07
13108,1.7812E+12,4.09915E-07
13109,1.7811E+12,4.09915E-07
13110,1.7811E+12,4.09915E-07
13111,1.7811E+12,4.0992E-07
13112,1.781E+12,4.0992E-07
13113,1.781E+12,4.0992E-07
13114,1.7809E+12,4.0992E-07
13115,1.7809E+12,4.09925E-07
13116,1.7809E+12,4.09925E-07
13117,1.7808E+12,4.09925E-07
13118,1.7808E+12,4.09925E-07
13119,1.7808E+12,4.0993E-07
13120,1.7807E+12,4.0993E-07
13121,1.7807E+12,4.0993E-07
13122,1.7807E+12,4.0993E-07
13123,1.7806E+12,4.09935E-07
13124,1.7806E+12,4.09935E-07
13125,1.7806E+12,4.09935E-07
13126,1.7805E+12,4.09935E-07
13127,1.7805E+12,4.0994E-07
13128,1.7804E+12,4.0994E-07
13129,1.7804E+12,4.0994E-07
13130,1.7804E+12,4.0994E-07
13131,1.7803E+12,4.09945E-07
13132,1.7803E+12,4.09945E-07
13133,1.7803E+12,4.09945E-07
13134,1.7802E+12,4.09945E-07
13135,1.7802E+12,4.0995E-07
13136,1.7802E+12,4.0995E-07
13137,1.7801E+12,4.0995E-07
13138,1.7801E+12,4.0995E-07
13139,1.7801E+12,4.09955E-07
13140,1.78E+12,4.09955E-07
13141,1.78E+12,4.09955E-07
13142,1.7799E+12,4.09955E-07
13143,1.7799E+12,4.0996E-07
13144,1.7799E+12,4.0996E-07
13145,1.7798E+12,4.0996E-07
13146,1.7798E+12,4.0996E-07
13147,1.7798E+12,4.09965E-07
13148,1.7797E+12,4.09965E-07
13149,1.7797E+12,4.09965E-07
13150,1.7797E+12,4.09965E-07
13151,1.7796E+12,4.0997E-07
13152,1.7796E+12,4.0997E-07
13153,1.7796E+12,4.0997E-07
13154,1.7795E+12,4.0997E-07
13155,1.7795E+12,4.0997E-07
13156,1.7794E+12,4.09975E-07
13157,1.7794E+12,4.09975E-07
13158,1.7794E+12,4.09975E-07
13159,1.7793E+12,4.09975E-07
13160,1.7793E+12,4.0998E-07
13161,1.7793E+12,4.0998E-07
13162,1.7792E+12,4.0998E-07
13163,1.7792E+12,4.0998E-07
13164,1.7792E+12,4.09985E-07
13165,1.7791E+12,4.09985E-07
13166,1.7791E+12,4.09985E-07
13167,1.7791E+12,4.09985E-07
13168,1.779E+12,4.0999E-07
13169,1.779E+12,4.0999E-07
13170,1.7789E+12,4.0999E-07
13171,1.7789E+12,4.0999E-07
13172,1.7789E+12,4.09995E-07
13173,1.7788E+12,4.09995E-07
13174,1.7788E+12,4.09995E-07
13175,1.7788E+12,4.09995E-07
13176,1.7787E+12,0.00000041
13177,1.7787E+12,0.00000041
13178,1.7787E+12,0.00000041
13179,1.7786E+12,0.00000041
13180,1.7786E+12,4.10005E-07
13181,1.7786E+12,4.10005E-07
13182,1.7785E+12,4.10005E-07
13183,1.7785E+12,4.10005E-07
13184,1.7785E+12,4.1001E-07
13185,1.7784E+12,4.1001E-07
13186,1.7784E+12,4.1001E-07
13187,1.7783E+12,4.1001E-07
13188,1.7783E+12,4.10015E-07
13189,1.7783E+12,4.10015E-07
13190,1.7782E+12,4.10015E-07
13191,1.7782E+12,4.10015E-07
13192,1.7782E+12,4.1002E-07
13193,1.7781E+12,4.1002E-07
13194,1.7781E+12,4.1002E-07
13195,1.7781E+12,4.1002E-07
13196,1.778E+12,4.10025E-07
13197,1.778E+12,4.10025E-07
13198,1.778E+12,4.10025E-07
13199,1.7779E+12,4.10025E-07
13200,1.7779E+12,4.1003E-07
13201,1.7778E+12,4.1003E-07
13202,1.7778E+12,4.1003E-07
13203,1.7778E+12,4.1003E-07
13204,1.7777E+12,4.1003E-07
13205,1.7777E+12,4.10035E-07
13206,1.7777E+12,4.10035E-07
13207,1.7776E+12,4.10035E-07
13208,1.7776E+12,4.10035E-07
13209,1.7776E+12,4.1004E-07
13210,1.7775E+12,4.1004E-07
13211,1.7775E+12,4.1004E-07
13212,1.7775E+12,4.1004E-07
13213,1.7774E+12,4.10045E-07
13214,1.7774E+12,4.10045E-07
13215,1.7774E+12,4.10045E-07
13216,1.7773E+12,4.10045E-07
13217,1.7773E+12,4.1005E-07
13218,1.7772E+12,4.1005E-07
13219,1.7772E+12,4.1005E-07
13220,1.7772E+12,4.1005E-07
13221,1.7771E+12,4.10055E-07
13222,1.7771E+12,4.10055E-07
13223,1.7771E+12,4.10055E-07
13224,1.777E+12,4.10055E-07
13225,1.777E+12,4.1006E-07
13226,1.777E+12,4.1006E-07
13227,1.7769E+12,4.1006E-07
13228,1.7769E+12,4.1006E-07
13229,1.7769E+12,4.10065E-07
13230,1.7768E+12,4.10065E-07
13231,1.7768E+12,4.10065E-07
13232,1.7768E+12,4.10065E-07
13233,1.7767E+12,4.1007E-07
13234,1.7767E+12,4.1007E-07
13235,1.7766E+12,4.1007E-07
13236,1.7766E+12,4.1007E-07
13237,1.7766E+12,4.10075E-07
13238,1.7765E+12,4.10075E-07
13239,1.7765E+12,4.10075E-07
13240,1.7765E+12,4.10075E-07
13241,1.7764E+12,4.1008E-07
13242,1.7764E+12,4.1008E-07
13243,1.7764E+12,4.1008E-07
13244,1.7763E+12,4.1008E-07
13245,1.7763E+12,4.1008E-07
13246,1.7763E+12,4.10085E-07
13247,1.7762E+12,4.10085E-07
13248,1.7762E+12,4.10085E-07
13249,1.7762E+12,4.10085E-07
13250,1.7761E+12,4.1009E-07
13251,1.7761E+12,4.1009E-07
13252,1.776E+12,4.1009E-07
13253,1.776E+12,4.1009E-07
13254,1.776E+12,4.10095E-07
13255,1.7759E+12,4.10095E-07
13256,1.7759E+12,4.10095E-07
13257,1.7759E+12,4.10095E-07
13258,1.7758E+12,4.101E-07
13259,1.7758E+12,4.101E-07
13260,1.7758E+12,4.101E-07
13261,1.7757E+12,4.101E-07
13262,1.7757E+12,4.10105E-07
13263,1.7757E+12,4.10105E-07
13264,1.7756E+12,4.10105E-07
13265,1.7756E+12,4.10105E-07
13266,1.7756E+12,4.1011E-07
13267,1.7755E+12,4.1011E-07
13268,1.7755E+12,4.1011E-07
13269,1.7754E+12,4.1011E-07
13270,1.7754E+12,4.10115E-07
13271,1.7754E+12,4.10115E-07
13272,1.7753E+12,4.10115E-07
13273,1.7753E+12,4.10115E-07
13274,1.7753E+12,4.1012E-07
13275,1.7752E+12,4.1012E-07
13276,1.7752E+12,4.1012E-07
13277,1.7752E+12,4.1012E-07
13278,1.7751E+12,4.10125E-07
13279,1.7751E+12,4.10125E-07
13280,1.7751E+12,4.10125E-07
13281,1.775E+12,4.10125E-07
13282,1.775E+12,4.10125E-07
13283,1.775E+12,4.1013E-07
13284,1.7749E+12,4.1013E-07
13285,1.7749E+12,4.1013E-07
13286,1.7748E+12,4.1013E-07
13287,1.7748E+12,4.10135E-07
13288,1.7748E+12,4.10135E-07
13289,1.7747E+12,4.10135E-07
13290,1.7747E+12,4.10135E-07
13291,1.7747E+12,4.1014E-07
13292,1.7746E+12,4.1014E-07
13293,1.7746E+12,4.1014E-07
13294,1.7746E+12,4.1014E-07
13295,1.7745E+12,4.10145E-07
13296,1.7745E+12,4.10145E-07
13297,1.7745E+12,4.10145E-07
13298,1.7744E+12,4.10145E-07
13299,1.7744E+12,4.1015E-07
13300,1.7744E+12,4.1015E-07
13301,1.7743E+12,4.1015E-07
13302,1.7743E+12,4.1015E-07
13303,1.7743E+12,4.10155E-07
13304,1.7742E+12,4.10155E-07
13305,1.7742E+12,4.10155E-07
13306,1.7741E+12,4.10155E-07
13307,1.7741E+12,4.1016E-07
13308,1.7741E+12,4.1016E-07
13309,1.774E+12,4.1016E-07
13310,1.774E+12,4.1016E-07
13311,1.774E+12,4.10165E-07
13312,1.7739E+12,4.10165E-07
13313,1.7739E+12,4.10165E-07
13314,1.7739E+12,4.10165E-07
13315,1.7738E+12,4.10165E-07
13316,1.7738E+12,4.1017E-07
13317,1.7738E+12,4.1017E-07
13318,1.7737E+12,4.1017E-07
13319,1.7737E+12,4.1017E-07
13320,1.7737E+12,4.10175E-07
13321,1.7736E+12,4.10175E-07
13322,1.7736E+12,4.10175E-07
13323,1.7736E+12,4.10175E-07
13324,1.7735E+12,4.1018E-07
13325,1.7735E+12,4.1018E-07
13326,1.7734E+12,4.1018E-07
13327,1.7734E+12,4.1018E-07
13328,1.7734E+12,4.10185E-07
13329,1.7733E+12,4.10185E-07
13330,1.7733E+12,4.10185E-07
13331,1.7733E+12,4.10185E-07
13332,1.7732E+12,4.1019E-07
13333,1.7732E+12,4.1019E-07
13334,1.7732E+12,4.1019E-07
13335,1.7731E+12,4.1019E-07
13336,1.7731E+12,4.10195E-07
13337,1.7731E+12,4.10195E-07
13338,1.773E+12,4.10195E-07
13339,1.773E+12,4.10195E-07
13340,1.773E+12,4.102E-07
13341,1.7729E+12,4.102E-07
13342,1.7729E+12,4.102E-07
13343,1.7729E+12,4.102E-07
13344,1.7728E+12,4.10205E-07
13345,1.7728E+12,4.10205E-07
13346,1.7727E+12,4.10205E-07
13347,1.7727E+12,4.10205E-07
13348,1.7727E+12,4.10205E-07
13349,1.7726E+12,4.1021E-07
13350,1.7726E+12,4.1021E-07
13351,1.7726E+12,4.1021E-07
13352,1.7725E+12,4.1021E-07
13353,1.7725E+12,4.10215E-07
13354,1.7725E+12,4.10215E-07
13355,1.7724E+12,4.10215E-07
13356,1.7724E+12,4.10215E-07
13357,1.7724E+12,4.1022E-07
13358,1.7723E+12,4.1022E-07
13359,1.7723E+12,4.1022E-07
13360,1.7723E+12,4.1022E-07
13361,1.7722E+12,4.10225E-07
13362,1.7722E+12,4.10225E-07
13363,1.7722E+12,4.10225E-07
13364,1.7721E+12,4.10225E-07
13365,1.7721E+12,4.1023E-07
13366,1.772E+12,4.1023E-07
13367,1.772E+12,4.1023E-07
13368,1.772E+12,4.1023E-07
13369,1.7719E+12,4.10235E-07
13370,1.7719E+12,4.10235E-07
13371,1.7719E+12,4.10235E-07
13372,1.7718E+12,4.10235E-07
13373,1.7718E+12,4.10235E-07
13374,1.7718E+12,4.1024E-07
13375,1.7717E+12,4.1024E-07
13376,1.7717E+12,4.1024E-07
13377,1.7717E+12,4.1024E-07
13378,1.7716E+12,4.10245E-07
13379,1.7716E+12,4.10245E-07
13380,1.7716E+12,4.10245E-07
13381,1.7715E+12,4.10245E-07
13382,1.7715E+12,4.1025E-07
13383,1.7715E+12,4.1025E-07
13384,1.7714E+12,4.1025E-07
13385,1.7714E+12,4.1025E-07
13386,1.7714E+12,4.10255E-07
13387,1.7713E+12,4.10255E-07
13388,1.7713E+12,4.10255E-07
13389,1.7712E+12,4.10255E-07
13390,1.7712E+12,4.1026E-07
13391,1.7712E+12,4.1026E-07
13392,1.7711E+12,4.1026E-07
13393,1.7711E+12,4.1026E-07
13394,1.7711E+12,4.10265E-07
13395,1.771E+12,4.10265E-07
13396,1.771E+12,4.10265E-07
13397,1.771E+12,4.10265E-07
13398,1.7709E+12,4.1027E-07
13399,1.7709E+12,4.1027E-07
13400,1.7709E+12,4.1027E-07
13401,1.7708E+12,4.1027E-07
13402,1.7708E+12,4.1027E-07
13403,1.7708E+12,4.10275E-07
13404,1.7707E+12,4.10275E-07
13405,1.7707E+12,4.10275E-07
13406,1.7707E+12,4.10275E-07
13407,1.7706E+12,4.1028E-07
13408,1.7706E+12,4.1028E-07
13409,1.7706E+12,4.1028E-07
13410,1.7705E+12,4.1028E-07
13411,1.7705E+12,4.10285E-07
13412,1.7704E+12,4.10285E-07
13413,1.7704E+12,4.10285E-07
13414,1.7704E+12,4.10285E-07
13415,1.7703E+12,4.1029E-07
13416,1.7703E+12,4.1029E-07
13417,1.7703E+12,4.1029E-07
13418,1.7702E+12,4.1029E-07
13419,1.7702E+12,4.10295E-07
13420,1.7702E+12,4.10295E-07
13421,1.7701E+12,4.10295E-07
13422,1.7701E+12,4.10295E-07
13423,1.7701E+12,4.103E-07
13424,1.77E+12,4.103E-07
13425,1.77E+12,4.103E-07
13426,1.77E+12,4.103E-07
13427,1.7699E+12,4.103E-07
13428,1.7699E+12,4.10305E-07
13429,1.7699E+12,4.10305E-07
13430,1.7698E+12,4.10305E-07
13431,1.7698E+12,4.10305E-07
13432,1.7698E+12,4.1031E-07
13433,1.7697E+12,4.1031E-07
13434,1.7697E+12,4.1031E-07
13435,1.7696E+12,4.1031E-07
13436,1.7696E+12,4.10315E-07
13437,1.7696E+12,4.10315E-07
13438,1.7695E+12,4.10315E-07
13439,1.7695E+12,4.10315E-07
13440,1.7695E+12,4.1032E-07
13441,1.7694E+12,4.1032E-07
13442,1.7694E+12,4.1032E-07
13443,1.7694E+12,4.1032E-07
13444,1.7693E+12,4.10325E-07
13445,1.7693E+12,4.10325E-07
13446,1.7693E+12,4.10325E-07
13447,1.7692E+12,4.10325E-07
13448,1.7692E+12,4.1033E-07
13449,1.7692E+12,4.1033E-07
13450,1.7691E+12,4.1033E-07
13451,1.7691E+12,4.1033E-07
13452,1.7691E+12,4.1033E-07
13453,1.769E+12,4.10335E-07
13454,1.769E+12,4.10335E-07
13455,1.769E+12,4.10335E-07
13456,1.7689E+12,4.10335E-07
13457,1.7689E+12,4.1034E-07
13458,1.7689E+12,4.1034E-07
13459,1.7688E+12,4.1034E-07
13460,1.7688E+12,4.1034E-07
13461,1.7688E+12,4.10345E-07
13462,1.7687E+12,4.10345E-07
13463,1.7687E+12,4.10345E-07
13464,1.7686E+12,4.10345E-07
13465,1.7686E+12,4.1035E-07
13466,1.7686E+12,4.1035E-07
13467,1.7685E+12,4.1035E-07
13468,1.7685E+12,4.1035E-07
13469,1.7685E+12,4.10355E-07
13470,1.7684E+12,4.10355E-07
13471,1.7684E+12,4.10355E-07
13472,1.7684E+12,4.10355E-07
13473,1.7683E+12,4.1036E-07
13474,1.7683E+12,4.1036E-07
13475,1.7683E+12,4.1036E-07
13476,1.7682E+12,4.1036E-07
13477,1.7682E+12,4.1036E-07
13478,1.7682E+12,4.10365E-07
13479,1.7681E+12,4.10365E-07
13480,1.7681E+12,4.10365E-07
13481,1.7681E+12,4.10365E-07
13482,1.768E+12,4.1037E-07
13483,1.768E+12,4.1037E-07
13484,1.768E+12,4.1037E-07
13485,1.7679E+12,4.1037E-07
13486,1.7679E+12,4.10375E-07
13487,1.7679E+12,4.10375E-07
13488,1.7678E+12,4.10375E-07
13489,1.7678E+12,4.10375E-07
13490,1.7677E+12,4.1038E-07
13491,1.7677E+12,4.1038E-07
13492,1.7677E+12,4.1038E-07
13493,1.7676E+12,4.1038E-07
13494,1.7676E+12,4.10385E-07
13495,1.7676E+12,4.10385E-07
13496,1.7675E+12,4.10385E-07
13497,1.7675E+12,4.10385E-07
13498,1.7675E+12,4.10385E-07
13499,1.7674E+12,4.1039E-07
13500,1.7674E+12,4.1039E-07
13501,1.7674E+12,4.1039E-07
13502,1.7673E+12,4.1039E-07
13503,1.7673E+12,4.10395E-07
13504,1.7673E+12,4.10395E-07
13505,1.7672E+12,4.10395E-07
13506,1.7672E+12,4.10395E-07
13507,1.7672E+12,4.104E-07
13508,1.7671E+12,4.104E-07
13509,1.7671E+12,4.104E-07
13510,1.7671E+12,4.104E-07
13511,1.767E+12,4.10405E-07
13512,1.767E+12,4.10405E-07
13513,1.767E+12,4.10405E-07
13514,1.7669E+12,4.10405E-07
13515,1.7669E+12,4.1041E-07
13516,1.7669E+12,4.1041E-07
13517,1.7668E+12,4.1041E-07
13518,1.7668E+12,4.1041E-07
13519,1.7668E+12,4.1041E-07
13520,1.7667E+12,4.10415E-07
13521,1.7667E+12,4.10415E-07
13522,1.7666E+12,4.10415E-07
13523,1.7666E+12,4.10415E-07
13524,1.7666E+12,4.1042E-07
13525,1.7665E+12,4.1042E-07
13526,1.7665E+12,4.1042E-07
13527,1.7665E+12,4.1042E-07
13528,1.7664E+12,4.10425E-07
13529,1.7664E+12,4.10425E-07
13530,1.7664E+12,4.10425E-07
13531,1.7663E+12,4.10425E-07
13532,1.7663E+12,4.1043E-07
13533,1.7663E+12,4.1043E-07
13534,1.7662E+12,4.1043E-07
13535,1.7662E+12,4.1043E-07
13536,1.7662E+12,4.10435E-07
13537,1.7661E+12,4.10435E-07
13538,1.7661E+12,4.10435E-07
13539,1.7661E+12,4.10435E-07
13540,1.766E+12,4.10435E-07
13541,1.766E+12,4.1044E-07
13542,1.766E+12,4.1044E-07
13543,1.7659E+12,4.1044E-07
13544,1.7659E+12,4.1044E-07
13545,1.7659E+12,4.10445E-07
13546,1.7658E+12,4.10445E-07
13547,1.7658E+12,4.10445E-07
13548,1.7658E+12,4.10445E-07
13549,1.7657E+12,4.1045E-07
13550,1.7657E+12,4.1045E-07
13551,1.7657E+12,4.1045E-07
13552,1.7656E+12,4.1045E-07
13553,1.7656E+12,4.10455E-07
13554,1.7656E+12,4.10455E-07
13555,1.7655E+12,4.10455E-07
13556,1.7655E+12,4.10455E-07
13557,1.7654E+12,4.1046E-07
13558,1.7654E+12,4.1046E-07
13559,1.7654E+12,4.1046E-07
13560,1.7653E+12,4.1046E-07
13561,1.7653E+12,4.1046E-07
13562,1.7653E+12,4.10465E-07
13563,1.7652E+12,4.10465E-07
13564,1.7652E+12,4.10465E-07
13565,1.7652E+12,4.10465E-07
13566,1.7651E+12,4.1047E-07
13567,1.7651E+12,4.1047E-07
13568,1.7651E+12,4.1047E-07
13569,1.765E+12,4.1047E-07
13570,1.765E+12,4.10475E-07
13571,1.765E+12,4.10475E-07
13572,1.7649E+12,4.10475E-07
13573,1.7649E+12,4.10475E-07
13574,1.7649E+12,4.1048E-07
13575,1.7648E+12,4.1048E-07
13576,1.7648E+12,4.1048E-07
13577,1.7648E+12,4.1048E-07
13578,1.7647E+12,4.10485E-07
13579,1.7647E+12,4.10485E-07
13580,1.7647E+12,4.10485E-07
13581,1.7646E+12,4.10485E-07
13582,1.7646E+12,4.10485E-07
13583,1.7646E+12,4.1049E-07
13584,1.7645E+12,4.1049E-07
13585,1.7645E+12,4.1049E-07
13586,1.7645E+12,4.1049E-07
13587,1.7644E+12,4.10495E-07
13588,1.7644E+12,4.10495E-07
13589,1.7644E+12,4.10495E-07
13590,1.7643E+12,4.10495E-07
13591,1.7643E+12,4.105E-07
13592,1.7643E+12,4.105E-07
13593,1.7642E+12,4.105E-07
13594,1.7642E+12,4.105E-07
13595,1.7642E+12,4.10505E-07
13596,1.7641E+12,4.10505E-07
13597,1.7641E+12,4.10505E-07
13598,1.764E+12,4.10505E-07
13599,1.764E+12,4.10505E-07
13600,1.764E+12,4.1051E-07
13601,1.7639E+12,4.1051E-07
13602,1.7639E+12,4.1051E-07
13603,1.7639E+12,4.1051E-07
13604,1.7638E+12,4.10515E-07
13605,1.7638E+12,4.10515E-07
13606,1.7638E+12,4.10515E-07
13607,1.7637E+12,4.10515E-07
13608,1.7637E+12,4.1052E-07
13609,1.7637E+12,4.1052E-07
13610,1.7636E+12,4.1052E-07
13611,1.7636E+12,4.1052E-07
13612,1.7636E+12,4.10525E-07
13613,1.7635E+12,4.10525E-07
13614,1.7635E+12,4.10525E-07
13615,1.7635E+12,4.10525E-07
13616,1.7634E+12,4.1053E-07
13617,1.7634E+12,4.1053E-07
13618,1.7634E+12,4.1053E-07
13619,1.7633E+12,4.1053E-07
13620,1.7633E+12,4.1053E-07
13621,1.7633E+12,4.10535E-07
13622,1.7632E+12,4.10535E-07
13623,1.7632E+12,4.10535E-07
13624,1.7632E+12,4.10535E-07
13625,1.7631E+12,4.1054E-07
13626,1.7631E+12,4.1054E-07
13627,1.7631E+12,4.1054E-07
13628,1.763E+12,4.1054E-07
13629,1.763E+12,4.10545E-07
13630,1.763E+12,4.10545E-07
13631,1.7629E+12,4.10545E-07
13632,1.7629E+12,4.10545E-07
13633,1.7629E+12,4.1055E-07
13634,1.7628E+12,4.1055E-07
13635,1.7628E+12,4.1055E-07
13636,1.7628E+12,4.1055E-07
13637,1.7627E+12,4.1055E-07
13638,1.7627E+12,4.10555E-07
13639,1.7627E+12,4.10555E-07
13640,1.7626E+12,4.10555E-07
13641,1.7626E+12,4.10555E-07
13642,1.7626E+12,4.1056E-07
13643,1.7625E+12,4.1056E-07
13644,1.7625E+12,4.1056E-07
13645,1.7624E+12,4.1056E-07
13646,1.7624E+12,4.10565E-07
13647,1.7624E+12,4.10565E-07
13648,1.7623E+12,4.10565E-07
13649,1.7623E+12,4.10565E-07
13650,1.7623E+12,4.1057E-07
13651,1.7622E+12,4.1057E-07
13652,1.7622E+12,4.1057E-07
13653,1.7622E+12,4.1057E-07
13654,1.7621E+12,4.1057E-07
13655,1.7621E+12,4.10575E-07
13656,1.7621E+12,4.10575E-07
13657,1.762E+12,4.10575E-07
13658,1.762E+12,4.10575E-07
13659,1.762E+12,4.1058E-07
13660,1.7619E+12,4.1058E-07
13661,1.7619E+12,4.1058E-07
13662,1.7619E+12,4.1058E-07
13663,1.7618E+12,4.10585E-07
13664,1.7618E+12,4.10585E-07
13665,1.7618E+12,4.10585E-07
13666,1.7617E+12,4.10585E-07
13667,1.7617E+12,4.1059E-07
13668,1.7617E+12,4.1059E-07
13669,1.7616E+12,4.1059E-07
13670,1.7616E+12,4.1059E-07
13671,1.7616E+12,4.1059E-07
13672,1.7615E+12,4.10595E-07
13673,1.7615E+12,4.10595E-07
13674,1.7615E+12,4.10595E-07
13675,1.7614E+12,4.10595E-07
13676,1.7614E+12,4.106E-07
13677,1.7614E+12,4.106E-07
13678,1.7613E+12,4.106E-07
13679,1.7613E+12,4.106E-07
13680,1.7613E+12,4.10605E-07
13681,1.7612E+12,4.10605E-07
13682,1.7612E+12,4.10605E-07
13683,1.7612E+12,4.10605E-07
13684,1.7611E+12,4.1061E-07
13685,1.7611E+12,4.1061E-07
13686,1.7611E+12,4.1061E-07
13687,1.761E+12,4.1061E-07
13688,1.761E+12,4.1061E-07
13689,1.761E+12,4.10615E-07
13690,1.7609E+12,4.10615E-07
13691,1.7609E+12,4.10615E-07
13692,1.7609E+12,4.10615E-07
13693,1.7608E+12,4.1062E-07
13694,1.7608E+12,4.1062E-07
13695,1.7608E+12,4.1062E-07
13696,1.7607E+12,4.1062E-07
13697,1.7607E+12,4.10625E-07
13698,1.7607E+12,4.10625E-07
13699,1.7606E+12,4.10625E-07
13700,1.7606E+12,4.10625E-07
13701,1.7606E+12,4.1063E-07
13702,1.7605E+12,4.1063E-07
13703,1.7605E+12,4.1063E-07
13704,1.7605E+12,4.1063E-07
13705,1.7604E+12,4.1063E-07
13706,1.7604E+12,4.10635E-07
13707,1.7604E+12,4.10635E-07
13708,1.7603E+12,4.10635E-07
13709,1.7603E+12,4.10635E-07
13710,1.7602E+12,4.1064E-07
13711,1.7602E+12,4.1064E-07
13712,1.7602E+12,4.1064E-07
13713,1.7601E+12,4.1064E-07
13714,1.7601E+12,4.10645E-07
13715,1.7601E+12,4.10645E-07
13716,1.76E+12,4.10645E-07
13717,1.76E+12,4.10645E-07
13718,1.76E+12,4.1065E-07
13719,1.7599E+12,4.1065E-07
13720,1.7599E+12,4.1065E-07
13721,1.7599E+12,4.1065E-07
13722,1.7598E+12,4.1065E-07
13723,1.7598E+12,4.10655E-07
13724,1.7598E+12,4.10655E-07
13725,1.7597E+12,4.10655E-07
13726,1.7597E+12,4.10655E-07
13727,1.7597E+12,4.1066E-07
13728,1.7596E+12,4.1066E-07
13729,1.7596E+12,4.1066E-07
13730,1.7596E+12,4.1066E-07
13731,1.7595E+12,4.10665E-07
13732,1.7595E+12,4.10665E-07
13733,1.7595E+12,4.10665E-07
13734,1.7594E+12,4.10665E-07
13735,1.7594E+12,4.1067E-07
13736,1.7594E+12,4.1067E-07
13737,1.7593E+12,4.1067E-07
13738,1.7593E+12,4.1067E-07
13739,1.7593E+12,4.1067E-07
13740,1.7592E+12,4.10675E-07
13741,1.7592E+12,4.10675E-07
13742,1.7592E+12,4.10675E-07
13743,1.7591E+12,4.10675E-07
13744,1.7591E+12,4.1068E-07
13745,1.7591E+12,4.1068E-07
13746,1.759E+12,4.1068E-07
13747,1.759E+12,4.1068E-07
13748,1.759E+12,4.10685E-07
13749,1.7589E+12,4.10685E-07
13750,1.7589E+12,4.10685E-07
13751,1.7589E+12,4.10685E-07
13752,1.7588E+12,4.10685E-07
13753,1.7588E+12,4.1069E-07
13754,1.7588E+12,4.1069E-07
13755,1.7587E+12,4.1069E-07
13756,1.7587E+12,4.1069E-07
13757,1.7587E+12,4.10695E-07
13758,1.7586E+12,4.10695E-07
13759,1.7586E+12,4.10695E-07
13760,1.7586E+12,4.10695E-07
13761,1.7585E+12,4.107E-07
13762,1.7585E+12,4.107E-07
13763,1.7585E+12,4.107E-07
13764,1.7584E+12,4.107E-07
13765,1.7584E+12,4.10705E-07
13766,1.7584E+12,4.10705E-07
13767,1.7583E+12,4.10705E-07
13768,1.7583E+12,4.10705E-07
13769,1.7583E+12,4.10705E-07
13770,1.7582E+12,4.1071E-07
13771,1.7582E+12,4.1071E-07
13772,1.7582E+12,4.1071E-07
13773,1.7581E+12,4.1071E-07
13774,1.7581E+12,4.10715E-07
13775,1.7581E+12,4.10715E-07
13776,1.758E+12,4.10715E-07
13777,1.758E+12,4.10715E-07
13778,1.758E+12,4.1072E-07
13779,1.7579E+12,4.1072E-07
13780,1.7579E+12,4.1072E-07
13781,1.7579E+12,4.1072E-07
13782,1.7578E+12,4.10725E-07
13783,1.7578E+12,4.10725E-07
13784,1.7578E+12,4.10725E-07
13785,1.7577E+12,4.10725E-07
13786,1.7577E+12,4.10725E-07
13787,1.7577E+12,4.1073E-07
13788,1.7576E+12,4.1073E-07
13789,1.7576E+12,4.1073E-07
13790,1.7576E+12,4.1073E-07
13791,1.7575E+12,4.10735E-07
13792,1.7575E+12,4.10735E-07
13793,1.7575E+12,4.10735E-07
13794,1.7574E+12,4.10735E-07
13795,1.7574E+12,4.1074E-07
13796,1.7574E+12,4.1074E-07
13797,1.7573E+12,4.1074E-07
13798,1.7573E+12,4.1074E-07
13799,1.7573E+12,4.1074E-07
13800,1.7572E+12,4.10745E-07
13801,1.7572E+12,4.10745E-07
13802,1.7572E+12,4.10745E-07
13803,1.7571E+12,4.10745E-07
13804,1.7571E+12,4.1075E-07
13805,1.7571E+12,4.1075E-07
13806,1.757E+12,4.1075E-07
13807,1.757E+12,4.1075E-07
13808,1.757E+12,4.10755E-07
13809,1.7569E+12,4.10755E-07
13810,1.7569E+12,4.10755E-07
13811,1.7569E+12,4.10755E-07
13812,1.7568E+12,4.1076E-07
13813,1.7568E+12,4.1076E-07
13814,1.7568E+12,4.1076E-07
13815,1.7567E+12,4.1076E-07
13816,1.7567E+12,4.1076E-07
13817,1.7567E+12,4.10765E-07
13818,1.7566E+12,4.10765E-07
13819,1.7566E+12,4.10765E-07
13820,1.7566E+12,4.10765E-07
13821,1.7565E+12,4.1077E-07
13822,1.7565E+12,4.1077E-07
13823,1.7565E+12,4.1077E-07
13824,1.7564E+12,4.1077E-07
13825,1.7564E+12,4.10775E-07
13826,1.7564E+12,4.10775E-07
13827,1.7563E+12,4.10775E-07
13828,1.7563E+12,4.10775E-07
13829,1.7563E+12,4.10775E-07
13830,1.7562E+12,4.1078E-07
13831,1.7562E+12,4.1078E-07
13832,1.7562E+12,4.1078E-07
13833,1.7561E+12,4.1078E-07
13834,1.7561E+12,4.10785E-07
13835,1.7561E+12,4.10785E-07
13836,1.756E+12,4.10785E-07
13837,1.756E+12,4.10785E-07
13838,1.756E+12,4.1079E-07
13839,1.7559E+12,4.1079E-07
13840,1.7559E+12,4.1079E-07
13841,1.7559E+12,4.1079E-07
13842,1.7558E+12,4.1079E-07
13843,1.7558E+12,4.10795E-07
13844,1.7558E+12,4.10795E-07
13845,1.7557E+12,4.10795E-07
13846,1.7557E+12,4.10795E-07
13847,1.7557E+12,4.108E-07
13848,1.7556E+12,4.108E-07
13849,1.7556E+12,4.108E-07
13850,1.7556E+12,4.108E-07
13851,1.7555E+12,4.10805E-07
13852,1.7555E+12,4.10805E-07
13853,1.7555E+12,4.10805E-07
13854,1.7554E+12,4.10805E-07
13855,1.7554E+12,4.1081E-07
13856,1.7554E+12,4.1081E-07
13857,1.7553E+12,4.1081E-07
13858,1.7553E+12,4.1081E-07
13859,1.7553E+12,4.1081E-07
13860,1.7552E+12,4.10815E-07
13861,1.7552E+12,4.10815E-07
13862,1.7552E+12,4.10815E-07
13863,1.7551E+12,4.10815E-07
13864,1.7551E+12,4.1082E-07
13865,1.7551E+12,4.1082E-07
13866,1.755E+12,4.1082E-07
13867,1.755E+12,4.1082E-07
13868,1.755E+12,4.10825E-07
13869,1.7549E+12,4.10825E-07
13870,1.7549E+12,4.10825E-07
13871,1.7549E+12,4.10825E-07
13872,1.7548E+12,4.10825E-07
13873,1.7548E+12,4.1083E-07
13874,1.7548E+12,4.1083E-07
13875,1.7547E+12,4.1083E-07
13876,1.7547E+12,4.1083E-07
13877,1.7547E+12,4.10835E-07
13878,1.7546E+12,4.10835E-07
13879,1.7546E+12,4.10835E-07
13880,1.7546E+12,4.10835E-07
13881,1.7545E+12,4.1084E-07
13882,1.7545E+12,4.1084E-07
13883,1.7545E+12,4.1084E-07
13884,1.7544E+12,4.1084E-07
13885,1.7544E+12,4.1084E-07
13886,1.7544E+12,4.10845E-07
13887,1.7543E+12,4.10845E-07
13888,1.7543E+12,4.10845E-07
13889,1.7543E+12,4.10845E-07
13890,1.7542E+12,4.1085E-07
13891,1.7542E+12,4.1085E-07
13892,1.7542E+12,4.1085E-07
13893,1.7541E+12,4.1085E-07
13894,1.7541E+12,4.10855E-07
13895,1.7541E+12,4.10855E-07
13896,1.754E+12,4.10855E-07
13897,1.754E+12,4.10855E-07
13898,1.754E+12,4.10855E-07
13899,1.7539E+12,4.1086E-07
13900,1.7539E+12,4.1086E-07
13901,1.7539E+12,4.1086E-07
13902,1.7538E+12,4.1086E-07
13903,1.7538E+12,4.10865E-07
13904,1.7538E+12,4.10865E-07
13905,1.7537E+12,4.10865E-07
13906,1.7537E+12,4.10865E-07
13907,1.7537E+12,4.1087E-07
13908,1.7536E+12,4.1087E-07
13909,1.7536E+12,4.1087E-07
13910,1.7536E+12,4.1087E-07
13911,1.7535E+12,4.1087E-07
13912,1.7535E+12,4.10875E-07
13913,1.7535E+12,4.10875E-07
13914,1.7534E+12,4.10875E-07
13915,1.7534E+12,4.10875E-07
13916,1.7534E+12,4.1088E-07
13917,1.7533E+12,4.1088E-07
13918,1.7533E+12,4.1088E-07
13919,1.7533E+12,4.1088E-07
13920,1.7532E+12,4.10885E-07
13921,1.7532E+12,4.10885E-07
13922,1.7532E+12,4.10885E-07
13923,1.7531E+12,4.10885E-07
13924,1.7531E+12,4.10885E-07
13925,1.7531E+12,4.1089E-07
13926,1.753E+12,4.1089E-07
13927,1.753E+12,4.1089E-07
13928,1.753E+12,4.1089E-07
13929,1.7529E+12,4.10895E-07
13930,1.7529E+12,4.10895E-07
13931,1.7529E+12,4.10895E-07
13932,1.7528E+12,4.10895E-07
13933,1.7528E+12,4.109E-07
13934,1.7528E+12,4.109E-07
13935,1.7527E+12,4.109E-07
13936,1.7527E+12,4.109E-07
13937,1.7527E+12,4.109E-07
13938,1.7526E+12,4.10905E-07
13939,1.7526E+12,4.10905E-07
13940,1.7526E+12,4.10905E-07
13941,1.7525E+12,4.10905E-07
13942,1.7525E+12,4.1091E-07
13943,1.7525E+12,4.1091E-07
13944,1.7524E+12,4.1091E-07
13945,1.7524E+12,4.1091E-07
13946,1.7524E+12,4.10915E-07
13947,1.7523E+12,4.10915E-07
13948,1.7523E+12,4.10915E-07
13949,1.7523E+12,4.10915E-07
13950,1.7522E+12,4.10915E-07
13951,1.7522E+12,4.1092E-07
13952,1.7522E+12,4.1092E-07
13953,1.7521E+12,4.1092E-07
13954,1.7521E+12,4.1092E-07
13955,1.7521E+12,4.10925E-07
13956,1.752E+12,4.10925E-07
13957,1.752E+12,4.10925E-07
13958,1.752E+12,4.10925E-07
13959,1.7519E+12,4.1093E-07
13960,1.7519E+12,4.1093E-07
13961,1.7519E+12,4.1093E-07
13962,1.7518E+12,4.1093E-07
13963,1.7518E+12,4.1093E-07
13964,1.7518E+12,4.10935E-07
13965,1.7518E+12,4.10935E-07
13966,1.7517E+12,4.10935E-07
13967,1.7517E+12,4.10935E-07
13968,1.7517E+12,4.1094E-07
13969,1.7516E+12,4.1094E-07
13970,1.7516E+12,4.1094E-07
13971,1.7516E+12,4.1094E-07
13972,1.7515E+12,4.10945E-07
13973,1.7515E+12,4.10945E-07
13974,1.7515E+12,4.10945E-07
13975,1.7514E+12,4.10945E-07
13976,1.7514E+12,4.10945E-07
13977,1.7514E+12,4.1095E-07
13978,1.7513E+12,4.1095E-07
13979,1.7513E+12,4.1095E-07
13980,1.7513E+12,4.1095E-07
13981,1.7512E+12,4.10955E-07
13982,1.7512E+12,4.10955E-07
13983,1.7512E+12,4.10955E-07
13984,1.7511E+12,4.10955E-07
13985,1.7511E+12,4.1096E-07
13986,1.7511E+12,4.1096E-07
13987,1.751E+12,4.1096E-07
13988,1.751E+12,4.1096E-07
13989,1.751E+12,4.1096E-07
13990,1.7509E+12,4.10965E-07
13991,1.7509E+12,4.10965E-07
13992,1.7509E+12,4.10965E-07
13993,1.7508E+12,4.10965E-07
13994,1.7508E+12,4.1097E-07
13995,1.7508E+12,4.1097E-07
13996,1.7507E+12,4.1097E-07
13997,1.7507E+12,4.1097E-07
13998,1.7507E+12,4.10975E-07
13999,1.7506E+12,4.10975E-07
14000,1.7506E+12,4.10975E-07
14001,1.7506E+12,4.10975E-07
14002,1.7505E+12,4.10975E-07
14003,1.7505E+12,4.1098E-07
14004,1.7505E+12,4.1098E-07
14005,1.7504E+12,4.1098E-07
14006,1.7504E+12,4.1098E-07
14007,1.7504E+12,4.10985E-07
14008,1.7503E+12,4.10985E-07
14009,1.7503E+12,4.10985E-07
14010,1.7503E+12,4.10985E-07
14011,1.7502E+12,4.10985E-07
14012,1.7502E+12,4.1099E-07
14013,1.7502E+12,4.1099E-07
14014,1.7501E+12,4.1099E-07
14015,1.7501E+12,4.1099E-07
14016,1.7501E+12,4.10995E-07
14017,1.75E+12,4.10995E-07
14018,1.75E+12,4.10995E-07
14019,1.75E+12,4.10995E-07
14020,1.7499E+12,0.000000411
14021,1.7499E+12,0.000000411
14022,1.7499E+12,0.000000411
14023,1.7498E+12,0.000000411
14024,1.7498E+12,0.000000411
14025,1.7498E+12,4.11005E-07
14026,1.7497E+12,4.11005E-07
14027,1.7497E+12,4.11005E-07
14028,1.7497E+12,4.11005E-07
14029,1.7496E+12,4.1101E-07
14030,1.7496E+12,4.1101E-07
14031,1.7496E+12,4.1101E-07
14032,1.7496E+12,4.1101E-07
14033,1.7495E+12,4.11015E-07
14034,1.7495E+12,4.11015E-07
14035,1.7495E+12,4.11015E-07
14036,1.7494E+12,4.11015E-07
14037,1.7494E+12,4.11015E-07
14038,1.7494E+12,4.1102E-07
14039,1.7493E+12,4.1102E-07
14040,1.7493E+12,4.1102E-07
14041,1.7493E+12,4.1102E-07
14042,1.7492E+12,4.11025E-07
14043,1.7492E+12,4.11025E-07
14044,1.7492E+12,4.11025E-07
14045,1.7491E+12,4.11025E-07
14046,1.7491E+12,4.1103E-07
14047,1.7491E+12,4.1103E-07
14048,1.749E+12,4.1103E-07
14049,1.749E+12,4.1103E-07
14050,1.749E+12,4.1103E-07
14051,1.7489E+12,4.11035E-07
14052,1.7489E+12,4.11035E-07
14053,1.7489E+12,4.11035E-07
14054,1.7488E+12,4.11035E-07
14055,1.7488E+12,4.1104E-07
14056,1.7488E+12,4.1104E-07
14057,1.7487E+12,4.1104E-07
14058,1.7487E+12,4.1104E-07
14059,1.7487E+12,4.1104E-07
14060,1.7486E+12,4.11045E-07
14061,1.7486E+12,4.11045E-07
14062,1.7486E+12,4.11045E-07
14063,1.7485E+12,4.11045E-07
14064,1.7485E+12,4.1105E-07
14065,1.7485E+12,4.1105E-07
14066,1.7484E+12,4.1105E-07
14067,1.7484E+12,4.1105E-07
14068,1.7484E+12,4.11055E-07
14069,1.7483E+12,4.11055E-07
14070,1.7483E+12,4.11055E-07
14071,1.7483E+12,4.11055E-07
14072,1.7482E+12,4.11055E-07
14073,1.7482E+12,4.1106E-07
14074,1.7482E+12,4.1106E-07
14075,1.7481E+12,4.1106E-07
14076,1.7481E+12,4.1106E-07
14077,1.7481E+12,4.11065E-07
14078,1.748E+12,4.11065E-07
14079,1.748E+12,4.11065E-07
14080,1.748E+12,4.11065E-07
14081,1.748E+12,4.1107E-07
14082,1.7479E+12,4.1107E-07
14083,1.7479E+12,4.1107E-07
14084,1.7479E+12,4.1107E-07
14085,1.7478E+12,4.1107E-07
14086,1.7478E+12,4.11075E-07
14087,1.7478E+12,4.11075E-07
14088,1.7477E+12,4.11075E-07
14089,1.7477E+12,4.11075E-07
14090,1.7477E+12,4.1108E-07
14091,1.7476E+12,4.1108E-07
14092,1.7476E+12,4.1108E-07
14093,1.7476E+12,4.1108E-07
14094,1.7475E+12,4.1108E-07
14095,1.7475E+12,4.11085E-07
14096,1.7475E+12,4.11085E-07
14097,1.7474E+12,4.11085E-07
14098,1.7474E+12,4.11085E-07
14099,1.7474E+12,4.1109E-07
14100,1.7473E+12,4.1109E-07
14101,1.7473E+12,4.1109E-07
14102,1.7473E+12,4.1109E-07
14103,1.7472E+12,4.11095E-07
14104,1.7472E+12,4.11095E-07
14105,1.7472E+12,4.11095E-07
14106,1.7471E+12,4.11095E-07
14107,1.7471E+12,4.11095E-07
14108,1.7471E+12,4.111E-07
14109,1.747E+12,4.111E-07
14110,1.747E+12,4.111E-07
14111,1.747E+12,4.111E-07
14112,1.7469E+12,4.11105E-07
14113,1.7469E+12,4.11105E-07
14114,1.7469E+12,4.11105E-07
14115,1.7468E+12,4.11105E-07
14116,1.7468E+12,4.11105E-07
14117,1.7468E+12,4.1111E-07
14118,1.7467E+12,4.1111E-07
14119,1.7467E+12,4.1111E-07
14120,1.7467E+12,4.1111E-07
14121,1.7467E+12,4.11115E-07
14122,1.7466E+12,4.11115E-07
14123,1.7466E+12,4.11115E-07
14124,1.7466E+12,4.11115E-07
14125,1.7465E+12,4.1112E-07
14126,1.7465E+12,4.1112E-07
14127,1.7465E+12,4.1112E-07
14128,1.7464E+12,4.1112E-07
14129,1.7464E+12,4.1112E-07
14130,1.7464E+12,4.11125E-07
14131,1.7463E+12,4.11125E-07
14132,1.7463E+12,4.11125E-07
14133,1.7463E+12,4.11125E-07
14134,1.7462E+12,4.1113E-07
14135,1.7462E+12,4.1113E-07
14136,1.7462E+12,4.1113E-07
14137,1.7461E+12,4.1113E-07
14138,1.7461E+12,4.1113E-07
14139,1.7461E+12,4.11135E-07
14140,1.746E+12,4.11135E-07
14141,1.746E+12,4.11135E-07
14142,1.746E+12,4.11135E-07
14143,1.7459E+12,4.1114E-07
14144,1.7459E+12,4.1114E-07
14145,1.7459E+12,4.1114E-07
14146,1.7458E+12,4.1114E-07
14147,1.7458E+12,4.11145E-07
14148,1.7458E+12,4.11145E-07
14149,1.7457E+12,4.11145E-07
14150,1.7457E+12,4.11145E-07
14151,1.7457E+12,4.11145E-07
14152,1.7456E+12,4.1115E-07
14153,1.7456E+12,4.1115E-07
14154,1.7456E+12,4.1115E-07
14155,1.7455E+12,4.1115E-07
14156,1.7455E+12,4.11155E-07
14157,1.7455E+12,4.11155E-07
14158,1.7455E+12,4.11155E-07
14159,1.7454E+12,4.11155E-07
14160,1.7454E+12,4.11155E-07
14161,1.7454E+12,4.1116E-07
14162,1.7453E+12,4.1116E-07
14163,1.7453E+12,4.1116E-07
14164,1.7453E+12,4.1116E-07
14165,1.7452E+12,4.11165E-07
14166,1.7452E+12,4.11165E-07
14167,1.7452E+12,4.11165E-07
14168,1.7451E+12,4.11165E-07
14169,1.7451E+12,4.1117E-07
14170,1.7451E+12,4.1117E-07
14171,1.745E+12,4.1117E-07
14172,1.745E+12,4.1117E-07
14173,1.745E+12,4.1117E-07
14174,1.7449E+12,4.11175E-07
14175,1.7449E+12,4.11175E-07
14176,1.7449E+12,4.11175E-07
14177,1.7448E+12,4.11175E-07
14178,1.7448E+12,4.1118E-07
14179,1.7448E+12,4.1118E-07
14180,1.7447E+12,4.1118E-07
14181,1.7447E+12,4.1118E-07
14182,1.7447E+12,4.1118E-07
14183,1.7446E+12,4.11185E-07
14184,1.7446E+12,4.11185E-07
14185,1.7446E+12,4.11185E-07
14186,1.7445E+12,4.11185E-07
14187,1.7445E+12,4.1119E-07
14188,1.7445E+12,4.1119E-07
14189,1.7445E+12,4.1119E-07
14190,1.7444E+12,4.1119E-07
14191,1.7444E+12,4.11195E-07
14192,1.7444E+12,4.11195E-07
14193,1.7443E+12,4.11195E-07
14194,1.7443E+12,4.11195E-07
14195,1.7443E+12,4.11195E-07
14196,1.7442E+12,4.112E-07
14197,1.7442E+12,4.112E-07
14198,1.7442E+12,4.112E-07
14199,1.7441E+12,4.112E-07
14200,1.7441E+12,4.11205E-07
14201,1.7441E+12,4.11205E-07
14202,1.744E+12,4.11205E-07
14203,1.744E+12,4.11205E-07
14204,1.744E+12,4.11205E-07
14205,1.7439E+12,4.1121E-07
14206,1.7439E+12,4.1121E-07
14207,1.7439E+12,4.1121E-07
14208,1.7438E+12,4.1121E-07
14209,1.7438E+12,4.11215E-07
14210,1.7438E+12,4.11215E-07
14211,1.7437E+12,4.11215E-07
14212,1.7437E+12,4.11215E-07
14213,1.7437E+12,4.11215E-07
14214,1.7436E+12,4.1122E-07
14215,1.7436E+12,4.1122E-07
14216,1.7436E+12,4.1122E-07
14217,1.7435E+12,4.1122E-07
14218,1.7435E+12,4.11225E-07
14219,1.7435E+12,4.11225E-07
14220,1.7435E+12,4.11225E-07
14221,1.7434E+12,4.11225E-07
14222,1.7434E+12,4.1123E-07
14223,1.7434E+12,4.1123E-07
14224,1.7433E+12,4.1123E-07
14225,1.7433E+12,4.1123E-07
14226,1.7433E+12,4.1123E-07
14227,1.7432E+12,4.11235E-07
14228,1.7432E+12,4.11235E-07
14229,1.7432E+12,4.11235E-07
14230,1.7431E+12,4.11235E-07
14231,1.7431E+12,4.1124E-07
14232,1.7431E+12,4.1124E-07
14233,1.743E+12,4.1124E-07
14234,1.743E+12,4.1124E-07
14235,1.743E+12,4.1124E-07
14236,1.7429E+12,4.11245E-07
14237,1.7429E+12,4.11245E-07
14238,1.7429E+12,4.11245E-07
14239,1.7428E+12,4.11245E-07
14240,1.7428E+12,4.1125E-07
14241,1.7428E+12,4.1125E-07
14242,1.7427E+12,4.1125E-07
14243,1.7427E+12,4.1125E-07
14244,1.7427E+12,4.1125E-07
14245,1.7426E+12,4.11255E-07
14246,1.7426E+12,4.11255E-07
14247,1.7426E+12,4.11255E-07
14248,1.7426E+12,4.11255E-07
14249,1.7425E+12,4.1126E-07
14250,1.7425E+12,4.1126E-07
14251,1.7425E+12,4.1126E-07
14252,1.7424E+12,4.1126E-07
14253,1.7424E+12,4.11265E-07
14254,1.7424E+12,4.11265E-07
14255,1.7423E+12,4.11265E-07
14256,1.7423E+12,4.11265E-07
14257,1.7423E+12,4.11265E-07
14258,1.7422E+12,4.1127E-07
14259,1.7422E+12,4.1127E-07
14260,1.7422E+12,4.1127E-07
14261,1.7421E+12,4.1127E-07
14262,1.7421E+12,4.11275E-07
14263,1.7421E+12,4.11275E-07
14264,1.742E+12,4.11275E-07
14265,1.742E+12,4.11275E-07
14266,1.742E+12,4.11275E-07
14267,1.7419E+12,4.1128E-07
14268,1.7419E+12,4.1128E-07
14269,1.7419E+12,4.1128E-07
14270,1.7418E+12,4.1128E-07
14271,1.7418E+12,4.11285E-07
14272,1.7418E+12,4.11285E-07
14273,1.7418E+12,4.11285E-07
14274,1.7417E+12,4.11285E-07
14275,1.7417E+12,4.11285E-07
14276,1.7417E+12,4.1129E-07
14277,1.7416E+12,4.1129E-07
14278,1.7416E+12,4.1129E-07
14279,1.7416E+12,4.1129E-07
14280,1.7415E+12,4.11295E-07
14281,1.7415E+12,4.11295E-07
14282,1.7415E+12,4.11295E-07
14283,1.7414E+12,4.11295E-07
14284,1.7414E+12,4.11295E-07
14285,1.7414E+12,4.113E-07
14286,1.7413E+12,4.113E-07
14287,1.7413E+12,4.113E-07
14288,1.7413E+12,4.113E-07
14289,1.7412E+12,4.11305E-07
14290,1.7412E+12,4.11305E-07
14291,1.7412E+12,4.11305E-07
14292,1.7411E+12,4.11305E-07
14293,1.7411E+12,4.11305E-07
14294,1.7411E+12,4.1131E-07
14295,1.741E+12,4.1131E-07
14296,1.741E+12,4.1131E-07
14297,1.741E+12,4.1131E-07
14298,1.741E+12,4.11315E-07
14299,1.7409E+12,4.11315E-07
14300,1.7409E+12,4.11315E-07
14301,1.7409E+12,4.11315E-07
14302,1.7408E+12,4.1132E-07
14303,1.7408E+12,4.1132E-07
14304,1.7408E+12,4.1132E-07
14305,1.7407E+12,4.1132E-07
14306,1.7407E+12,4.1132E-07
14307,1.7407E+12,4.11325E-07
14308,1.7406E+12,4.11325E-07
14309,1.7406E+12,4.11325E-07
14310,1.7406E+12,4.11325E-07
14311,1.7405E+12,4.1133E-07
14312,1.7405E+12,4.1133E-07
14313,1.7405E+12,4.1133E-07
14314,1.7404E+12,4.1133E-07
14315,1.7404E+12,4.1133E-07
14316,1.7404E+12,4.11335E-07
14317,1.7403E+12,4.11335E-07
14318,1.7403E+12,4.11335E-07
14319,1.7403E+12,4.11335E-07
14320,1.7402E+12,4.1134E-07
14321,1.7402E+12,4.1134E-07
14322,1.7402E+12,4.1134E-07
14323,1.7402E+12,4.1134E-07
14324,1.7401E+12,4.1134E-07
14325,1.7401E+12,4.11345E-07
14326,1.7401E+12,4.11345E-07
14327,1.74E+12,4.11345E-07
14328,1.74E+12,4.11345E-07
14329,1.74E+12,4.1135E-07
14330,1.7399E+12,4.1135E-07
14331,1.7399E+12,4.1135E-07
14332,1.7399E+12,4.1135E-07
14333,1.7398E+12,4.1135E-07
14334,1.7398E+12,4.11355E-07
14335,1.7398E+12,4.11355E-07
14336,1.7397E+12,4.11355E-07
14337,1.7397E+12,4.11355E-07
14338,1.7397E+12,4.1136E-07
14339,1.7396E+12,4.1136E-07
14340,1.7396E+12,4.1136E-07
14341,1.7396E+12,4.1136E-07
14342,1.7395E+12,4.1136E-07
14343,1.7395E+12,4.11365E-07
14344,1.7395E+12,4.11365E-07
14345,1.7395E+12,4.11365E-07
14346,1.7394E+12,4.11365E-07
14347,1.7394E+12,4.1137E-07
14348,1.7394E+12,4.1137E-07
14349,1.7393E+12,4.1137E-07
14350,1.7393E+12,4.1137E-07
14351,1.7393E+12,4.1137E-07
14352,1.7392E+12,4.11375E-07
14353,1.7392E+12,4.11375E-07
14354,1.7392E+12,4.11375E-07
14355,1.7391E+12,4.11375E-07
14356,1.7391E+12,4.1138E-07
14357,1.7391E+12,4.1138E-07
14358,1.739E+12,4.1138E-07
14359,1.739E+12,4.1138E-07
14360,1.739E+12,4.11385E-07
14361,1.7389E+12,4.11385E-07
14362,1.7389E+12,4.11385E-07
14363,1.7389E+12,4.11385E-07
14364,1.7389E+12,4.11385E-07
14365,1.7388E+12,4.1139E-07
14366,1.7388E+12,4.1139E-07
14367,1.7388E+12,4.1139E-07
14368,1.7387E+12,4.1139E-07
14369,1.7387E+12,4.11395E-07
14370,1.7387E+12,4.11395E-07
14371,1.7386E+12,4.11395E-07
14372,1.7386E+12,4.11395E-07
14373,1.7386E+12,4.11395E-07
14374,1.7385E+12,4.114E-07
14375,1.7385E+12,4.114E-07
14376,1.7385E+12,4.114E-07
14377,1.7384E+12,4.114E-07
14378,1.7384E+12,4.11405E-07
14379,1.7384E+12,4.11405E-07
14380,1.7383E+12,4.11405E-07
14381,1.7383E+12,4.11405E-07
14382,1.7383E+12,4.11405E-07
14383,1.7382E+12,4.1141E-07
14384,1.7382E+12,4.1141E-07
14385,1.7382E+12,4.1141E-07
14386,1.7382E+12,4.1141E-07
14387,1.7381E+12,4.11415E-07
14388,1.7381E+12,4.11415E-07
14389,1.7381E+12,4.11415E-07
14390,1.738E+12,4.11415E-07
14391,1.738E+12,4.11415E-07
14392,1.738E+12,4.1142E-07
14393,1.7379E+12,4.1142E-07
14394,1.7379E+12,4.1142E-07
14395,1.7379E+12,4.1142E-07
14396,1.7378E+12,4.11425E-07
14397,1.7378E+12,4.11425E-07
14398,1.7378E+12,4.11425E-07
14399,1.7377E+12,4.11425E-07
14400,1.7377E+12,4.11425E-07
14401,1.7377E+12,4.1143E-07
14402,1.7376E+12,4.1143E-07
14403,1.7376E+12,4.1143E-07
14404,1.7376E+12,4.1143E-07
14405,1.7376E+12,4.11435E-07
14406,1.7375E+12,4.11435E-07
14407,1.7375E+12,4.11435E-07
14408,1.7375E+12,4.11435E-07
14409,1.7374E+12,4.11435E-07
14410,1.7374E+12,4.1144E-07
14411,1.7374E+12,4.1144E-07
14412,1.7373E+12,4.1144E-07
14413,1.7373E+12,4.1144E-07
14414,1.7373E+12,4.11445E-07
14415,1.7372E+12,4.11445E-07
14416,1.7372E+12,4.11445E-07
14417,1.7372E+12,4.11445E-07
14418,1.7371E+12,4.11445E-07
14419,1.7371E+12,4.1145E-07
14420,1.7371E+12,4.1145E-07
14421,1.737E+12,4.1145E-07
14422,1.737E+12,4.1145E-07
14423,1.737E+12,4.11455E-07
14424,1.737E+12,4.11455E-07
14425,1.7369E+12,4.11455E-07
14426,1.7369E+12,4.11455E-07
14427,1.7369E+12,4.11455E-07
14428,1.7368E+12,4.1146E-07
14429,1.7368E+12,4.1146E-07
14430,1.7368E+12,4.1146E-07
14431,1.7367E+12,4.1146E-07
14432,1.7367E+12,4.11465E-07
14433,1.7367E+12,4.11465E-07
14434,1.7366E+12,4.11465E-07
14435,1.7366E+12,4.11465E-07
14436,1.7366E+12,4.11465E-07
14437,1.7365E+12,4.1147E-07
14438,1.7365E+12,4.1147E-07
14439,1.7365E+12,4.1147E-07
14440,1.7364E+12,4.1147E-07
14441,1.7364E+12,4.11475E-07
14442,1.7364E+12,4.11475E-07
14443,1.7364E+12,4.11475E-07
14444,1.7363E+12,4.11475E-07
14445,1.7363E+12,4.11475E-07
14446,1.7363E+12,4.1148E-07
14447,1.7362E+12,4.1148E-07
14448,1.7362E+12,4.1148E-07
14449,1.7362E+12,4.1148E-07
14450,1.7361E+12,4.11485E-07
14451,1.7361E+12,4.11485E-07
14452,1.7361E+12,4.11485E-07
14453,1.736E+12,4.11485E-07
14454,1.736E+12,4.11485E-07
14455,1.736E+12,4.1149E-07
14456,1.7359E+12,4.1149E-07
14457,1.7359E+12,4.1149E-07
14458,1.7359E+12,4.1149E-07
14459,1.7358E+12,4.11495E-07
14460,1.7358E+12,4.11495E-07
14461,1.7358E+12,4.11495E-07
14462,1.7358E+12,4.11495E-07
14463,1.7357E+12,4.11495E-07
14464,1.7357E+12,4.115E-07
14465,1.7357E+12,4.115E-07
14466,1.7356E+12,4.115E-07
14467,1.7356E+12,4.115E-07
14468,1.7356E+12,4.11505E-07
14469,1.7355E+12,4.11505E-07
14470,1.7355E+12,4.11505E-07
14471,1.7355E+12,4.11505E-07
14472,1.7354E+12,4.11505E-07
14473,1.7354E+12,4.1151E-07
14474,1.7354E+12,4.1151E-07
14475,1.7353E+12,4.1151E-07
14476,1.7353E+12,4.1151E-07
14477,1.7353E+12,4.11515E-07
14478,1.7352E+12,4.11515E-07
14479,1.7352E+12,4.11515E-07
14480,1.7352E+12,4.11515E-07
14481,1.7352E+12,4.11515E-07
14482,1.7351E+12,4.1152E-07
14483,1.7351E+12,4.1152E-07
14484,1.7351E+12,4.1152E-07
14485,1.735E+12,4.1152E-07
14486,1.735E+12,4.11525E-07
14487,1.735E+12,4.11525E-07
14488,1.7349E+12,4.11525E-07
14489,1.7349E+12,4.11525E-07
14490,1.7349E+12,4.11525E-07
14491,1.7348E+12,4.1153E-07
14492,1.7348E+12,4.1153E-07
14493,1.7348E+12,4.1153E-07
14494,1.7347E+12,4.1153E-07
14495,1.7347E+12,4.11535E-07
14496,1.7347E+12,4.11535E-07
14497,1.7347E+12,4.11535E-07
14498,1.7346E+12,4.11535E-07
14499,1.7346E+12,4.11535E-07
14500,1.7346E+12,4.1154E-07
14501,1.7345E+12,4.1154E-07
14502,1.7345E+12,4.1154E-07
14503,1.7345E+12,4.1154E-07
14504,1.7344E+12,4.11545E-07
14505,1.7344E+12,4.11545E-07
14506,1.7344E+12,4.11545E-07
14507,1.7343E+12,4.11545E-07
14508,1.7343E+12,4.11545E-07
14509,1.7343E+12,4.1155E-07
14510,1.7342E+12,4.1155E-07
14511,1.7342E+12,4.1155E-07
14512,1.7342E+12,4.1155E-07
14513,1.7342E+12,4.1155E-07
14514,1.7341E+12,4.11555E-07
14515,1.7341E+12,4.11555E-07
14516,1.7341E+12,4.11555E-07
14517,1.734E+12,4.11555E-07
14518,1.734E+12,4.1156E-07
14519,1.734E+12,4.1156E-07
14520,1.7339E+12,4.1156E-07
14521,1.7339E+12,4.1156E-07
14522,1.7339E+12,4.1156E-07
14523,1.7338E+12,4.11565E-07
14524,1.7338E+12,4.11565E-07
14525,1.7338E+12,4.11565E-07
14526,1.7337E+12,4.11565E-07
14527,1.7337E+12,4.1157E-07
14528,1.7337E+12,4.1157E-07
14529,1.7337E+12,4.1157E-07
14530,1.7336E+12,4.1157E-07
14531,1.7336E+12,4.1157E-07
14532,1.7336E+12,4.11575E-07
14533,1.7335E+12,4.11575E-07
14534,1.7335E+12,4.11575E-07
14535,1.7335E+12,4.11575E-07
14536,1.7334E+12,4.1158E-07
14537,1.7334E+12,4.1158E-07
14538,1.7334E+12,4.1158E-07
14539,1.7333E+12,4.1158E-07
14540,1.7333E+12,4.1158E-07
14541,1.7333E+12,4.11585E-07
14542,1.7332E+12,4.11585E-07
14543,1.7332E+12,4.11585E-07
14544,1.7332E+12,4.11585E-07
14545,1.7332E+12,4.1159E-07
14546,1.7331E+12,4.1159E-07
14547,1.7331E+12,4.1159E-07
14548,1.7331E+12,4.1159E-07
14549,1.733E+12,4.1159E-07
14550,1.733E+12,4.11595E-07
14551,1.733E+12,4.11595E-07
14552,1.7329E+12,4.11595E-07
14553,1.7329E+12,4.11595E-07
14554,1.7329E+12,4.116E-07
14555,1.7328E+12,4.116E-07
14556,1.7328E+12,4.116E-07
14557,1.7328E+12,4.116E-07
14558,1.7327E+12,4.116E-07
14559,1.7327E+12,4.11605E-07
14560,1.7327E+12,4.11605E-07
14561,1.7327E+12,4.11605E-07
14562,1.7326E+12,4.11605E-07
14563,1.7326E+12,4.1161E-07
14564,1.7326E+12,4.1161E-07
14565,1.7325E+12,4.1161E-07
14566,1.7325E+12,4.1161E-07
14567,1.7325E+12,4.1161E-07
14568,1.7324E+12,4.11615E-07
14569,1.7324E+12,4.11615E-07
14570,1.7324E+12,4.11615E-07
14571,1.7323E+12,4.11615E-07
14572,1.7323E+12,4.1162E-07
14573,1.7323E+12,4.1162E-07
14574,1.7322E+12,4.1162E-07
14575,1.7322E+12,4.1162E-07
14576,1.7322E+12,4.1162E-07
14577,1.7322E+12,4.11625E-07
14578,1.7321E+12,4.11625E-07
14579,1.7321E+12,4.11625E-07
14580,1.7321E+12,4.11625E-07
14581,1.732E+12,4.11625E-07
14582,1.732E+12,4.1163E-07
14583,1.732E+12,4.1163E-07
14584,1.7319E+12,4.1163E-07
14585,1.7319E+12,4.1163E-07
14586,1.7319E+12,4.11635E-07
14587,1.7318E+12,4.11635E-07
14588,1.7318E+12,4.11635E-07
14589,1.7318E+12,4.11635E-07
14590,1.7317E+12,4.11635E-07
14591,1.7317E+12,4.1164E-07
14592,1.7317E+12,4.1164E-07
14593,1.7317E+12,4.1164E-07
14594,1.7316E+12,4.1164E-07
14595,1.7316E+12,4.11645E-07
14596,1.7316E+12,4.11645E-07
14597,1.7315E+12,4.11645E-07
14598,1.7315E+12,4.11645E-07
14599,1.7315E+12,4.11645E-07
14600,1.7314E+12,4.1165E-07
14601,1.7314E+12,4.1165E-07
14602,1.7314E+12,4.1165E-07
14603,1.7313E+12,4.1165E-07
14604,1.7313E+12,4.11655E-07
14605,1.7313E+12,4.11655E-07
14606,1.7313E+12,4.11655E-07
14607,1.7312E+12,4.11655E-07
14608,1.7312E+12,4.11655E-07
14609,1.7312E+12,4.1166E-07
14610,1.7311E+12,4.1166E-07
14611,1.7311E+12,4.1166E-07
14612,1.7311E+12,4.1166E-07
14613,1.731E+12,4.11665E-07
14614,1.731E+12,4.11665E-07
14615,1.731E+12,4.11665E-07
14616,1.7309E+12,4.11665E-07
14617,1.7309E+12,4.11665E-07
14618,1.7309E+12,4.1167E-07
14619,1.7308E+12,4.1167E-07
14620,1.7308E+12,4.1167E-07
14621,1.7308E+12,4.1167E-07
14622,1.7308E+12,4.1167E-07
14623,1.7307E+12,4.11675E-07
14624,1.7307E+12,4.11675E-07
14625,1.7307E+12,4.11675E-07
14626,1.7306E+12,4.11675E-07
14627,1.7306E+12,4.1168E-07
14628,1.7306E+12,4.1168E-07
14629,1.7305E+12,4.1168E-07
14630,1.7305E+12,4.1168E-07
14631,1.7305E+12,4.1168E-07
14632,1.7304E+12,4.11685E-07
14633,1.7304E+12,4.11685E-07
14634,1.7304E+12,4.11685E-07
14635,1.7304E+12,4.11685E-07
14636,1.7303E+12,4.1169E-07
14637,1.7303E+12,4.1169E-07
14638,1.7303E+12,4.1169E-07
14639,1.7302E+12,4.1169E-07
14640,1.7302E+12,4.1169E-07
14641,1.7302E+12,4.11695E-07
14642,1.7301E+12,4.11695E-07
14643,1.7301E+12,4.11695E-07
14644,1.7301E+12,4.11695E-07
14645,1.73E+12,4.117E-07
14646,1.73E+12,4.117E-07
14647,1.73E+12,4.117E-07
14648,1.7299E+12,4.117E-07
14649,1.7299E+12,4.117E-07
14650,1.7299E+12,4.11705E-07
14651,1.7299E+12,4.11705E-07
14652,1.7298E+12,4.11705E-07
14653,1.7298E+12,4.11705E-07
14654,1.7298E+12,4.11705E-07
14655,1.7297E+12,4.1171E-07
14656,1.7297E+12,4.1171E-07
14657,1.7297E+12,4.1171E-07
14658,1.7296E+12,4.1171E-07
14659,1.7296E+12,4.11715E-07
14660,1.7296E+12,4.11715E-07
14661,1.7295E+12,4.11715E-07
14662,1.7295E+12,4.11715E-07
14663,1.7295E+12,4.11715E-07
14664,1.7295E+12,4.1172E-07
14665,1.7294E+12,4.1172E-07
14666,1.7294E+12,4.1172E-07
14667,1.7294E+12,4.1172E-07
14668,1.7293E+12,4.11725E-07
14669,1.7293E+12,4.11725E-07
14670,1.7293E+12,4.11725E-07
14671,1.7292E+12,4.11725E-07
14672,1.7292E+12,4.11725E-07
14673,1.7292E+12,4.1173E-07
14674,1.7291E+12,4.1173E-07
14675,1.7291E+12,4.1173E-07
14676,1.7291E+12,4.1173E-07
14677,1.7291E+12,4.11735E-07
14678,1.729E+12,4.11735E-07
14679,1.729E+12,4.11735E-07
14680,1.729E+12,4.11735E-07
14681,1.7289E+12,4.11735E-07
14682,1.7289E+12,4.1174E-07
14683,1.7289E+12,4.1174E-07
14684,1.7288E+12,4.1174E-07
14685,1.7288E+12,4.1174E-07
14686,1.7288E+12,4.1174E-07
14687,1.7287E+12,4.11745E-07
14688,1.7287E+12,4.11745E-07
14689,1.7287E+12,4.11745E-07
14690,1.7287E+12,4.11745E-07
14691,1.7286E+12,4.1175E-07
14692,1.7286E+12,4.1175E-07
14693,1.7286E+12,4.1175E-07
14694,1.7285E+12,4.1175E-07
14695,1.7285E+12,4.1175E-07
14696,1.7285E+12,4.11755E-07
14697,1.7284E+12,4.11755E-07
14698,1.7284E+12,4.11755E-07
14699,1.7284E+12,4.11755E-07
14700,1.7283E+12,4.1176E-07
14701,1.7283E+12,4.1176E-07
14702,1.7283E+12,4.1176E-07
14703,1.7283E+12,4.1176E-07
14704,1.7282E+12,4.1176E-07
14705,1.7282E+12,4.11765E-07
14706,1.7282E+12,4.11765E-07
14707,1.7281E+12,4.11765E-07
14708,1.7281E+12,4.11765E-07
14709,1.7281E+12,4.11765E-07
14710,1.728E+12,4.1177E-07
14711,1.728E+12,4.1177E-07
14712,1.728E+12,4.1177E-07
14713,1.7279E+12,4.1177E-07
14714,1.7279E+12,4.11775E-07
14715,1.7279E+12,4.11775E-07
14716,1.7279E+12,4.11775E-07
14717,1.7278E+12,4.11775E-07
14718,1.7278E+12,4.11775E-07
14719,1.7278E+12,4.1178E-07
14720,1.7277E+12,4.1178E-07
14721,1.7277E+12,4.1178E-07
14722,1.7277E+12,4.1178E-07
14723,1.7276E+12,4.11785E-07
14724,1.7276E+12,4.11785E-07
14725,1.7276E+12,4.11785E-07
14726,1.7275E+12,4.11785E-07
14727,1.7275E+12,4.11785E-07
14728,1.7275E+12,4.1179E-07
14729,1.7275E+12,4.1179E-07
14730,1.7274E+12,4.1179E-07
14731,1.7274E+12,4.1179E-07
14732,1.7274E+12,4.1179E-07
14733,1.7273E+12,4.11795E-07
14734,1.7273E+12,4.11795E-07
14735,1.7273E+12,4.11795E-07
14736,1.7272E+12,4.11795E-07
14737,1.7272E+12,4.118E-07
14738,1.7272E+12,4.118E-07
14739,1.7271E+12,4.118E-07
14740,1.7271E+12,4.118E-07
14741,1.7271E+12,4.118E-07
14742,1.7271E+12,4.11805E-07
14743,1.727E+12,4.11805E-07
14744,1.727E+12,4.11805E-07
14745,1.727E+12,4.11805E-07
14746,1.7269E+12,4.1181E-07
14747,1.7269E+12,4.1181E-07
14748,1.7269E+12,4.1181E-07
14749,1.7268E+12,4.1181E-07
14750,1.7268E+12,4.1181E-07
14751,1.7268E+12,4.11815E-07
14752,1.7267E+12,4.11815E-07
14753,1.7267E+12,4.11815E-07
14754,1.7267E+12,4.11815E-07
14755,1.7267E+12,4.11815E-07
14756,1.7266E+12,4.1182E-07
14757,1.7266E+12,4.1182E-07
14758,1.7266E+12,4.1182E-07
14759,1.7265E+12,4.1182E-07
14760,1.7265E+12,4.11825E-07
14761,1.7265E+12,4.11825E-07
14762,1.7264E+12,4.11825E-07
14763,1.7264E+12,4.11825E-07
14764,1.7264E+12,4.11825E-07
14765,1.7263E+12,4.1183E-07
14766,1.7263E+12,4.1183E-07
14767,1.7263E+12,4.1183E-07
14768,1.7263E+12,4.1183E-07
14769,1.7262E+12,4.11835E-07
14770,1.7262E+12,4.11835E-07
14771,1.7262E+12,4.11835E-07
14772,1.7261E+12,4.11835E-07
14773,1.7261E+12,4.11835E-07
14774,1.7261E+12,4.1184E-07
14775,1.726E+12,4.1184E-07
14776,1.726E+12,4.1184E-07
14777,1.726E+12,4.1184E-07
14778,1.7259E+12,4.1184E-07
14779,1.7259E+12,4.11845E-07
14780,1.7259E+12,4.11845E-07
14781,1.7259E+12,4.11845E-07
14782,1.7258E+12,4.11845E-07
14783,1.7258E+12,4.1185E-07
14784,1.7258E+12,4.1185E-07
14785,1.7257E+12,4.1185E-07
14786,1.7257E+12,4.1185E-07
14787,1.7257E+12,4.1185E-07
14788,1.7256E+12,4.11855E-07
14789,1.7256E+12,4.11855E-07
14790,1.7256E+12,4.11855E-07
14791,1.7256E+12,4.11855E-07
14792,1.7255E+12,4.1186E-07
14793,1.7255E+12,4.1186E-07
14794,1.7255E+12,4.1186E-07
14795,1.7254E+12,4.1186E-07
14796,1.7254E+12,4.1186E-07
14797,1.7254E+12,4.11865E-07
14798,1.7253E+12,4.11865E-07
14799,1.7253E+12,4.11865E-07
14800,1.7253E+12,4.11865E-07
14801,1.7252E+12,4.11865E-07
14802,1.7252E+12,4.1187E-07
14803,1.7252E+12,4.1187E-07
14804,1.7252E+12,4.1187E-07
14805,1.7251E+12,4.1187E-07
14806,1.7251E+12,4.11875E-07
14807,1.7251E+12,4.11875E-07
14808,1.725E+12,4.11875E-07
14809,1.725E+12,4.11875E-07
14810,1.725E+12,4.11875E-07
14811,1.7249E+12,4.1188E-07
14812,1.7249E+12,4.1188E-07
14813,1.7249E+12,4.1188E-07
14814,1.7248E+12,4.1188E-07
14815,1.7248E+12,4.1188E-07
14816,1.7248E+12,4.11885E-07
14817,1.7248E+12,4.11885E-07
14818,1.7247E+12,4.11885E-07
14819,1.7247E+12,4.11885E-07
14820,1.7247E+12,4.1189E-07
14821,1.7246E+12,4.1189E-07
14822,1.7246E+12,4.1189E-07
14823,1.7246E+12,4.1189E-07
14824,1.7245E+12,4.1189E-07
14825,1.7245E+12,4.11895E-07
14826,1.7245E+12,4.11895E-07
14827,1.7245E+12,4.11895E-07
14828,1.7244E+12,4.11895E-07
14829,1.7244E+12,4.119E-07
14830,1.7244E+12,4.119E-07
14831,1.7243E+12,4.119E-07
14832,1.7243E+12,4.119E-07
14833,1.7243E+12,4.119E-07
14834,1.7242E+12,4.11905E-07
14835,1.7242E+12,4.11905E-07
14836,1.7242E+12,4.11905E-07
14837,1.7241E+12,4.11905E-07
14838,1.7241E+12,4.11905E-07
14839,1.7241E+12,4.1191E-07
14840,1.7241E+12,4.1191E-07
14841,1.724E+12,4.1191E-07
14842,1.724E+12,4.1191E-07
14843,1.724E+12,4.11915E-07
14844,1.7239E+12,4.11915E-07
14845,1.7239E+12,4.11915E-07
14846,1.7239E+12,4.11915E-07
14847,1.7238E+12,4.11915E-07
14848,1.7238E+12,4.1192E-07
14849,1.7238E+12,4.1192E-07
14850,1.7238E+12,4.1192E-07
14851,1.7237E+12,4.1192E-07
14852,1.7237E+12,4.1192E-07
14853,1.7237E+12,4.11925E-07
14854,1.7236E+12,4.11925E-07
14855,1.7236E+12,4.11925E-07
14856,1.7236E+12,4.11925E-07
14857,1.7235E+12,4.1193E-07
14858,1.7235E+12,4.1193E-07
14859,1.7235E+12,4.1193E-07
14860,1.7234E+12,4.1193E-07
14861,1.7234E+12,4.1193E-07
14862,1.7234E+12,4.11935E-07
14863,1.7234E+12,4.11935E-07
14864,1.7233E+12,4.11935E-07
14865,1.7233E+12,4.11935E-07
14866,1.7233E+12,4.11935E-07
14867,1.7232E+12,4.1194E-07
14868,1.7232E+12,4.1194E-07
14869,1.7232E+12,4.1194E-07
14870,1.7231E+12,4.1194E-07
14871,1.7231E+12,4.11945E-07
14872,1.7231E+12,4.11945E-07
14873,1.7231E+12,4.11945E-07
14874,1.723E+12,4.11945E-07
14875,1.723E+12,4.11945E-07
14876,1.723E+12,4.1195E-07
14877,1.7229E+12,4.1195E-07
14878,1.7229E+12,4.1195E-07
14879,1.7229E+12,4.1195E-07
14880,1.7228E+12,4.11955E-07
14881,1.7228E+12,4.11955E-07
14882,1.7228E+12,4.11955E-07
14883,1.7228E+12,4.11955E-07
14884,1.7227E+12,4.11955E-07
14885,1.7227E+12,4.1196E-07
14886,1.7227E+12,4.1196E-07
14887,1.7226E+12,4.1196E-07
14888,1.7226E+12,4.1196E-07
14889,1.7226E+12,4.1196E-07
14890,1.7225E+12,4.11965E-07
14891,1.7225E+12,4.11965E-07
14892,1.7225E+12,4.11965E-07
14893,1.7224E+12,4.11965E-07
14894,1.7224E+12,4.1197E-07
14895,1.7224E+12,4.1197E-07
14896,1.7224E+12,4.1197E-07
14897,1.7223E+12,4.1197E-07
14898,1.7223E+12,4.1197E-07
14899,1.7223E+12,4.11975E-07
14900,1.7222E+12,4.11975E-07
14901,1.7222E+12,4.11975E-07
14902,1.7222E+12,4.11975E-07
14903,1.7221E+12,4.11975E-07
14904,1.7221E+12,4.1198E-07
14905,1.7221E+12,4.1198E-07
14906,1.7221E+12,4.1198E-07
14907,1.722E+12,4.1198E-07
14908,1.722E+12,4.11985E-07
14909,1.722E+12,4.11985E-07
14910,1.7219E+12,4.11985E-07
14911,1.7219E+12,4.11985E-07
14912,1.7219E+12,4.11985E-07
14913,1.7218E+12,4.1199E-07
14914,1.7218E+12,4.1199E-07
14915,1.7218E+12,4.1199E-07
14916,1.7218E+12,4.1199E-07
14917,1.7217E+12,4.1199E-07
14918,1.7217E+12,4.11995E-07
14919,1.7217E+12,4.11995E-07
14920,1.7216E+12,4.11995E-07
14921,1.7216E+12,4.11995E-07
14922,1.7216E+12,0.000000412
14923,1.7215E+12,0.000000412
14924,1.7215E+12,0.000000412
14925,1.7215E+12,0.000000412
14926,1.7215E+12,0.000000412
14927,1.7214E+12,4.12005E-07
14928,1.7214E+12,4.12005E-07
14929,1.7214E+12,4.12005E-07
14930,1.7213E+12,4.12005E-07
14931,1.7213E+12,4.12005E-07
14932,1.7213E+12,4.1201E-07
14933,1.7212E+12,4.1201E-07
14934,1.7212E+12,4.1201E-07
14935,1.7212E+12,4.1201E-07
14936,1.7211E+12,4.12015E-07
14937,1.7211E+12,4.12015E-07
14938,1.7211E+12,4.12015E-07
14939,1.7211E+12,4.12015E-07
14940,1.721E+12,4.12015E-07
14941,1.721E+12,4.1202E-07
14942,1.721E+12,4.1202E-07
14943,1.7209E+12,4.1202E-07
14944,1.7209E+12,4.1202E-07
14945,1.7209E+12,4.1202E-07
14946,1.7208E+12,4.12025E-07
14947,1.7208E+12,4.12025E-07
14948,1.7208E+12,4.12025E-07
14949,1.7208E+12,4.12025E-07
14950,1.7207E+12,4.1203E-07
14951,1.7207E+12,4.1203E-07
14952,1.7207E+12,4.1203E-07
14953,1.7206E+12,4.1203E-07
14954,1.7206E+12,4.1203E-07
14955,1.7206E+12,4.12035E-07
14956,1.7205E+12,4.12035E-07
14957,1.7205E+12,4.12035E-07
14958,1.7205E+12,4.12035E-07
14959,1.7205E+12,4.12035E-07
14960,1.7204E+12,4.1204E-07
14961,1.7204E+12,4.1204E-07
14962,1.7204E+12,4.1204E-07
14963,1.7203E+12,4.1204E-07
14964,1.7203E+12,4.12045E-07
14965,1.7203E+12,4.12045E-07
14966,1.7202E+12,4.12045E-07
14967,1.7202E+12,4.12045E-07
14968,1.7202E+12,4.12045E-07
14969,1.7202E+12,4.1205E-07
14970,1.7201E+12,4.1205E-07
14971,1.7201E+12,4.1205E-07
14972,1.7201E+12,4.1205E-07
14973,1.72E+12,4.1205E-07
14974,1.72E+12,4.12055E-07
14975,1.72E+12,4.12055E-07
14976,1.7199E+12,4.12055E-07
14977,1.7199E+12,4.12055E-07
14978,1.7199E+12,4.1206E-07
14979,1.7199E+12,4.1206E-07
14980,1.7198E+12,4.1206E-07
14981,1.7198E+12,4.1206E-07
14982,1.7198E+12,4.1206E-07
14983,1.7197E+12,4.12065E-07
14984,1.7197E+12,4.12065E-07
14985,1.7197E+12,4.12065E-07
14986,1.7196E+12,4.12065E-07
14987,1.7196E+12,4.12065E-07
14988,1.7196E+12,4.1207E-07
14989,1.7196E+12,4.1207E-07
14990,1.7195E+12,4.1207E-07
14991,1.7195E+12,4.1207E-07
14992,1.7195E+12,4.12075E-07
14993,1.7194E+12,4.12075E-07
14994,1.7194E+12,4.12075E-07
14995,1.7194E+12,4.12075E-07
14996,1.7193E+12,4.12075E-07
14997,1.7193E+12,4.1208E-07
14998,1.7193E+12,4.1208E-07
14999,1.7193E+12,4.1208E-07
15000,1.7192E+12,4.1208E-07
15001,1.7192E+12,4.1208E-07
15002,1.7192E+12,4.12085E-07
15003,1.7191E+12,4.12085E-07
15004,1.7191E+12,4.12085E-07
15005,1.7191E+12,4.12085E-07
15006,1.719E+12,4.12085E-07
15007,1.719E+12,4.1209E-07
15008,1.719E+12,4.1209E-07
15009,1.719E+12,4.1209E-07
15010,1.7189E+12,4.1209E-07
15011,1.7189E+12,4.12095E-07
15012,1.7189E+12,4.12095E-07
15013,1.7188E+12,4.12095E-07
15014,1.7188E+12,4.12095E-07
15015,1.7188E+12,4.12095E-07
15016,1.7187E+12,4.121E-07
15017,1.7187E+12,4.121E-07
15018,1.7187E+12,4.121E-07
15019,1.7187E+12,4.121E-07
15020,1.7186E+12,4.121E-07
15021,1.7186E+12,4.12105E-07
15022,1.7186E+12,4.12105E-07
15023,1.7185E+12,4.12105E-07
15024,1.7185E+12,4.12105E-07
15025,1.7185E+12,4.1211E-07
15026,1.7184E+12,4.1211E-07
15027,1.7184E+12,4.1211E-07
15028,1.7184E+12,4.1211E-07
15029,1.7184E+12,4.1211E-07
15030,1.7183E+12,4.12115E-07
15031,1.7183E+12,4.12115E-07
15032,1.7183E+12,4.12115E-07
15033,1.7182E+12,4.12115E-07
15034,1.7182E+12,4.12115E-07
15035,1.7182E+12,4.1212E-07
15036,1.7181E+12,4.1212E-07
15037,1.7181E+12,4.1212E-07
15038,1.7181E+12,4.1212E-07
15039,1.7181E+12,4.12125E-07
15040,1.718E+12,4.12125E-07
15041,1.718E+12,4.12125E-07
15042,1.718E+12,4.12125E-07
15043,1.7179E+12,4.12125E-07
15044,1.7179E+12,4.1213E-07
15045,1.7179E+12,4.1213E-07
15046,1.7178E+12,4.1213E-07
15047,1.7178E+12,4.1213E-07
15048,1.7178E+12,4.1213E-07
15049,1.7178E+12,4.12135E-07
15050,1.7177E+12,4.12135E-07
15051,1.7177E+12,4.12135E-07
15052,1.7177E+12,4.12135E-07
15053,1.7176E+12,4.12135E-07
15054,1.7176E+12,4.1214E-07
15055,1.7176E+12,4.1214E-07
15056,1.7175E+12,4.1214E-07
15057,1.7175E+12,4.1214E-07
15058,1.7175E+12,4.12145E-07
15059,1.7175E+12,4.12145E-07
15060,1.7174E+12,4.12145E-07
15061,1.7174E+12,4.12145E-07
15062,1.7174E+12,4.12145E-07
15063,1.7173E+12,4.1215E-07
15064,1.7173E+12,4.1215E-07
15065,1.7173E+12,4.1215E-07
15066,1.7172E+12,4.1215E-07
15067,1.7172E+12,4.1215E-07
15068,1.7172E+12,4.12155E-07
15069,1.7172E+12,4.12155E-07
15070,1.7171E+12,4.12155E-07
15071,1.7171E+12,4.12155E-07
15072,1.7171E+12,4.1216E-07
15073,1.717E+12,4.1216E-07
15074,1.717E+12,4.1216E-07
15075,1.717E+12,4.1216E-07
15076,1.717E+12,4.1216E-07
15077,1.7169E+12,4.12165E-07
15078,1.7169E+12,4.12165E-07
15079,1.7169E+12,4.12165E-07
15080,1.7168E+12,4.12165E-07
15081,1.7168E+12,4.12165E-07
15082,1.7168E+12,4.1217E-07
15083,1.7167E+12,4.1217E-07
15084,1.7167E+12,4.1217E-07
15085,1.7167E+12,4.1217E-07
15086,1.7167E+12,4.12175E-07
15087,1.7166E+12,4.12175E-07
15088,1.7166E+12,4.12175E-07
15089,1.7166E+12,4.12175E-07
15090,1.7165E+12,4.12175E-07
15091,1.7165E+12,4.1218E-07
15092,1.7165E+12,4.1218E-07
15093,1.7164E+12,4.1218E-07
15094,1.7164E+12,4.1218E-07
15095,1.7164E+12,4.1218E-07
15096,1.7164E+12,4.12185E-07
15097,1.7163E+12,4.12185E-07
15098,1.7163E+12,4.12185E-07
15099,1.7163E+12,4.12185E-07
15100,1.7162E+12,4.12185E-07
15101,1.7162E+12,4.1219E-07
15102,1.7162E+12,4.1219E-07
15103,1.7161E+12,4.1219E-07
15104,1.7161E+12,4.1219E-07
15105,1.7161E+12,4.12195E-07
15106,1.7161E+12,4.12195E-07
15107,1.716E+12,4.12195E-07
15108,1.716E+12,4.12195E-07
15109,1.716E+12,4.12195E-07
15110,1.7159E+12,4.122E-07
15111,1.7159E+12,4.122E-07
15112,1.7159E+12,4.122E-07
15113,1.7158E+12,4.122E-07
15114,1.7158E+12,4.122E-07
15115,1.7158E+12,4.12205E-07
15116,1.7158E+12,4.12205E-07
15117,1.7157E+12,4.12205E-07
15118,1.7157E+12,4.12205E-07
15119,1.7157E+12,4.12205E-07
15120,1.7156E+12,4.1221E-07
15121,1.7156E+12,4.1221E-07
15122,1.7156E+12,4.1221E-07
15123,1.7156E+12,4.1221E-07
15124,1.7155E+12,4.12215E-07
15125,1.7155E+12,4.12215E-07
15126,1.7155E+12,4.12215E-07
15127,1.7154E+12,4.12215E-07
15128,1.7154E+12,4.12215E-07
15129,1.7154E+12,4.1222E-07
15130,1.7153E+12,4.1222E-07
15131,1.7153E+12,4.1222E-07
15132,1.7153E+12,4.1222E-07
15133,1.7153E+12,4.1222E-07
15134,1.7152E+12,4.12225E-07
15135,1.7152E+12,4.12225E-07
15136,1.7152E+12,4.12225E-07
15137,1.7151E+12,4.12225E-07
15138,1.7151E+12,4.1223E-07
15139,1.7151E+12,4.1223E-07
15140,1.715E+12,4.1223E-07
15141,1.715E+12,4.1223E-07
15142,1.715E+12,4.1223E-07
15143,1.715E+12,4.12235E-07
15144,1.7149E+12,4.12235E-07
15145,1.7149E+12,4.12235E-07
15146,1.7149E+12,4.12235E-07
15147,1.7148E+12,4.12235E-07
15148,1.7148E+12,4.1224E-07
15149,1.7148E+12,4.1224E-07
15150,1.7148E+12,4.1224E-07
15151,1.7147E+12,4.1224E-07
15152,1.7147E+12,4.1224E-07
15153,1.7147E+12,4.12245E-07
15154,1.7146E+12,4.12245E-07
15155,1.7146E+12,4.12245E-07
15156,1.7146E+12,4.12245E-07
15157,1.7145E+12,4.1225E-07
15158,1.7145E+12,4.1225E-07
15159,1.7145E+12,4.1225E-07
15160,1.7145E+12,4.1225E-07
15161,1.7144E+12,4.1225E-07
15162,1.7144E+12,4.12255E-07
15163,1.7144E+12,4.12255E-07
15164,1.7143E+12,4.12255E-07
15165,1.7143E+12,4.12255E-07
15166,1.7143E+12,4.12255E-07
15167,1.7142E+12,4.1226E-07
15168,1.7142E+12,4.1226E-07
15169,1.7142E+12,4.1226E-07
15170,1.7142E+12,4.1226E-07
15171,1.7141E+12,4.1226E-07
15172,1.7141E+12,4.12265E-07
15173,1.7141E+12,4.12265E-07
15174,1.714E+12,4.12265E-07
15175,1.714E+12,4.12265E-07
15176,1.714E+12,4.1227E-07
15177,1.714E+12,4.1227E-07
15178,1.7139E+12,4.1227E-07
15179,1.7139E+12,4.1227E-07
15180,1.7139E+12,4.1227E-07
15181,1.7138E+12,4.12275E-07
15182,1.7138E+12,4.12275E-07
15183,1.7138E+12,4.12275E-07
15184,1.7137E+12,4.12275E-07
15185,1.7137E+12,4.12275E-07
15186,1.7137E+12,4.1228E-07
15187,1.7137E+12,4.1228E-07
15188,1.7136E+12,4.1228E-07
15189,1.7136E+12,4.1228E-07
15190,1.7136E+12,4.1228E-07
15191,1.7135E+12,4.12285E-07
15192,1.7135E+12,4.12285E-07
15193,1.7135E+12,4.12285E-07
15194,1.7135E+12,4.12285E-07
15195,1.7134E+12,4.1229E-07
15196,1.7134E+12,4.1229E-07
15197,1.7134E+12,4.1229E-07
15198,1.7133E+12,4.1229E-07
15199,1.7133E+12,4.1229E-07
15200,1.7133E+12,4.12295E-07
15201,1.7132E+12,4.12295E-07
15202,1.7132E+12,4.12295E-07
15203,1.7132E+12,4.12295E-07
15204,1.7132E+12,4.12295E-07
15205,1.7131E+12,4.123E-07
15206,1.7131E+12,4.123E-07
15207,1.7131E+12,4.123E-07
15208,1.713E+12,4.123E-07
15209,1.713E+12,4.123E-07
15210,1.713E+12,4.12305E-07
15211,1.713E+12,4.12305E-07
15212,1.7129E+12,4.12305E-07
15213,1.7129E+12,4.12305E-07
15214,1.7129E+12,4.1231E-07
15215,1.7128E+12,4.1231E-07
15216,1.7128E+12,4.1231E-07
15217,1.7128E+12,4.1231E-07
15218,1.7127E+12,4.1231E-07
15219,1.7127E+12,4.12315E-07
15220,1.7127E+12,4.12315E-07
15221,1.7127E+12,4.12315E-07
15222,1.7126E+12,4.12315E-07
15223,1.7126E+12,4.12315E-07
15224,1.7126E+12,4.1232E-07
15225,1.7125E+12,4.1232E-07
15226,1.7125E+12,4.1232E-07
15227,1.7125E+12,4.1232E-07
15228,1.7124E+12,4.1232E-07
15229,1.7124E+12,4.12325E-07
15230,1.7124E+12,4.12325E-07
15231,1.7124E+12,4.12325E-07
15232,1.7123E+12,4.12325E-07
15233,1.7123E+12,4.1233E-07
15234,1.7123E+12,4.1233E-07
15235,1.7122E+12,4.1233E-07
15236,1.7122E+12,4.1233E-07
15237,1.7122E+12,4.1233E-07
15238,1.7122E+12,4.12335E-07
15239,1.7121E+12,4.12335E-07
15240,1.7121E+12,4.12335E-07
15241,1.7121E+12,4.12335E-07
15242,1.712E+12,4.12335E-07
15243,1.712E+12,4.1234E-07
15244,1.712E+12,4.1234E-07
15245,1.712E+12,4.1234E-07
15246,1.7119E+12,4.1234E-07
15247,1.7119E+12,4.1234E-07
15248,1.7119E+12,4.12345E-07
15249,1.7118E+12,4.12345E-07
15250,1.7118E+12,4.12345E-07
15251,1.7118E+12,4.12345E-07
15252,1.7117E+12,4.12345E-07
15253,1.7117E+12,4.1235E-07
15254,1.7117E+12,4.1235E-07
15255,1.7117E+12,4.1235E-07
15256,1.7116E+12,4.1235E-07
15257,1.7116E+12,4.12355E-07
15258,1.7116E+12,4.12355E-07
15259,1.7115E+12,4.12355E-07
15260,1.7115E+12,4.12355E-07
15261,1.7115E+12,4.12355E-07
15262,1.7115E+12,4.1236E-07
15263,1.7114E+12,4.1236E-07
15264,1.7114E+12,4.1236E-07
15265,1.7114E+12,4.1236E-07
15266,1.7113E+12,4.1236E-07
15267,1.7113E+12,4.12365E-07
15268,1.7113E+12,4.12365E-07
15269,1.7112E+12,4.12365E-07
15270,1.7112E+12,4.12365E-07
15271,1.7112E+12,4.12365E-07
15272,1.7112E+12,4.1237E-07
15273,1.7111E+12,4.1237E-07
15274,1.7111E+12,4.1237E-07
15275,1.7111E+12,4.1237E-07
15276,1.711E+12,4.12375E-07
15277,1.711E+12,4.12375E-07
15278,1.711E+12,4.12375E-07
15279,1.711E+12,4.12375E-07
15280,1.7109E+12,4.12375E-07
15281,1.7109E+12,4.1238E-07
15282,1.7109E+12,4.1238E-07
15283,1.7108E+12,4.1238E-07
15284,1.7108E+12,4.1238E-07
15285,1.7108E+12,4.1238E-07
15286,1.7107E+12,4.12385E-07
15287,1.7107E+12,4.12385E-07
15288,1.7107E+12,4.12385E-07
15289,1.7107E+12,4.12385E-07
15290,1.7106E+12,4.12385E-07
15291,1.7106E+12,4.1239E-07
15292,1.7106E+12,4.1239E-07
15293,1.7105E+12,4.1239E-07
15294,1.7105E+12,4.1239E-07
15295,1.7105E+12,4.1239E-07
15296,1.7105E+12,4.12395E-07
15297,1.7104E+12,4.12395E-07
15298,1.7104E+12,4.12395E-07
15299,1.7104E+12,4.12395E-07
15300,1.7103E+12,4.124E-07
15301,1.7103E+12,4.124E-07
15302,1.7103E+12,4.124E-07
15303,1.7103E+12,4.124E-07
15304,1.7102E+12,4.124E-07
15305,1.7102E+12,4.12405E-07
15306,1.7102E+12,4.12405E-07
15307,1.7101E+12,4.12405E-07
15308,1.7101E+12,4.12405E-07
15309,1.7101E+12,4.12405E-07
15310,1.71E+12,4.1241E-07
15311,1.71E+12,4.1241E-07
15312,1.71E+12,4.1241E-07
15313,1.71E+12,4.1241E-07
15314,1.7099E+12,4.1241E-07
15315,1.7099E+12,4.12415E-07
15316,1.7099E+12,4.12415E-07
15317,1.7098E+12,4.12415E-07
15318,1.7098E+12,4.12415E-07
15319,1.7098E+12,4.12415E-07
15320,1.7098E+12,4.1242E-07
15321,1.7097E+12,4.1242E-07
15322,1.7097E+12,4.1242E-07
15323,1.7097E+12,4.1242E-07
15324,1.7096E+12,4.12425E-07
15325,1.7096E+12,4.12425E-07
15326,1.7096E+12,4.12425E-07
15327,1.7095E+12,4.12425E-07
15328,1.7095E+12,4.12425E-07
15329,1.7095E+12,4.1243E-07
15330,1.7095E+12,4.1243E-07
15331,1.7094E+12,4.1243E-07
15332,1.7094E+12,4.1243E-07
15333,1.7094E+12,4.1243E-07
15334,1.7093E+12,4.12435E-07
15335,1.7093E+12,4.12435E-07
15336,1.7093E+12,4.12435E-07
15337,1.7093E+12,4.12435E-07
15338,1.7092E+12,4.12435E-07
15339,1.7092E+12,4.1244E-07
15340,1.7092E+12,4.1244E-07
15341,1.7091E+12,4.1244E-07
15342,1.7091E+12,4.1244E-07
15343,1.7091E+12,4.1244E-07
15344,1.7091E+12,4.12445E-07
15345,1.709E+12,4.12445E-07
15346,1.709E+12,4.12445E-07
15347,1.709E+12,4.12445E-07
15348,1.7089E+12,4.1245E-07
15349,1.7089E+12,4.1245E-07
15350,1.7089E+12,4.1245E-07
15351,1.7089E+12,4.1245E-07
15352,1.7088E+12,4.1245E-07
15353,1.7088E+12,4.12455E-07
15354,1.7088E+12,4.12455E-07
15355,1.7087E+12,4.12455E-07
15356,1.7087E+12,4.12455E-07
15357,1.7087E+12,4.12455E-07
15358,1.7086E+12,4.1246E-07
15359,1.7086E+12,4.1246E-07
15360,1.7086E+12,4.1246E-07
15361,1.7086E+12,4.1246E-07
15362,1.7085E+12,4.1246E-07
15363,1.7085E+12,4.12465E-07
15364,1.7085E+12,4.12465E-07
15365,1.7084E+12,4.12465E-07
15366,1.7084E+12,4.12465E-07
15367,1.7084E+12,4.12465E-07
15368,1.7084E+12,4.1247E-07
15369,1.7083E+12,4.1247E-07
15370,1.7083E+12,4.1247E-07
15371,1.7083E+12,4.1247E-07
15372,1.7082E+12,4.12475E-07
15373,1.7082E+12,4.12475E-07
15374,1.7082E+12,4.12475E-07
15375,1.7082E+12,4.12475E-07
15376,1.7081E+12,4.12475E-07
15377,1.7081E+12,4.1248E-07
15378,1.7081E+12,4.1248E-07
15379,1.708E+12,4.1248E-07
15380,1.708E+12,4.1248E-07
15381,1.708E+12,4.1248E-07
15382,1.7079E+12,4.12485E-07
15383,1.7079E+12,4.12485E-07
15384,1.7079E+12,4.12485E-07
15385,1.7079E+12,4.12485E-07
15386,1.7078E+12,4.12485E-07
15387,1.7078E+12,4.1249E-07
15388,1.7078E+12,4.1249E-07
15389,1.7077E+12,4.1249E-07
15390,1.7077E+12,4.1249E-07
15391,1.7077E+12,4.1249E-07
15392,1.7077E+12,4.12495E-07
15393,1.7076E+12,4.12495E-07
15394,1.7076E+12,4.12495E-07
15395,1.7076E+12,4.12495E-07
15396,1.7075E+12,4.125E-07
15397,1.7075E+12,4.125E-07
15398,1.7075E+12,4.125E-07
15399,1.7075E+12,4.125E-07
15400,1.7074E+12,4.125E-07
15401,1.7074E+12,4.12505E-07
15402,1.7074E+12,4.12505E-07
15403,1.7073E+12,4.12505E-07
15404,1.7073E+12,4.12505E-07
15405,1.7073E+12,4.12505E-07
15406,1.7073E+12,4.1251E-07
15407,1.7072E+12,4.1251E-07
15408,1.7072E+12,4.1251E-07
15409,1.7072E+12,4.1251E-07
15410,1.7071E+12,4.1251E-07
15411,1.7071E+12,4.12515E-07
15412,1.7071E+12,4.12515E-07
15413,1.707E+12,4.12515E-07
15414,1.707E+12,4.12515E-07
15415,1.707E+12,4.12515E-07
15416,1.707E+12,4.1252E-07
15417,1.7069E+12,4.1252E-07
15418,1.7069E+12,4.1252E-07
15419,1.7069E+12,4.1252E-07
15420,1.7068E+12,4.1252E-07
15421,1.7068E+12,4.12525E-07
15422,1.7068E+12,4.12525E-07
15423,1.7068E+12,4.12525E-07
15424,1.7067E+12,4.12525E-07
15425,1.7067E+12,4.1253E-07
15426,1.7067E+12,4.1253E-07
15427,1.7066E+12,4.1253E-07
15428,1.7066E+12,4.1253E-07
15429,1.7066E+12,4.1253E-07
15430,1.7066E+12,4.12535E-07
15431,1.7065E+12,4.12535E-07
15432,1.7065E+12,4.12535E-07
15433,1.7065E+12,4.12535E-07
15434,1.7064E+12,4.12535E-07
15435,1.7064E+12,4.1254E-07
15436,1.7064E+12,4.1254E-07
15437,1.7064E+12,4.1254E-07
15438,1.7063E+12,4.1254E-07
15439,1.7063E+12,4.1254E-07
15440,1.7063E+12,4.12545E-07
15441,1.7062E+12,4.12545E-07
15442,1.7062E+12,4.12545E-07
15443,1.7062E+12,4.12545E-07
15444,1.7062E+12,4.12545E-07
15445,1.7061E+12,4.1255E-07
15446,1.7061E+12,4.1255E-07
15447,1.7061E+12,4.1255E-07
15448,1.706E+12,4.1255E-07
15449,1.706E+12,4.1255E-07
15450,1.706E+12,4.12555E-07
15451,1.706E+12,4.12555E-07
15452,1.7059E+12,4.12555E-07
15453,1.7059E+12,4.12555E-07
15454,1.7059E+12,4.1256E-07
15455,1.7058E+12,4.1256E-07
15456,1.7058E+12,4.1256E-07
15457,1.7058E+12,4.1256E-07
15458,1.7057E+12,4.1256E-07
15459,1.7057E+12,4.12565E-07
15460,1.7057E+12,4.12565E-07
15461,1.7057E+12,4.12565E-07
15462,1.7056E+12,4.12565E-07
15463,1.7056E+12,4.12565E-07
15464,1.7056E+12,4.1257E-07
15465,1.7055E+12,4.1257E-07
15466,1.7055E+12,4.1257E-07
15467,1.7055E+12,4.1257E-07
15468,1.7055E+12,4.1257E-07
15469,1.7054E+12,4.12575E-07
15470,1.7054E+12,4.12575E-07
15471,1.7054E+12,4.12575E-07
15472,1.7053E+12,4.12575E-07
15473,1.7053E+12,4.12575E-07
15474,1.7053E+12,4.1258E-07
15475,1.7053E+12,4.1258E-07
15476,1.7052E+12,4.1258E-07
15477,1.7052E+12,4.1258E-07
15478,1.7052E+12,4.1258E-07
15479,1.7051E+12,4.12585E-07
15480,1.7051E+12,4.12585E-07
15481,1.7051E+12,4.12585E-07
15482,1.7051E+12,4.12585E-07
15483,1.705E+12,4.1259E-07
15484,1.705E+12,4.1259E-07
15485,1.705E+12,4.1259E-07
15486,1.7049E+12,4.1259E-07
15487,1.7049E+12,4.1259E-07
15488,1.7049E+12,4.12595E-07
15489,1.7049E+12,4.12595E-07
15490,1.7048E+12,4.12595E-07
15491,1.7048E+12,4.12595E-07
15492,1.7048E+12,4.12595E-07
15493,1.7047E+12,4.126E-07
15494,1.7047E+12,4.126E-07
15495,1.7047E+12,4.126E-07
15496,1.7047E+12,4.126E-07
15497,1.7046E+12,4.126E-07
15498,1.7046E+12,4.12605E-07
15499,1.7046E+12,4.12605E-07
15500,1.7045E+12,4.12605E-07
15501,1.7045E+12,4.12605E-07
15502,1.7045E+12,4.12605E-07
15503,1.7045E+12,4.1261E-07
15504,1.7044E+12,4.1261E-07
15505,1.7044E+12,4.1261E-07
15506,1.7044E+12,4.1261E-07
15507,1.7043E+12,4.1261E-07
15508,1.7043E+12,4.12615E-07
15509,1.7043E+12,4.12615E-07
15510,1.7043E+12,4.12615E-07
15511,1.7042E+12,4.12615E-07
15512,1.7042E+12,4.12615E-07
15513,1.7042E+12,4.1262E-07
15514,1.7041E+12,4.1262E-07
15515,1.7041E+12,4.1262E-07
15516,1.7041E+12,4.1262E-07
15517,1.7041E+12,4.12625E-07
15518,1.704E+12,4.12625E-07
15519,1.704E+12,4.12625E-07
15520,1.704E+12,4.12625E-07
15521,1.7039E+12,4.12625E-07
15522,1.7039E+12,4.1263E-07
15523,1.7039E+12,4.1263E-07
15524,1.7038E+12,4.1263E-07
15525,1.7038E+12,4.1263E-07
15526,1.7038E+12,4.1263E-07
15527,1.7038E+12,4.12635E-07
15528,1.7037E+12,4.12635E-07
15529,1.7037E+12,4.12635E-07
15530,1.7037E+12,4.12635E-07
15531,1.7036E+12,4.12635E-07
15532,1.7036E+12,4.1264E-07
15533,1.7036E+12,4.1264E-07
15534,1.7036E+12,4.1264E-07
15535,1.7035E+12,4.1264E-07
15536,1.7035E+12,4.1264E-07
15537,1.7035E+12,4.12645E-07
15538,1.7034E+12,4.12645E-07
15539,1.7034E+12,4.12645E-07
15540,1.7034E+12,4.12645E-07
15541,1.7034E+12,4.12645E-07
15542,1.7033E+12,4.1265E-07
15543,1.7033E+12,4.1265E-07
15544,1.7033E+12,4.1265E-07
15545,1.7032E+12,4.1265E-07
15546,1.7032E+12,4.1265E-07
15547,1.7032E+12,4.12655E-07
15548,1.7032E+12,4.12655E-07
15549,1.7031E+12,4.12655E-07
15550,1.7031E+12,4.12655E-07
15551,1.7031E+12,4.12655E-07
15552,1.703E+12,4.1266E-07
15553,1.703E+12,4.1266E-07
15554,1.703E+12,4.1266E-07
15555,1.703E+12,4.1266E-07
15556,1.7029E+12,4.12665E-07
15557,1.7029E+12,4.12665E-07
15558,1.7029E+12,4.12665E-07
15559,1.7028E+12,4.12665E-07
15560,1.7028E+12,4.12665E-07
15561,1.7028E+12,4.1267E-07
15562,1.7028E+12,4.1267E-07
15563,1.7027E+12,4.1267E-07
15564,1.7027E+12,4.1267E-07
15565,1.7027E+12,4.1267E-07
15566,1.7026E+12,4.12675E-07
15567,1.7026E+12,4.12675E-07
15568,1.7026E+12,4.12675E-07
15569,1.7026E+12,4.12675E-07
15570,1.7025E+12,4.12675E-07
15571,1.7025E+12,4.1268E-07
15572,1.7025E+12,4.1268E-07
15573,1.7024E+12,4.1268E-07
15574,1.7024E+12,4.1268E-07
15575,1.7024E+12,4.1268E-07
15576,1.7024E+12,4.12685E-07
15577,1.7023E+12,4.12685E-07
15578,1.7023E+12,4.12685E-07
15579,1.7023E+12,4.12685E-07
15580,1.7022E+12,4.12685E-07
15581,1.7022E+12,4.1269E-07
15582,1.7022E+12,4.1269E-07
15583,1.7022E+12,4.1269E-07
15584,1.7021E+12,4.1269E-07
15585,1.7021E+12,4.1269E-07
15586,1.7021E+12,4.12695E-07
15587,1.702E+12,4.12695E-07
15588,1.702E+12,4.12695E-07
15589,1.702E+12,4.12695E-07
15590,1.702E+12,4.12695E-07
15591,1.7019E+12,4.127E-07
15592,1.7019E+12,4.127E-07
15593,1.7019E+12,4.127E-07
15594,1.7018E+12,4.127E-07
15595,1.7018E+12,4.12705E-07
15596,1.7018E+12,4.12705E-07
15597,1.7018E+12,4.12705E-07
15598,1.7017E+12,4.12705E-07
15599,1.7017E+12,4.12705E-07
15600,1.7017E+12,4.1271E-07
15601,1.7016E+12,4.1271E-07
15602,1.7016E+12,4.1271E-07
15603,1.7016E+12,4.1271E-07
15604,1.7016E+12,4.1271E-07
15605,1.7015E+12,4.12715E-07
15606,1.7015E+12,4.12715E-07
15607,1.7015E+12,4.12715E-07
15608,1.7014E+12,4.12715E-07
15609,1.7014E+12,4.12715E-07
15610,1.7014E+12,4.1272E-07
15611,1.7014E+12,4.1272E-07
15612,1.7013E+12,4.1272E-07
15613,1.7013E+12,4.1272E-07
15614,1.7013E+12,4.1272E-07
15615,1.7012E+12,4.12725E-07
15616,1.7012E+12,4.12725E-07
15617,1.7012E+12,4.12725E-07
15618,1.7012E+12,4.12725E-07
15619,1.7011E+12,4.12725E-07
15620,1.7011E+12,4.1273E-07
15621,1.7011E+12,4.1273E-07
15622,1.701E+12,4.1273E-07
15623,1.701E+12,4.1273E-07
15624,1.701E+12,4.1273E-07
15625,1.701E+12,4.12735E-07
15626,1.7009E+12,4.12735E-07
15627,1.7009E+12,4.12735E-07
15628,1.7009E+12,4.12735E-07
15629,1.7009E+12,4.12735E-07
15630,1.7008E+12,4.1274E-07
15631,1.7008E+12,4.1274E-07
15632,1.7008E+12,4.1274E-07
15633,1.7007E+12,4.1274E-07
15634,1.7007E+12,4.1274E-07
15635,1.7007E+12,4.12745E-07
15636,1.7007E+12,4.12745E-07
15637,1.7006E+12,4.12745E-07
15638,1.7006E+12,4.12745E-07
15639,1.7006E+12,4.1275E-07
15640,1.7005E+12,4.1275E-07
15641,1.7005E+12,4.1275E-07
15642,1.7005E+12,4.1275E-07
15643,1.7005E+12,4.1275E-07
15644,1.7004E+12,4.12755E-07
15645,1.7004E+12,4.12755E-07
15646,1.7004E+12,4.12755E-07
15647,1.7003E+12,4.12755E-07
15648,1.7003E+12,4.12755E-07
15649,1.7003E+12,4.1276E-07
15650,1.7003E+12,4.1276E-07
15651,1.7002E+12,4.1276E-07
15652,1.7002E+12,4.1276E-07
15653,1.7002E+12,4.1276E-07
15654,1.7001E+12,4.12765E-07
15655,1.7001E+12,4.12765E-07
15656,1.7001E+12,4.12765E-07
15657,1.7001E+12,4.12765E-07
15658,1.7E+12,4.12765E-07
15659,1.7E+12,4.1277E-07
15660,1.7E+12,4.1277E-07
15661,1.6999E+12,4.1277E-07
15662,1.6999E+12,4.1277E-07
15663,1.6999E+12,4.1277E-07
15664,1.6999E+12,4.12775E-07
15665,1.6998E+12,4.12775E-07
15666,1.6998E+12,4.12775E-07
15667,1.6998E+12,4.12775E-07
15668,1.6997E+12,4.12775E-07
15669,1.6997E+12,4.1278E-07
15670,1.6997E+12,4.1278E-07
15671,1.6997E+12,4.1278E-07
15672,1.6996E+12,4.1278E-07
15673,1.6996E+12,4.1278E-07
15674,1.6996E+12,4.12785E-07
15675,1.6995E+12,4.12785E-07
15676,1.6995E+12,4.12785E-07
15677,1.6995E+12,4.12785E-07
15678,1.6995E+12,4.12785E-07
15679,1.6994E+12,4.1279E-07
15680,1.6994E+12,4.1279E-07
15681,1.6994E+12,4.1279E-07
15682,1.6993E+12,4.1279E-07
15683,1.6993E+12,4.1279E-07
15684,1.6993E+12,4.12795E-07
15685,1.6993E+12,4.12795E-07
15686,1.6992E+12,4.12795E-07
15687,1.6992E+12,4.12795E-07
15688,1.6992E+12,4.12795E-07
15689,1.6991E+12,4.128E-07
15690,1.6991E+12,4.128E-07
15691,1.6991E+12,4.128E-07
15692,1.6991E+12,4.128E-07
15693,1.699E+12,4.12805E-07
15694,1.699E+12,4.12805E-07
15695,1.699E+12,4.12805E-07
15696,1.699E+12,4.12805E-07
15697,1.6989E+12,4.12805E-07
15698,1.6989E+12,4.1281E-07
15699,1.6989E+12,4.1281E-07
15700,1.6988E+12,4.1281E-07
15701,1.6988E+12,4.1281E-07
15702,1.6988E+12,4.1281E-07
15703,1.6988E+12,4.12815E-07
15704,1.6987E+12,4.12815E-07
15705,1.6987E+12,4.12815E-07
15706,1.6987E+12,4.12815E-07
15707,1.6986E+12,4.12815E-07
15708,1.6986E+12,4.1282E-07
15709,1.6986E+12,4.1282E-07
15710,1.6986E+12,4.1282E-07
15711,1.6985E+12,4.1282E-07
15712,1.6985E+12,4.1282E-07
15713,1.6985E+12,4.12825E-07
15714,1.6984E+12,4.12825E-07
15715,1.6984E+12,4.12825E-07
15716,1.6984E+12,4.12825E-07
15717,1.6984E+12,4.12825E-07
15718,1.6983E+12,4.1283E-07
15719,1.6983E+12,4.1283E-07
15720,1.6983E+12,4.1283E-07
15721,1.6982E+12,4.1283E-07
15722,1.6982E+12,4.1283E-07
15723,1.6982E+12,4.12835E-07
15724,1.6982E+12,4.12835E-07
15725,1.6981E+12,4.12835E-07
15726,1.6981E+12,4.12835E-07
15727,1.6981E+12,4.12835E-07
15728,1.698E+12,4.1284E-07
15729,1.698E+12,4.1284E-07
15730,1.698E+12,4.1284E-07
15731,1.698E+12,4.1284E-07
15732,1.6979E+12,4.1284E-07
15733,1.6979E+12,4.12845E-07
15734,1.6979E+12,4.12845E-07
15735,1.6978E+12,4.12845E-07
15736,1.6978E+12,4.12845E-07
15737,1.6978E+12,4.12845E-07
15738,1.6978E+12,4.1285E-07
15739,1.6977E+12,4.1285E-07
15740,1.6977E+12,4.1285E-07
15741,1.6977E+12,4.1285E-07
15742,1.6977E+12,4.1285E-07
15743,1.6976E+12,4.12855E-07
15744,1.6976E+12,4.12855E-07
15745,1.6976E+12,4.12855E-07
15746,1.6975E+12,4.12855E-07
15747,1.6975E+12,4.12855E-07
15748,1.6975E+12,4.1286E-07
15749,1.6975E+12,4.1286E-07
15750,1.6974E+12,4.1286E-07
15751,1.6974E+12,4.1286E-07
15752,1.6974E+12,4.1286E-07
15753,1.6973E+12,4.12865E-07
15754,1.6973E+12,4.12865E-07
15755,1.6973E+12,4.12865E-07
15756,1.6973E+12,4.12865E-07
15757,1.6972E+12,4.12865E-07
15758,1.6972E+12,4.1287E-07
15759,1.6972E+12,4.1287E-07
15760,1.6971E+12,4.1287E-07
15761,1.6971E+12,4.1287E-07
15762,1.6971E+12,4.1287E-07
15763,1.6971E+12,4.12875E-07
15764,1.697E+12,4.12875E-07
15765,1.697E+12,4.12875E-07
15766,1.697E+12,4.12875E-07
15767,1.6969E+12,4.1288E-07
15768,1.6969E+12,4.1288E-07
15769,1.6969E+12,4.1288E-07
15770,1.6969E+12,4.1288E-07
15771,1.6968E+12,4.1288E-07
15772,1.6968E+12,4.12885E-07
15773,1.6968E+12,4.12885E-07
15774,1.6968E+12,4.12885E-07
15775,1.6967E+12,4.12885E-07
15776,1.6967E+12,4.12885E-07
15777,1.6967E+12,4.1289E-07
15778,1.6966E+12,4.1289E-07
15779,1.6966E+12,4.1289E-07
15780,1.6966E+12,4.1289E-07
15781,1.6966E+12,4.1289E-07
15782,1.6965E+12,4.12895E-07
15783,1.6965E+12,4.12895E-07
15784,1.6965E+12,4.12895E-07
15785,1.6964E+12,4.12895E-07
15786,1.6964E+12,4.12895E-07
15787,1.6964E+12,4.129E-07
15788,1.6964E+12,4.129E-07
15789,1.6963E+12,4.129E-07
15790,1.6963E+12,4.129E-07
15791,1.6963E+12,4.129E-07
15792,1.6962E+12,4.12905E-07
15793,1.6962E+12,4.12905E-07
15794,1.6962E+12,4.12905E-07
15795,1.6962E+12,4.12905E-07
15796,1.6961E+12,4.12905E-07
15797,1.6961E+12,4.1291E-07
15798,1.6961E+12,4.1291E-07
15799,1.696E+12,4.1291E-07
15800,1.696E+12,4.1291E-07
15801,1.696E+12,4.1291E-07
15802,1.696E+12,4.12915E-07
15803,1.6959E+12,4.12915E-07
15804,1.6959E+12,4.12915E-07
15805,1.6959E+12,4.12915E-07
15806,1.6959E+12,4.12915E-07
15807,1.6958E+12,4.1292E-07
15808,1.6958E+12,4.1292E-07
15809,1.6958E+12,4.1292E-07
15810,1.6957E+12,4.1292E-07
15811,1.6957E+12,4.1292E-07
15812,1.6957E+12,4.12925E-07
15813,1.6957E+12,4.12925E-07
15814,1.6956E+12,4.12925E-07
15815,1.6956E+12,4.12925E-07
15816,1.6956E+12,4.12925E-07
15817,1.6955E+12,4.1293E-07
15818,1.6955E+12,4.1293E-07
15819,1.6955E+12,4.1293E-07
15820,1.6955E+12,4.1293E-07
15821,1.6954E+12,4.1293E-07
15822,1.6954E+12,4.12935E-07
15823,1.6954E+12,4.12935E-07
15824,1.6953E+12,4.12935E-07
15825,1.6953E+12,4.12935E-07
15826,1.6953E+12,4.12935E-07
15827,1.6953E+12,4.1294E-07
15828,1.6952E+12,4.1294E-07
15829,1.6952E+12,4.1294E-07
15830,1.6952E+12,4.1294E-07
15831,1.6952E+12,4.1294E-07
15832,1.6951E+12,4.12945E-07
15833,1.6951E+12,4.12945E-07
15834,1.6951E+12,4.12945E-07
15835,1.695E+12,4.12945E-07
15836,1.695E+12,4.12945E-07
15837,1.695E+12,4.1295E-07
15838,1.695E+12,4.1295E-07
15839,1.6949E+12,4.1295E-07
15840,1.6949E+12,4.1295E-07
15841,1.6949E+12,4.1295E-07
15842,1.6948E+12,4.12955E-07
15843,1.6948E+12,4.12955E-07
15844,1.6948E+12,4.12955E-07
15845,1.6948E+12,4.12955E-07
15846,1.6947E+12,4.12955E-07
15847,1.6947E+12,4.1296E-07
15848,1.6947E+12,4.1296E-07
15849,1.6946E+12,4.1296E-07
15850,1.6946E+12,4.1296E-07
15851,1.6946E+12,4.1296E-07
15852,1.6946E+12,4.12965E-07
15853,1.6945E+12,4.12965E-07
15854,1.6945E+12,4.12965E-07
15855,1.6945E+12,4.12965E-07
15856,1.6945E+12,4.12965E-07
15857,1.6944E+12,4.1297E-07
15858,1.6944E+12,4.1297E-07
15859,1.6944E+12,4.1297E-07
15860,1.6943E+12,4.1297E-07
15861,1.6943E+12,4.1297E-07
15862,1.6943E+12,4.12975E-07
15863,1.6943E+12,4.12975E-07
15864,1.6942E+12,4.12975E-07
15865,1.6942E+12,4.12975E-07
15866,1.6942E+12,4.12975E-07
15867,1.6941E+12,4.1298E-07
15868,1.6941E+12,4.1298E-07
15869,1.6941E+12,4.1298E-07
15870,1.6941E+12,4.1298E-07
15871,1.694E+12,4.1298E-07
15872,1.694E+12,4.12985E-07
15873,1.694E+12,4.12985E-07
15874,1.694E+12,4.12985E-07
15875,1.6939E+12,4.12985E-07
15876,1.6939E+12,4.12985E-07
15877,1.6939E+12,4.1299E-07
15878,1.6938E+12,4.1299E-07
15879,1.6938E+12,4.1299E-07
15880,1.6938E+12,4.1299E-07
15881,1.6938E+12,4.1299E-07
15882,1.6937E+12,4.12995E-07
15883,1.6937E+12,4.12995E-07
15884,1.6937E+12,4.12995E-07
15885,1.6936E+12,4.12995E-07
15886,1.6936E+12,4.12995E-07
15887,1.6936E+12,0.000000413
15888,1.6936E+12,0.000000413
15889,1.6935E+12,0.000000413
15890,1.6935E+12,0.000000413
15891,1.6935E+12,0.000000413
15892,1.6935E+12,4.13005E-07
15893,1.6934E+12,4.13005E-07
15894,1.6934E+12,4.13005E-07
15895,1.6934E+12,4.13005E-07
15896,1.6933E+12,4.13005E-07
15897,1.6933E+12,4.1301E-07
15898,1.6933E+12,4.1301E-07
15899,1.6933E+12,4.1301E-07
15900,1.6932E+12,4.1301E-07
15901,1.6932E+12,4.1301E-07
15902,1.6932E+12,4.13015E-07
15903,1.6931E+12,4.13015E-07
15904,1.6931E+12,4.13015E-07
15905,1.6931E+12,4.13015E-07
15906,1.6931E+12,4.13015E-07
15907,1.693E+12,4.1302E-07
15908,1.693E+12,4.1302E-07
15909,1.693E+12,4.1302E-07
15910,1.693E+12,4.1302E-07
15911,1.6929E+12,4.1302E-07
15912,1.6929E+12,4.13025E-07
15913,1.6929E+12,4.13025E-07
15914,1.6928E+12,4.13025E-07
15915,1.6928E+12,4.13025E-07
15916,1.6928E+12,4.13025E-07
15917,1.6928E+12,4.1303E-07
15918,1.6927E+12,4.1303E-07
15919,1.6927E+12,4.1303E-07
15920,1.6927E+12,4.1303E-07
15921,1.6926E+12,4.1303E-07
15922,1.6926E+12,4.13035E-07
15923,1.6926E+12,4.13035E-07
15924,1.6926E+12,4.13035E-07
15925,1.6925E+12,4.13035E-07
15926,1.6925E+12,4.13035E-07
15927,1.6925E+12,4.1304E-07
15928,1.6925E+12,4.1304E-07
15929,1.6924E+12,4.1304E-07
15930,1.6924E+12,4.1304E-07
15931,1.6924E+12,4.1304E-07
15932,1.6923E+12,4.13045E-07
15933,1.6923E+12,4.13045E-07
15934,1.6923E+12,4.13045E-07
15935,1.6923E+12,4.13045E-07
15936,1.6922E+12,4.13045E-07
15937,1.6922E+12,4.1305E-07
15938,1.6922E+12,4.1305E-07
15939,1.6921E+12,4.1305E-07
15940,1.6921E+12,4.1305E-07
15941,1.6921E+12,4.1305E-07
15942,1.6921E+12,4.13055E-07
15943,1.692E+12,4.13055E-07
15944,1.692E+12,4.13055E-07
15945,1.692E+12,4.13055E-07
15946,1.692E+12,4.13055E-07
15947,1.6919E+12,4.1306E-07
15948,1.6919E+12,4.1306E-07
15949,1.6919E+12,4.1306E-07
15950,1.6918E+12,4.1306E-07
15951,1.6918E+12,4.1306E-07
15952,1.6918E+12,4.13065E-07
15953,1.6918E+12,4.13065E-07
15954,1.6917E+12,4.13065E-07
15955,1.6917E+12,4.13065E-07
15956,1.6917E+12,4.13065E-07
15957,1.6916E+12,4.1307E-07
15958,1.6916E+12,4.1307E-07
15959,1.6916E+12,4.1307E-07
15960,1.6916E+12,4.1307E-07
15961,1.6915E+12,4.1307E-07
15962,1.6915E+12,4.13075E-07
15963,1.6915E+12,4.13075E-07
15964,1.6915E+12,4.13075E-07
15965,1.6914E+12,4.13075E-07
15966,1.6914E+12,4.13075E-07
15967,1.6914E+12,4.1308E-07
15968,1.6913E+12,4.1308E-07
15969,1.6913E+12,4.1308E-07
15970,1.6913E+12,4.1308E-07
15971,1.6913E+12,4.1308E-07
15972,1.6912E+12,4.13085E-07
15973,1.6912E+12,4.13085E-07
15974,1.6912E+12,4.13085E-07
15975,1.6911E+12,4.13085E-07
15976,1.6911E+12,4.13085E-07
15977,1.6911E+12,4.1309E-07
15978,1.6911E+12,4.1309E-07
15979,1.691E+12,4.1309E-07
15980,1.691E+12,4.1309E-07
15981,1.691E+12,4.1309E-07
15982,1.691E+12,4.13095E-07
15983,1.6909E+12,4.13095E-07
15984,1.6909E+12,4.13095E-07
15985,1.6909E+12,4.13095E-07
15986,1.6908E+12,4.13095E-07
15987,1.6908E+12,4.131E-07
15988,1.6908E+12,4.131E-07
15989,1.6908E+12,4.131E-07
15990,1.6907E+12,4.131E-07
15991,1.6907E+12,4.131E-07
15992,1.6907E+12,4.13105E-07
15993,1.6907E+12,4.13105E-07
15994,1.6906E+12,4.13105E-07
15995,1.6906E+12,4.13105E-07
15996,1.6906E+12,4.13105E-07
15997,1.6905E+12,4.1311E-07
15998,1.6905E+12,4.1311E-07
15999,1.6905E+12,4.1311E-07
16000,1.6905E+12,4.1311E-07
16001,1.6904E+12,4.1311E-07
16002,1.6904E+12,4.13115E-07
16003,1.6904E+12,4.13115E-07
16004,1.6903E+12,4.13115E-07
16005,1.6903E+12,4.13115E-07
16006,1.6903E+12,4.13115E-07
16007,1.6903E+12,4.1312E-07
16008,1.6902E+12,4.1312E-07
16009,1.6902E+12,4.1312E-07
16010,1.6902E+12,4.1312E-07
16011,1.6902E+12,4.1312E-07
16012,1.6901E+12,4.13125E-07
16013,1.6901E+12,4.13125E-07
16014,1.6901E+12,4.13125E-07
16015,1.69E+12,4.13125E-07
16016,1.69E+12,4.13125E-07
16017,1.69E+12,4.1313E-07
16018,1.69E+12,4.1313E-07
16019,1.6899E+12,4.1313E-07
16020,1.6899E+12,4.1313E-07
16021,1.6899E+12,4.1313E-07
16022,1.6899E+12,4.13135E-07
16023,1.6898E+12,4.13135E-07
16024,1.6898E+12,4.13135E-07
16025,1.6898E+12,4.13135E-07
16026,1.6897E+12,4.13135E-07
16027,1.6897E+12,4.1314E-07
16028,1.6897E+12,4.1314E-07
16029,1.6897E+12,4.1314E-07
16030,1.6896E+12,4.1314E-07
16031,1.6896E+12,4.1314E-07
16032,1.6896E+12,4.13145E-07
16033,1.6895E+12,4.13145E-07
16034,1.6895E+12,4.13145E-07
16035,1.6895E+12,4.13145E-07
16036,1.6895E+12,4.13145E-07
16037,1.6894E+12,4.1315E-07
16038,1.6894E+12,4.1315E-07
16039,1.6894E+12,4.1315E-07
16040,1.6894E+12,4.1315E-07
16041,1.6893E+12,4.1315E-07
16042,1.6893E+12,4.13155E-07
16043,1.6893E+12,4.13155E-07
16044,1.6892E+12,4.13155E-07
16045,1.6892E+12,4.13155E-07
16046,1.6892E+12,4.13155E-07
16047,1.6892E+12,4.1316E-07
16048,1.6891E+12,4.1316E-07
16049,1.6891E+12,4.1316E-07
16050,1.6891E+12,4.1316E-07
16051,1.6891E+12,4.1316E-07
16052,1.689E+12,4.13165E-07
16053,1.689E+12,4.13165E-07
16054,1.689E+12,4.13165E-07
16055,1.6889E+12,4.13165E-07
16056,1.6889E+12,4.13165E-07
16057,1.6889E+12,4.1317E-07
16058,1.6889E+12,4.1317E-07
16059,1.6888E+12,4.1317E-07
16060,1.6888E+12,4.1317E-07
16061,1.6888E+12,4.1317E-07
16062,1.6888E+12,4.13175E-07
16063,1.6887E+12,4.13175E-07
16064,1.6887E+12,4.13175E-07
16065,1.6887E+12,4.13175E-07
16066,1.6886E+12,4.13175E-07
16067,1.6886E+12,4.1318E-07
16068,1.6886E+12,4.1318E-07
16069,1.6886E+12,4.1318E-07
16070,1.6885E+12,4.1318E-07
16071,1.6885E+12,4.1318E-07
16072,1.6885E+12,4.13185E-07
16073,1.6885E+12,4.13185E-07
16074,1.6884E+12,4.13185E-07
16075,1.6884E+12,4.13185E-07
16076,1.6884E+12,4.13185E-07
16077,1.6883E+12,4.1319E-07
16078,1.6883E+12,4.1319E-07
16079,1.6883E+12,4.1319E-07
16080,1.6883E+12,4.1319E-07
16081,1.6882E+12,4.1319E-07
16082,1.6882E+12,4.13195E-07
16083,1.6882E+12,4.13195E-07
16084,1.6881E+12,4.13195E-07
16085,1.6881E+12,4.13195E-07
16086,1.6881E+12,4.13195E-07
16087,1.6881E+12,4.132E-07
16088,1.688E+12,4.132E-07
16089,1.688E+12,4.132E-07
16090,1.688E+12,4.132E-07
16091,1.688E+12,4.132E-07
16092,1.6879E+12,4.13205E-07
16093,1.6879E+12,4.13205E-07
16094,1.6879E+12,4.13205E-07
16095,1.6878E+12,4.13205E-07
16096,1.6878E+12,4.13205E-07
16097,1.6878E+12,4.1321E-07
16098,1.6878E+12,4.1321E-07
16099,1.6877E+12,4.1321E-07
16100,1.6877E+12,4.1321E-07
16101,1.6877E+12,4.1321E-07
16102,1.6877E+12,4.13215E-07
16103,1.6876E+12,4.13215E-07
16104,1.6876E+12,4.13215E-07
16105,1.6876E+12,4.13215E-07
16106,1.6875E+12,4.13215E-07
16107,1.6875E+12,4.13215E-07
16108,1.6875E+12,4.1322E-07
16109,1.6875E+12,4.1322E-07
16110,1.6874E+12,4.1322E-07
16111,1.6874E+12,4.1322E-07
16112,1.6874E+12,4.1322E-07
16113,1.6874E+12,4.13225E-07
16114,1.6873E+12,4.13225E-07
16115,1.6873E+12,4.13225E-07
16116,1.6873E+12,4.13225E-07
16117,1.6872E+12,4.13225E-07
16118,1.6872E+12,4.1323E-07
16119,1.6872E+12,4.1323E-07
16120,1.6872E+12,4.1323E-07
16121,1.6871E+12,4.1323E-07
16122,1.6871E+12,4.1323E-07
16123,1.6871E+12,4.13235E-07
16124,1.6871E+12,4.13235E-07
16125,1.687E+12,4.13235E-07
16126,1.687E+12,4.13235E-07
16127,1.687E+12,4.13235E-07
16128,1.6869E+12,4.1324E-07
16129,1.6869E+12,4.1324E-07
16130,1.6869E+12,4.1324E-07
16131,1.6869E+12,4.1324E-07
16132,1.6868E+12,4.1324E-07
16133,1.6868E+12,4.13245E-07
16134,1.6868E+12,4.13245E-07
16135,1.6868E+12,4.13245E-07
16136,1.6867E+12,4.13245E-07
16137,1.6867E+12,4.13245E-07
16138,1.6867E+12,4.1325E-07
16139,1.6866E+12,4.1325E-07
16140,1.6866E+12,4.1325E-07
16141,1.6866E+12,4.1325E-07
16142,1.6866E+12,4.1325E-07
16143,1.6865E+12,4.13255E-07
16144,1.6865E+12,4.13255E-07
16145,1.6865E+12,4.13255E-07
16146,1.6865E+12,4.13255E-07
16147,1.6864E+12,4.13255E-07
16148,1.6864E+12,4.1326E-07
16149,1.6864E+12,4.1326E-07
16150,1.6863E+12,4.1326E-07
16151,1.6863E+12,4.1326E-07
16152,1.6863E+12,4.1326E-07
16153,1.6863E+12,4.13265E-07
16154,1.6862E+12,4.13265E-07
16155,1.6862E+12,4.13265E-07
16156,1.6862E+12,4.13265E-07
16157,1.6862E+12,4.13265E-07
16158,1.6861E+12,4.1327E-07
16159,1.6861E+12,4.1327E-07
16160,1.6861E+12,4.1327E-07
16161,1.686E+12,4.1327E-07
16162,1.686E+12,4.1327E-07
16163,1.686E+12,4.13275E-07
16164,1.686E+12,4.13275E-07
16165,1.6859E+12,4.13275E-07
16166,1.6859E+12,4.13275E-07
16167,1.6859E+12,4.13275E-07
16168,1.6859E+12,4.1328E-07
16169,1.6858E+12,4.1328E-07
16170,1.6858E+12,4.1328E-07
16171,1.6858E+12,4.1328E-07
16172,1.6857E+12,4.1328E-07
16173,1.6857E+12,4.13285E-07
16174,1.6857E+12,4.13285E-07
16175,1.6857E+12,4.13285E-07
16176,1.6856E+12,4.13285E-07
16177,1.6856E+12,4.13285E-07
16178,1.6856E+12,4.1329E-07
16179,1.6856E+12,4.1329E-07
16180,1.6855E+12,4.1329E-07
16181,1.6855E+12,4.1329E-07
16182,1.6855E+12,4.1329E-07
16183,1.6854E+12,4.1329E-07
16184,1.6854E+12,4.13295E-07
16185,1.6854E+12,4.13295E-07
16186,1.6854E+12,4.13295E-07
16187,1.6853E+12,4.13295E-07
16188,1.6853E+12,4.13295E-07
16189,1.6853E+12,4.133E-07
16190,1.6853E+12,4.133E-07
16191,1.6852E+12,4.133E-07
16192,1.6852E+12,4.133E-07
16193,1.6852E+12,4.133E-07
16194,1.6851E+12,4.13305E-07
16195,1.6851E+12,4.13305E-07
16196,1.6851E+12,4.13305E-07
16197,1.6851E+12,4.13305E-07
16198,1.685E+12,4.13305E-07
16199,1.685E+12,4.1331E-07
16200,1.685E+12,4.1331E-07
16201,1.685E+12,4.1331E-07
16202,1.6849E+12,4.1331E-07
16203,1.6849E+12,4.1331E-07
16204,1.6849E+12,4.13315E-07
16205,1.6848E+12,4.13315E-07
16206,1.6848E+12,4.13315E-07
16207,1.6848E+12,4.13315E-07
16208,1.6848E+12,4.13315E-07
16209,1.6847E+12,4.1332E-07
16210,1.6847E+12,4.1332E-07
16211,1.6847E+12,4.1332E-07
16212,1.6847E+12,4.1332E-07
16213,1.6846E+12,4.1332E-07
16214,1.6846E+12,4.13325E-07
16215,1.6846E+12,4.13325E-07
16216,1.6846E+12,4.13325E-07
16217,1.6845E+12,4.13325E-07
16218,1.6845E+12,4.13325E-07
16219,1.6845E+12,4.1333E-07
16220,1.6844E+12,4.1333E-07
16221,1.6844E+12,4.1333E-07
16222,1.6844E+12,4.1333E-07
16223,1.6844E+12,4.1333E-07
16224,1.6843E+12,4.13335E-07
16225,1.6843E+12,4.13335E-07
16226,1.6843E+12,4.13335E-07
16227,1.6843E+12,4.13335E-07
16228,1.6842E+12,4.13335E-07
16229,1.6842E+12,4.1334E-07
16230,1.6842E+12,4.1334E-07
16231,1.6841E+12,4.1334E-07
16232,1.6841E+12,4.1334E-07
16233,1.6841E+12,4.1334E-07
16234,1.6841E+12,4.13345E-07
16235,1.684E+12,4.13345E-07
16236,1.684E+12,4.13345E-07
16237,1.684E+12,4.13345E-07
16238,1.684E+12,4.13345E-07
16239,1.6839E+12,4.13345E-07
16240,1.6839E+12,4.1335E-07
16241,1.6839E+12,4.1335E-07
16242,1.6838E+12,4.1335E-07
16243,1.6838E+12,4.1335E-07
16244,1.6838E+12,4.1335E-07
16245,1.6838E+12,4.13355E-07
16246,1.6837E+12,4.13355E-07
16247,1.6837E+12,4.13355E-07
16248,1.6837E+12,4.13355E-07
16249,1.6837E+12,4.13355E-07
16250,1.6836E+12,4.1336E-07
16251,1.6836E+12,4.1336E-07
16252,1.6836E+12,4.1336E-07
16253,1.6835E+12,4.1336E-07
16254,1.6835E+12,4.1336E-07
16255,1.6835E+12,4.13365E-07
16256,1.6835E+12,4.13365E-07
16257,1.6834E+12,4.13365E-07
16258,1.6834E+12,4.13365E-07
16259,1.6834E+12,4.13365E-07
16260,1.6834E+12,4.1337E-07
16261,1.6833E+12,4.1337E-07
16262,1.6833E+12,4.1337E-07
16263,1.6833E+12,4.1337E-07
16264,1.6833E+12,4.1337E-07
16265,1.6832E+12,4.13375E-07
16266,1.6832E+12,4.13375E-07
16267,1.6832E+12,4.13375E-07
16268,1.6831E+12,4.13375E-07
16269,1.6831E+12,4.13375E-07
16270,1.6831E+12,4.1338E-07
16271,1.6831E+12,4.1338E-07
16272,1.683E+12,4.1338E-07
16273,1.683E+12,4.1338E-07
16274,1.683E+12,4.1338E-07
16275,1.683E+12,4.13385E-07
16276,1.6829E+12,4.13385E-07
16277,1.6829E+12,4.13385E-07
16278,1.6829E+12,4.13385E-07
16279,1.6828E+12,4.13385E-07
16280,1.6828E+12,4.1339E-07
16281,1.6828E+12,4.1339E-07
16282,1.6828E+12,4.1339E-07
16283,1.6827E+12,4.1339E-07
16284,1.6827E+12,4.1339E-07
16285,1.6827E+12,4.1339E-07
16286,1.6827E+12,4.13395E-07
16287,1.6826E+12,4.13395E-07
16288,1.6826E+12,4.13395E-07
16289,1.6826E+12,4.13395E-07
16290,1.6826E+12,4.13395E-07
16291,1.6825E+12,4.134E-07
16292,1.6825E+12,4.134E-07
16293,1.6825E+12,4.134E-07
16294,1.6824E+12,4.134E-07
16295,1.6824E+12,4.134E-07
16296,1.6824E+12,4.13405E-07
16297,1.6824E+12,4.13405E-07
16298,1.6823E+12,4.13405E-07
16299,1.6823E+12,4.13405E-07
16300,1.6823E+12,4.13405E-07
16301,1.6823E+12,4.1341E-07
16302,1.6822E+12,4.1341E-07
16303,1.6822E+12,4.1341E-07
16304,1.6822E+12,4.1341E-07
16305,1.6821E+12,4.1341E-07
16306,1.6821E+12,4.13415E-07
16307,1.6821E+12,4.13415E-07
16308,1.6821E+12,4.13415E-07
16309,1.682E+12,4.13415E-07
16310,1.682E+12,4.13415E-07
16311,1.682E+12,4.1342E-07
16312,1.682E+12,4.1342E-07
16313,1.6819E+12,4.1342E-07
16314,1.6819E+12,4.1342E-07
16315,1.6819E+12,4.1342E-07
16316,1.6819E+12,4.13425E-07
16317,1.6818E+12,4.13425E-07
16318,1.6818E+12,4.13425E-07
16319,1.6818E+12,4.13425E-07
16320,1.6817E+12,4.13425E-07
16321,1.6817E+12,4.1343E-07
16322,1.6817E+12,4.1343E-07
16323,1.6817E+12,4.1343E-07
16324,1.6816E+12,4.1343E-07
16325,1.6816E+12,4.1343E-07
16326,1.6816E+12,4.1343E-07
16327,1.6816E+12,4.13435E-07
16328,1.6815E+12,4.13435E-07
16329,1.6815E+12,4.13435E-07
16330,1.6815E+12,4.13435E-07
16331,1.6814E+12,4.13435E-07
16332,1.6814E+12,4.1344E-07
16333,1.6814E+12,4.1344E-07
16334,1.6814E+12,4.1344E-07
16335,1.6813E+12,4.1344E-07
16336,1.6813E+12,4.1344E-07
16337,1.6813E+12,4.13445E-07
16338,1.6813E+12,4.13445E-07
16339,1.6812E+12,4.13445E-07
16340,1.6812E+12,4.13445E-07
16341,1.6812E+12,4.13445E-07
16342,1.6812E+12,4.1345E-07
16343,1.6811E+12,4.1345E-07
16344,1.6811E+12,4.1345E-07
16345,1.6811E+12,4.1345E-07
16346,1.681E+12,4.1345E-07
16347,1.681E+12,4.13455E-07
16348,1.681E+12,4.13455E-07
16349,1.681E+12,4.13455E-07
16350,1.6809E+12,4.13455E-07
16351,1.6809E+12,4.13455E-07
16352,1.6809E+12,4.1346E-07
16353,1.6809E+12,4.1346E-07
16354,1.6808E+12,4.1346E-07
16355,1.6808E+12,4.1346E-07
16356,1.6808E+12,4.1346E-07
16357,1.6807E+12,4.13465E-07
16358,1.6807E+12,4.13465E-07
16359,1.6807E+12,4.13465E-07
16360,1.6807E+12,4.13465E-07
16361,1.6806E+12,4.13465E-07
16362,1.6806E+12,4.13465E-07
16363,1.6806E+12,4.1347E-07
16364,1.6806E+12,4.1347E-07
16365,1.6805E+12,4.1347E-07
16366,1.6805E+12,4.1347E-07
16367,1.6805E+12,4.1347E-07
16368,1.6805E+12,4.13475E-07
16369,1.6804E+12,4.13475E-07
16370,1.6804E+12,4.13475E-07
16371,1.6804E+12,4.13475E-07
16372,1.6803E+12,4.13475E-07
16373,1.6803E+12,4.1348E-07
16374,1.6803E+12,4.1348E-07
16375,1.6803E+12,4.1348E-07
16376,1.6802E+12,4.1348E-07
16377,1.6802E+12,4.1348E-07
16378,1.6802E+12,4.13485E-07
16379,1.6802E+12,4.13485E-07
16380,1.6801E+12,4.13485E-07
16381,1.6801E+12,4.13485E-07
16382,1.6801E+12,4.13485E-07
16383,1.6801E+12,4.1349E-07
16384,1.68E+12,4.1349E-07
16385,1.68E+12,4.1349E-07
16386,1.68E+12,4.1349E-07
16387,1.6799E+12,4.1349E-07
16388,1.6799E+12,4.13495E-07
16389,1.6799E+12,4.13495E-07
16390,1.6799E+12,4.13495E-07
16391,1.6798E+12,4.13495E-07
16392,1.6798E+12,4.13495E-07
16393,1.6798E+12,4.135E-07
16394,1.6798E+12,4.135E-07
16395,1.6797E+12,4.135E-07
16396,1.6797E+12,4.135E-07
16397,1.6797E+12,4.135E-07
16398,1.6797E+12,4.135E-07
16399,1.6796E+12,4.13505E-07
16400,1.6796E+12,4.13505E-07
16401,1.6796E+12,4.13505E-07
16402,1.6795E+12,4.13505E-07
16403,1.6795E+12,4.13505E-07
16404,1.6795E+12,4.1351E-07
16405,1.6795E+12,4.1351E-07
16406,1.6794E+12,4.1351E-07
16407,1.6794E+12,4.1351E-07
16408,1.6794E+12,4.1351E-07
16409,1.6794E+12,4.13515E-07
16410,1.6793E+12,4.13515E-07
16411,1.6793E+12,4.13515E-07
16412,1.6793E+12,4.13515E-07
16413,1.6793E+12,4.13515E-07
16414,1.6792E+12,4.1352E-07
16415,1.6792E+12,4.1352E-07
16416,1.6792E+12,4.1352E-07
16417,1.6791E+12,4.1352E-07
16418,1.6791E+12,4.1352E-07
16419,1.6791E+12,4.13525E-07
16420,1.6791E+12,4.13525E-07
16421,1.679E+12,4.13525E-07
16422,1.679E+12,4.13525E-07
16423,1.679E+12,4.13525E-07
16424,1.679E+12,4.1353E-07
16425,1.6789E+12,4.1353E-07
16426,1.6789E+12,4.1353E-07
16427,1.6789E+12,4.1353E-07
16428,1.6789E+12,4.1353E-07
16429,1.6788E+12,4.1353E-07
16430,1.6788E+12,4.13535E-07
16431,1.6788E+12,4.13535E-07
16432,1.6787E+12,4.13535E-07
16433,1.6787E+12,4.13535E-07
16434,1.6787E+12,4.13535E-07
16435,1.6787E+12,4.1354E-07
16436,1.6786E+12,4.1354E-07
16437,1.6786E+12,4.1354E-07
16438,1.6786E+12,4.1354E-07
16439,1.6786E+12,4.1354E-07
16440,1.6785E+12,4.13545E-07
16441,1.6785E+12,4.13545E-07
16442,1.6785E+12,4.13545E-07
16443,1.6785E+12,4.13545E-07
16444,1.6784E+12,4.13545E-07
16445,1.6784E+12,4.1355E-07
16446,1.6784E+12,4.1355E-07
16447,1.6783E+12,4.1355E-07
16448,1.6783E+12,4.1355E-07
16449,1.6783E+12,4.1355E-07
16450,1.6783E+12,4.13555E-07
16451,1.6782E+12,4.13555E-07
16452,1.6782E+12,4.13555E-07
16453,1.6782E+12,4.13555E-07
16454,1.6782E+12,4.13555E-07
16455,1.6781E+12,4.1356E-07
16456,1.6781E+12,4.1356E-07
16457,1.6781E+12,4.1356E-07
16458,1.6781E+12,4.1356E-07
16459,1.678E+12,4.1356E-07
16460,1.678E+12,4.1356E-07
16461,1.678E+12,4.13565E-07
16462,1.6779E+12,4.13565E-07
16463,1.6779E+12,4.13565E-07
16464,1.6779E+12,4.13565E-07
16465,1.6779E+12,4.13565E-07
16466,1.6778E+12,4.1357E-07
16467,1.6778E+12,4.1357E-07
16468,1.6778E+12,4.1357E-07
16469,1.6778E+12,4.1357E-07
16470,1.6777E+12,4.1357E-07
16471,1.6777E+12,4.13575E-07
16472,1.6777E+12,4.13575E-07
16473,1.6777E+12,4.13575E-07
16474,1.6776E+12,4.13575E-07
16475,1.6776E+12,4.13575E-07
16476,1.6776E+12,4.1358E-07
16477,1.6775E+12,4.1358E-07
16478,1.6775E+12,4.1358E-07
16479,1.6775E+12,4.1358E-07
16480,1.6775E+12,4.1358E-07
16481,1.6774E+12,4.13585E-07
16482,1.6774E+12,4.13585E-07
16483,1.6774E+12,4.13585E-07
16484,1.6774E+12,4.13585E-07
16485,1.6773E+12,4.13585E-07
16486,1.6773E+12,4.1359E-07
16487,1.6773E+12,4.1359E-07
16488,1.6773E+12,4.1359E-07
16489,1.6772E+12,4.1359E-07
16490,1.6772E+12,4.1359E-07
16491,1.6772E+12,4.1359E-07
16492,1.6771E+12,4.13595E-07
16493,1.6771E+12,4.13595E-07
16494,1.6771E+12,4.13595E-07
16495,1.6771E+12,4.13595E-07
16496,1.677E+12,4.13595E-07
16497,1.677E+12,4.136E-07
16498,1.677E+12,4.136E-07
16499,1.677E+12,4.136E-07
16500,1.6769E+12,4.136E-07
16501,1.6769E+12,4.136E-07
16502,1.6769E+12,4.13605E-07
16503,1.6769E+12,4.13605E-07
16504,1.6768E+12,4.13605E-07
16505,1.6768E+12,4.13605E-07
16506,1.6768E+12,4.13605E-07
16507,1.6768E+12,4.1361E-07
16508,1.6767E+12,4.1361E-07
16509,1.6767E+12,4.1361E-07
16510,1.6767E+12,4.1361E-07
16511,1.6766E+12,4.1361E-07
16512,1.6766E+12,4.13615E-07
16513,1.6766E+12,4.13615E-07
16514,1.6766E+12,4.13615E-07
16515,1.6765E+12,4.13615E-07
16516,1.6765E+12,4.13615E-07
16517,1.6765E+12,4.13615E-07
16518,1.6765E+12,4.1362E-07
16519,1.6764E+12,4.1362E-07
16520,1.6764E+12,4.1362E-07
16521,1.6764E+12,4.1362E-07
16522,1.6764E+12,4.1362E-07
16523,1.6763E+12,4.13625E-07
16524,1.6763E+12,4.13625E-07
16525,1.6763E+12,4.13625E-07
16526,1.6762E+12,4.13625E-07
16527,1.6762E+12,4.13625E-07
16528,1.6762E+12,4.1363E-07
16529,1.6762E+12,4.1363E-07
16530,1.6761E+12,4.1363E-07
16531,1.6761E+12,4.1363E-07
16532,1.6761E+12,4.1363E-07
16533,1.6761E+12,4.13635E-07
16534,1.676E+12,4.13635E-07
16535,1.676E+12,4.13635E-07
16536,1.676E+12,4.13635E-07
16537,1.676E+12,4.13635E-07
16538,1.6759E+12,4.1364E-07
16539,1.6759E+12,4.1364E-07
16540,1.6759E+12,4.1364E-07
16541,1.6759E+12,4.1364E-07
16542,1.6758E+12,4.1364E-07
16543,1.6758E+12,4.1364E-07
16544,1.6758E+12,4.13645E-07
16545,1.6757E+12,4.13645E-07
16546,1.6757E+12,4.13645E-07
16547,1.6757E+12,4.13645E-07
16548,1.6757E+12,4.13645E-07
16549,1.6756E+12,4.1365E-07
16550,1.6756E+12,4.1365E-07
16551,1.6756E+12,4.1365E-07
16552,1.6756E+12,4.1365E-07
16553,1.6755E+12,4.1365E-07
16554,1.6755E+12,4.13655E-07
16555,1.6755E+12,4.13655E-07
16556,1.6755E+12,4.13655E-07
16557,1.6754E+12,4.13655E-07
16558,1.6754E+12,4.13655E-07
16559,1.6754E+12,4.1366E-07
16560,1.6754E+12,4.1366E-07
16561,1.6753E+12,4.1366E-07
16562,1.6753E+12,4.1366E-07
16563,1.6753E+12,4.1366E-07
16564,1.6752E+12,4.13665E-07
16565,1.6752E+12,4.13665E-07
16566,1.6752E+12,4.13665E-07
16567,1.6752E+12,4.13665E-07
16568,1.6751E+12,4.13665E-07
16569,1.6751E+12,4.13665E-07
16570,1.6751E+12,4.1367E-07
16571,1.6751E+12,4.1367E-07
16572,1.675E+12,4.1367E-07
16573,1.675E+12,4.1367E-07
16574,1.675E+12,4.1367E-07
16575,1.675E+12,4.13675E-07
16576,1.6749E+12,4.13675E-07
16577,1.6749E+12,4.13675E-07
16578,1.6749E+12,4.13675E-07
16579,1.6748E+12,4.13675E-07
16580,1.6748E+12,4.1368E-07
16581,1.6748E+12,4.1368E-07
16582,1.6748E+12,4.1368E-07
16583,1.6747E+12,4.1368E-07
16584,1.6747E+12,4.1368E-07
16585,1.6747E+12,4.13685E-07
16586,1.6747E+12,4.13685E-07
16587,1.6746E+12,4.13685E-07
16588,1.6746E+12,4.13685E-07
16589,1.6746E+12,4.13685E-07
16590,1.6746E+12,4.13685E-07
16591,1.6745E+12,4.1369E-07
16592,1.6745E+12,4.1369E-07
16593,1.6745E+12,4.1369E-07
16594,1.6745E+12,4.1369E-07
16595,1.6744E+12,4.1369E-07
16596,1.6744E+12,4.13695E-07
16597,1.6744E+12,4.13695E-07
16598,1.6743E+12,4.13695E-07
16599,1.6743E+12,4.13695E-07
16600,1.6743E+12,4.13695E-07
16601,1.6743E+12,4.137E-07
16602,1.6742E+12,4.137E-07
16603,1.6742E+12,4.137E-07
16604,1.6742E+12,4.137E-07
16605,1.6742E+12,4.137E-07
16606,1.6741E+12,4.13705E-07
16607,1.6741E+12,4.13705E-07
16608,1.6741E+12,4.13705E-07
16609,1.6741E+12,4.13705E-07
16610,1.674E+12,4.13705E-07
16611,1.674E+12,4.1371E-07
16612,1.674E+12,4.1371E-07
16613,1.674E+12,4.1371E-07
16614,1.6739E+12,4.1371E-07
16615,1.6739E+12,4.1371E-07
16616,1.6739E+12,4.1371E-07
16617,1.6739E+12,4.13715E-07
16618,1.6738E+12,4.13715E-07
16619,1.6738E+12,4.13715E-07
16620,1.6738E+12,4.13715E-07
16621,1.6737E+12,4.13715E-07
16622,1.6737E+12,4.1372E-07
16623,1.6737E+12,4.1372E-07
16624,1.6737E+12,4.1372E-07
16625,1.6736E+12,4.1372E-07
16626,1.6736E+12,4.1372E-07
16627,1.6736E+12,4.13725E-07
16628,1.6736E+12,4.13725E-07
16629,1.6735E+12,4.13725E-07
16630,1.6735E+12,4.13725E-07
16631,1.6735E+12,4.13725E-07
16632,1.6735E+12,4.1373E-07
16633,1.6734E+12,4.1373E-07
16634,1.6734E+12,4.1373E-07
16635,1.6734E+12,4.1373E-07
16636,1.6734E+12,4.1373E-07
16637,1.6733E+12,4.1373E-07
16638,1.6733E+12,4.13735E-07
16639,1.6733E+12,4.13735E-07
16640,1.6732E+12,4.13735E-07
16641,1.6732E+12,4.13735E-07
16642,1.6732E+12,4.13735E-07
16643,1.6732E+12,4.1374E-07
16644,1.6731E+12,4.1374E-07
16645,1.6731E+12,4.1374E-07
16646,1.6731E+12,4.1374E-07
16647,1.6731E+12,4.1374E-07
16648,1.673E+12,4.13745E-07
16649,1.673E+12,4.13745E-07
16650,1.673E+12,4.13745E-07
16651,1.673E+12,4.13745E-07
16652,1.6729E+12,4.13745E-07
16653,1.6729E+12,4.1375E-07
16654,1.6729E+12,4.1375E-07
16655,1.6729E+12,4.1375E-07
16656,1.6728E+12,4.1375E-07
16657,1.6728E+12,4.1375E-07
16658,1.6728E+12,4.1375E-07
16659,1.6727E+12,4.13755E-07
16660,1.6727E+12,4.13755E-07
16661,1.6727E+12,4.13755E-07
16662,1.6727E+12,4.13755E-07
16663,1.6726E+12,4.13755E-07
16664,1.6726E+12,4.1376E-07
16665,1.6726E+12,4.1376E-07
16666,1.6726E+12,4.1376E-07
16667,1.6725E+12,4.1376E-07
16668,1.6725E+12,4.1376E-07
16669,1.6725E+12,4.13765E-07
16670,1.6725E+12,4.13765E-07
16671,1.6724E+12,4.13765E-07
16672,1.6724E+12,4.13765E-07
16673,1.6724E+12,4.13765E-07
16674,1.6724E+12,4.1377E-07
16675,1.6723E+12,4.1377E-07
16676,1.6723E+12,4.1377E-07
16677,1.6723E+12,4.1377E-07
16678,1.6723E+12,4.1377E-07
16679,1.6722E+12,4.1377E-07
16680,1.6722E+12,4.13775E-07
16681,1.6722E+12,4.13775E-07
16682,1.6721E+12,4.13775E-07
16683,1.6721E+12,4.13775E-07
16684,1.6721E+12,4.13775E-07
16685,1.6721E+12,4.1378E-07
16686,1.672E+12,4.1378E-07
16687,1.672E+12,4.1378E-07
16688,1.672E+12,4.1378E-07
16689,1.672E+12,4.1378E-07
16690,1.6719E+12,4.13785E-07
16691,1.6719E+12,4.13785E-07
16692,1.6719E+12,4.13785E-07
16693,1.6719E+12,4.13785E-07
16694,1.6718E+12,4.13785E-07
16695,1.6718E+12,4.1379E-07
16696,1.6718E+12,4.1379E-07
16697,1.6718E+12,4.1379E-07
16698,1.6717E+12,4.1379E-07
16699,1.6717E+12,4.1379E-07
16700,1.6717E+12,4.1379E-07
16701,1.6717E+12,4.13795E-07
16702,1.6716E+12,4.13795E-07
16703,1.6716E+12,4.13795E-07
16704,1.6716E+12,4.13795E-07
16705,1.6715E+12,4.13795E-07
16706,1.6715E+12,4.138E-07
16707,1.6715E+12,4.138E-07
16708,1.6715E+12,4.138E-07
16709,1.6714E+12,4.138E-07
16710,1.6714E+12,4.138E-07
16711,1.6714E+12,4.13805E-07
16712,1.6714E+12,4.13805E-07
16713,1.6713E+12,4.13805E-07
16714,1.6713E+12,4.13805E-07
16715,1.6713E+12,4.13805E-07
16716,1.6713E+12,4.1381E-07
16717,1.6712E+12,4.1381E-07
16718,1.6712E+12,4.1381E-07
16719,1.6712E+12,4.1381E-07
16720,1.6712E+12,4.1381E-07
16721,1.6711E+12,4.1381E-07
16722,1.6711E+12,4.13815E-07
16723,1.6711E+12,4.13815E-07
16724,1.6711E+12,4.13815E-07
16725,1.671E+12,4.13815E-07
16726,1.671E+12,4.13815E-07
16727,1.671E+12,4.1382E-07
16728,1.6709E+12,4.1382E-07
16729,1.6709E+12,4.1382E-07
16730,1.6709E+12,4.1382E-07
16731,1.6709E+12,4.1382E-07
16732,1.6708E+12,4.13825E-07
16733,1.6708E+12,4.13825E-07
16734,1.6708E+12,4.13825E-07
16735,1.6708E+12,4.13825E-07
16736,1.6707E+12,4.13825E-07
16737,1.6707E+12,4.1383E-07
16738,1.6707E+12,4.1383E-07
16739,1.6707E+12,4.1383E-07
16740,1.6706E+12,4.1383E-07
16741,1.6706E+12,4.1383E-07
16742,1.6706E+12,4.1383E-07
16743,1.6706E+12,4.13835E-07
16744,1.6705E+12,4.13835E-07
16745,1.6705E+12,4.13835E-07
16746,1.6705E+12,4.13835E-07
16747,1.6705E+12,4.13835E-07
16748,1.6704E+12,4.1384E-07
16749,1.6704E+12,4.1384E-07
16750,1.6704E+12,4.1384E-07
16751,1.6703E+12,4.1384E-07
16752,1.6703E+12,4.1384E-07
16753,1.6703E+12,4.13845E-07
16754,1.6703E+12,4.13845E-07
16755,1.6702E+12,4.13845E-07
16756,1.6702E+12,4.13845E-07
16757,1.6702E+12,4.13845E-07
16758,1.6702E+12,4.1385E-07
16759,1.6701E+12,4.1385E-07
16760,1.6701E+12,4.1385E-07
16761,1.6701E+12,4.1385E-07
16762,1.6701E+12,4.1385E-07
16763,1.67E+12,4.1385E-07
16764,1.67E+12,4.13855E-07
16765,1.67E+12,4.13855E-07
16766,1.67E+12,4.13855E-07
16767,1.6699E+12,4.13855E-07
16768,1.6699E+12,4.13855E-07
16769,1.6699E+12,4.1386E-07
16770,1.6699E+12,4.1386E-07
16771,1.6698E+12,4.1386E-07
16772,1.6698E+12,4.1386E-07
16773,1.6698E+12,4.1386E-07
16774,1.6698E+12,4.13865E-07
16775,1.6697E+12,4.13865E-07
16776,1.6697E+12,4.13865E-07
16777,1.6697E+12,4.13865E-07
16778,1.6696E+12,4.13865E-07
16779,1.6696E+12,4.13865E-07
16780,1.6696E+12,4.1387E-07
16781,1.6696E+12,4.1387E-07
16782,1.6695E+12,4.1387E-07
16783,1.6695E+12,4.1387E-07
16784,1.6695E+12,4.1387E-07
16785,1.6695E+12,4.13875E-07
16786,1.6694E+12,4.13875E-07
16787,1.6694E+12,4.13875E-07
16788,1.6694E+12,4.13875E-07
16789,1.6694E+12,4.13875E-07
16790,1.6693E+12,4.1388E-07
16791,1.6693E+12,4.1388E-07
16792,1.6693E+12,4.1388E-07
16793,1.6693E+12,4.1388E-07
16794,1.6692E+12,4.1388E-07
16795,1.6692E+12,4.13885E-07
16796,1.6692E+12,4.13885E-07
16797,1.6692E+12,4.13885E-07
16798,1.6691E+12,4.13885E-07
16799,1.6691E+12,4.13885E-07
16800,1.6691E+12,4.13885E-07
16801,1.6691E+12,4.1389E-07
16802,1.669E+12,4.1389E-07
16803,1.669E+12,4.1389E-07
16804,1.669E+12,4.1389E-07
16805,1.6689E+12,4.1389E-07
16806,1.6689E+12,4.13895E-07
16807,1.6689E+12,4.13895E-07
16808,1.6689E+12,4.13895E-07
16809,1.6688E+12,4.13895E-07
16810,1.6688E+12,4.13895E-07
16811,1.6688E+12,4.139E-07
16812,1.6688E+12,4.139E-07
16813,1.6687E+12,4.139E-07
16814,1.6687E+12,4.139E-07
16815,1.6687E+12,4.139E-07
16816,1.6687E+12,4.139E-07
16817,1.6686E+12,4.13905E-07
16818,1.6686E+12,4.13905E-07
16819,1.6686E+12,4.13905E-07
16820,1.6686E+12,4.13905E-07
16821,1.6685E+12,4.13905E-07
16822,1.6685E+12,4.1391E-07
16823,1.6685E+12,4.1391E-07
16824,1.6685E+12,4.1391E-07
16825,1.6684E+12,4.1391E-07
16826,1.6684E+12,4.1391E-07
16827,1.6684E+12,4.13915E-07
16828,1.6684E+12,4.13915E-07
16829,1.6683E+12,4.13915E-07
16830,1.6683E+12,4.13915E-07
16831,1.6683E+12,4.13915E-07
16832,1.6682E+12,4.13915E-07
16833,1.6682E+12,4.1392E-07
16834,1.6682E+12,4.1392E-07
16835,1.6682E+12,4.1392E-07
16836,1.6681E+12,4.1392E-07
16837,1.6681E+12,4.1392E-07
16838,1.6681E+12,4.13925E-07
16839,1.6681E+12,4.13925E-07
16840,1.668E+12,4.13925E-07
16841,1.668E+12,4.13925E-07
16842,1.668E+12,4.13925E-07
16843,1.668E+12,4.1393E-07
16844,1.6679E+12,4.1393E-07
16845,1.6679E+12,4.1393E-07
16846,1.6679E+12,4.1393E-07
16847,1.6679E+12,4.1393E-07
16848,1.6678E+12,4.13935E-07
16849,1.6678E+12,4.13935E-07
16850,1.6678E+12,4.13935E-07
16851,1.6678E+12,4.13935E-07
16852,1.6677E+12,4.13935E-07
16853,1.6677E+12,4.13935E-07
16854,1.6677E+12,4.1394E-07
16855,1.6677E+12,4.1394E-07
16856,1.6676E+12,4.1394E-07
16857,1.6676E+12,4.1394E-07
16858,1.6676E+12,4.1394E-07
16859,1.6676E+12,4.13945E-07
16860,1.6675E+12,4.13945E-07
16861,1.6675E+12,4.13945E-07
16862,1.6675E+12,4.13945E-07
16863,1.6674E+12,4.13945E-07
16864,1.6674E+12,4.1395E-07
16865,1.6674E+12,4.1395E-07
16866,1.6674E+12,4.1395E-07
16867,1.6673E+12,4.1395E-07
16868,1.6673E+12,4.1395E-07
16869,1.6673E+12,4.1395E-07
16870,1.6673E+12,4.13955E-07
16871,1.6672E+12,4.13955E-07
16872,1.6672E+12,4.13955E-07
16873,1.6672E+12,4.13955E-07
16874,1.6672E+12,4.13955E-07
16875,1.6671E+12,4.1396E-07
16876,1.6671E+12,4.1396E-07
16877,1.6671E+12,4.1396E-07
16878,1.6671E+12,4.1396E-07
16879,1.667E+12,4.1396E-07
16880,1.667E+12,4.13965E-07
16881,1.667E+12,4.13965E-07
16882,1.667E+12,4.13965E-07
16883,1.6669E+12,4.13965E-07
16884,1.6669E+12,4.13965E-07
16885,1.6669E+12,4.13965E-07
16886,1.6669E+12,4.1397E-07
16887,1.6668E+12,4.1397E-07
16888,1.6668E+12,4.1397E-07
16889,1.6668E+12,4.1397E-07
16890,1.6668E+12,4.1397E-07
16891,1.6667E+12,4.13975E-07
16892,1.6667E+12,4.13975E-07
16893,1.6667E+12,4.13975E-07
16894,1.6667E+12,4.13975E-07
16895,1.6666E+12,4.13975E-07
16896,1.6666E+12,4.1398E-07
16897,1.6666E+12,4.1398E-07
16898,1.6665E+12,4.1398E-07
16899,1.6665E+12,4.1398E-07
16900,1.6665E+12,4.1398E-07
16901,1.6665E+12,4.1398E-07
16902,1.6664E+12,4.13985E-07
16903,1.6664E+12,4.13985E-07
16904,1.6664E+12,4.13985E-07
16905,1.6664E+12,4.13985E-07
16906,1.6663E+12,4.13985E-07
16907,1.6663E+12,4.1399E-07
16908,1.6663E+12,4.1399E-07
16909,1.6663E+12,4.1399E-07
16910,1.6662E+12,4.1399E-07
16911,1.6662E+12,4.1399E-07
16912,1.6662E+12,4.13995E-07
16913,1.6662E+12,4.13995E-07
16914,1.6661E+12,4.13995E-07
16915,1.6661E+12,4.13995E-07
16916,1.6661E+12,4.13995E-07
16917,1.6661E+12,4.13995E-07
16918,1.666E+12,0.000000414
16919,1.666E+12,0.000000414
16920,1.666E+12,0.000000414
16921,1.666E+12,0.000000414
16922,1.6659E+12,0.000000414
16923,1.6659E+12,4.14005E-07
16924,1.6659E+12,4.14005E-07
16925,1.6659E+12,4.14005E-07
16926,1.6658E+12,4.14005E-07
16927,1.6658E+12,4.14005E-07
16928,1.6658E+12,4.1401E-07
16929,1.6658E+12,4.1401E-07
16930,1.6657E+12,4.1401E-07
16931,1.6657E+12,4.1401E-07
16932,1.6657E+12,4.1401E-07
16933,1.6657E+12,4.1401E-07
16934,1.6656E+12,4.14015E-07
16935,1.6656E+12,4.14015E-07
16936,1.6656E+12,4.14015E-07
16937,1.6655E+12,4.14015E-07
16938,1.6655E+12,4.14015E-07
16939,1.6655E+12,4.1402E-07
16940,1.6655E+12,4.1402E-07
16941,1.6654E+12,4.1402E-07
16942,1.6654E+12,4.1402E-07
16943,1.6654E+12,4.1402E-07
16944,1.6654E+12,4.14025E-07
16945,1.6653E+12,4.14025E-07
16946,1.6653E+12,4.14025E-07
16947,1.6653E+12,4.14025E-07
16948,1.6653E+12,4.14025E-07
16949,1.6652E+12,4.14025E-07
16950,1.6652E+12,4.1403E-07
16951,1.6652E+12,4.1403E-07
16952,1.6652E+12,4.1403E-07
16953,1.6651E+12,4.1403E-07
16954,1.6651E+12,4.1403E-07
16955,1.6651E+12,4.14035E-07
16956,1.6651E+12,4.14035E-07
16957,1.665E+12,4.14035E-07
16958,1.665E+12,4.14035E-07
16959,1.665E+12,4.14035E-07
16960,1.665E+12,4.1404E-07
16961,1.6649E+12,4.1404E-07
16962,1.6649E+12,4.1404E-07
16963,1.6649E+12,4.1404E-07
16964,1.6649E+12,4.1404E-07
16965,1.6648E+12,4.1404E-07
16966,1.6648E+12,4.14045E-07
16967,1.6648E+12,4.14045E-07
16968,1.6648E+12,4.14045E-07
16969,1.6647E+12,4.14045E-07
16970,1.6647E+12,4.14045E-07
16971,1.6647E+12,4.1405E-07
16972,1.6647E+12,4.1405E-07
16973,1.6646E+12,4.1405E-07
16974,1.6646E+12,4.1405E-07
16975,1.6646E+12,4.1405E-07
16976,1.6646E+12,4.14055E-07
16977,1.6645E+12,4.14055E-07
16978,1.6645E+12,4.14055E-07
16979,1.6645E+12,4.14055E-07
16980,1.6644E+12,4.14055E-07
16981,1.6644E+12,4.14055E-07
16982,1.6644E+12,4.1406E-07
16983,1.6644E+12,4.1406E-07
16984,1.6643E+12,4.1406E-07
16985,1.6643E+12,4.1406E-07
16986,1.6643E+12,4.1406E-07
16987,1.6643E+12,4.14065E-07
16988,1.6642E+12,4.14065E-07
16989,1.6642E+12,4.14065E-07
16990,1.6642E+12,4.14065E-07
16991,1.6642E+12,4.14065E-07
16992,1.6641E+12,4.1407E-07
16993,1.6641E+12,4.1407E-07
16994,1.6641E+12,4.1407E-07
16995,1.6641E+12,4.1407E-07
16996,1.664E+12,4.1407E-07
16997,1.664E+12,4.1407E-07
16998,1.664E+12,4.14075E-07
16999,1.664E+12,4.14075E-07
17000,1.6639E+12,4.14075E-07
17001,1.6639E+12,4.14075E-07
17002,1.6639E+12,4.14075E-07
17003,1.6639E+12,4.1408E-07
17004,1.6638E+12,4.1408E-07
17005,1.6638E+12,4.1408E-07
17006,1.6638E+12,4.1408E-07
17007,1.6638E+12,4.1408E-07
17008,1.6637E+12,4.14085E-07
17009,1.6637E+12,4.14085E-07
17010,1.6637E+12,4.14085E-07
17011,1.6637E+12,4.14085E-07
17012,1.6636E+12,4.14085E-07
17013,1.6636E+12,4.14085E-07
17014,1.6636E+12,4.1409E-07
17015,1.6636E+12,4.1409E-07
17016,1.6635E+12,4.1409E-07
17017,1.6635E+12,4.1409E-07
17018,1.6635E+12,4.1409E-07
17019,1.6635E+12,4.14095E-07
17020,1.6634E+12,4.14095E-07
17021,1.6634E+12,4.14095E-07
17022,1.6634E+12,4.14095E-07
17023,1.6634E+12,4.14095E-07
17024,1.6633E+12,4.14095E-07
17025,1.6633E+12,4.141E-07
17026,1.6633E+12,4.141E-07
17027,1.6633E+12,4.141E-07
17028,1.6632E+12,4.141E-07
17029,1.6632E+12,4.141E-07
17030,1.6632E+12,4.14105E-07
17031,1.6631E+12,4.14105E-07
17032,1.6631E+12,4.14105E-07
17033,1.6631E+12,4.14105E-07
17034,1.6631E+12,4.14105E-07
17035,1.663E+12,4.1411E-07
17036,1.663E+12,4.1411E-07
17037,1.663E+12,4.1411E-07
17038,1.663E+12,4.1411E-07
17039,1.6629E+12,4.1411E-07
17040,1.6629E+12,4.1411E-07
17041,1.6629E+12,4.14115E-07
17042,1.6629E+12,4.14115E-07
17043,1.6628E+12,4.14115E-07
17044,1.6628E+12,4.14115E-07
17045,1.6628E+12,4.14115E-07
17046,1.6628E+12,4.1412E-07
17047,1.6627E+12,4.1412E-07
17048,1.6627E+12,4.1412E-07
17049,1.6627E+12,4.1412E-07
17050,1.6627E+12,4.1412E-07
17051,1.6626E+12,4.14125E-07
17052,1.6626E+12,4.14125E-07
17053,1.6626E+12,4.14125E-07
17054,1.6626E+12,4.14125E-07
17055,1.6625E+12,4.14125E-07
17056,1.6625E+12,4.14125E-07
17057,1.6625E+12,4.1413E-07
17058,1.6625E+12,4.1413E-07
17059,1.6624E+12,4.1413E-07
17060,1.6624E+12,4.1413E-07
17061,1.6624E+12,4.1413E-07
17062,1.6624E+12,4.14135E-07
17063,1.6623E+12,4.14135E-07
17064,1.6623E+12,4.14135E-07
17065,1.6623E+12,4.14135E-07
17066,1.6623E+12,4.14135E-07
17067,1.6622E+12,4.1414E-07
17068,1.6622E+12,4.1414E-07
17069,1.6622E+12,4.1414E-07
17070,1.6622E+12,4.1414E-07
17071,1.6621E+12,4.1414E-07
17072,1.6621E+12,4.1414E-07
17073,1.6621E+12,4.14145E-07
17074,1.6621E+12,4.14145E-07
17075,1.662E+12,4.14145E-07
17076,1.662E+12,4.14145E-07
17077,1.662E+12,4.14145E-07
17078,1.662E+12,4.1415E-07
17079,1.6619E+12,4.1415E-07
17080,1.6619E+12,4.1415E-07
17081,1.6619E+12,4.1415E-07
17082,1.6619E+12,4.1415E-07
17083,1.6618E+12,4.1415E-07
17084,1.6618E+12,4.14155E-07
17085,1.6618E+12,4.14155E-07
17086,1.6618E+12,4.14155E-07
17087,1.6617E+12,4.14155E-07
17088,1.6617E+12,4.14155E-07
17089,1.6617E+12,4.1416E-07
17090,1.6617E+12,4.1416E-07
17091,1.6616E+12,4.1416E-07
17092,1.6616E+12,4.1416E-07
17093,1.6616E+12,4.1416E-07
17094,1.6615E+12,4.14165E-07
17095,1.6615E+12,4.14165E-07
17096,1.6615E+12,4.14165E-07
17097,1.6615E+12,4.14165E-07
17098,1.6614E+12,4.14165E-07
17099,1.6614E+12,4.14165E-07
17100,1.6614E+12,4.1417E-07
17101,1.6614E+12,4.1417E-07
17102,1.6613E+12,4.1417E-07
17103,1.6613E+12,4.1417E-07
17104,1.6613E+12,4.1417E-07
17105,1.6613E+12,4.14175E-07
17106,1.6612E+12,4.14175E-07
17107,1.6612E+12,4.14175E-07
17108,1.6612E+12,4.14175E-07
17109,1.6612E+12,4.14175E-07
17110,1.6611E+12,4.14175E-07
17111,1.6611E+12,4.1418E-07
17112,1.6611E+12,4.1418E-07
17113,1.6611E+12,4.1418E-07
17114,1.661E+12,4.1418E-07
17115,1.661E+12,4.1418E-07
17116,1.661E+12,4.14185E-07
17117,1.661E+12,4.14185E-07
17118,1.6609E+12,4.14185E-07
17119,1.6609E+12,4.14185E-07
17120,1.6609E+12,4.14185E-07
17121,1.6609E+12,4.1419E-07
17122,1.6608E+12,4.1419E-07
17123,1.6608E+12,4.1419E-07
17124,1.6608E+12,4.1419E-07
17125,1.6608E+12,4.1419E-07
17126,1.6607E+12,4.1419E-07
17127,1.6607E+12,4.14195E-07
17128,1.6607E+12,4.14195E-07
17129,1.6607E+12,4.14195E-07
17130,1.6606E+12,4.14195E-07
17131,1.6606E+12,4.14195E-07
17132,1.6606E+12,4.142E-07
17133,1.6606E+12,4.142E-07
17134,1.6605E+12,4.142E-07
17135,1.6605E+12,4.142E-07
17136,1.6605E+12,4.142E-07
17137,1.6605E+12,4.142E-07
17138,1.6604E+12,4.14205E-07
17139,1.6604E+12,4.14205E-07
17140,1.6604E+12,4.14205E-07
17141,1.6604E+12,4.14205E-07
17142,1.6603E+12,4.14205E-07
17143,1.6603E+12,4.1421E-07
17144,1.6603E+12,4.1421E-07
17145,1.6603E+12,4.1421E-07
17146,1.6602E+12,4.1421E-07
17147,1.6602E+12,4.1421E-07
17148,1.6602E+12,4.14215E-07
17149,1.6602E+12,4.14215E-07
17150,1.6601E+12,4.14215E-07
17151,1.6601E+12,4.14215E-07
17152,1.6601E+12,4.14215E-07
17153,1.6601E+12,4.14215E-07
17154,1.66E+12,4.1422E-07
17155,1.66E+12,4.1422E-07
17156,1.66E+12,4.1422E-07
17157,1.66E+12,4.1422E-07
17158,1.6599E+12,4.1422E-07
17159,1.6599E+12,4.14225E-07
17160,1.6599E+12,4.14225E-07
17161,1.6599E+12,4.14225E-07
17162,1.6598E+12,4.14225E-07
17163,1.6598E+12,4.14225E-07
17164,1.6598E+12,4.14225E-07
17165,1.6598E+12,4.1423E-07
17166,1.6597E+12,4.1423E-07
17167,1.6597E+12,4.1423E-07
17168,1.6597E+12,4.1423E-07
17169,1.6597E+12,4.1423E-07
17170,1.6596E+12,4.14235E-07
17171,1.6596E+12,4.14235E-07
17172,1.6596E+12,4.14235E-07
17173,1.6596E+12,4.14235E-07
17174,1.6595E+12,4.14235E-07
17175,1.6595E+12,4.1424E-07
17176,1.6595E+12,4.1424E-07
17177,1.6595E+12,4.1424E-07
17178,1.6594E+12,4.1424E-07
17179,1.6594E+12,4.1424E-07
17180,1.6594E+12,4.1424E-07
17181,1.6594E+12,4.14245E-07
17182,1.6593E+12,4.14245E-07
17183,1.6593E+12,4.14245E-07
17184,1.6593E+12,4.14245E-07
17185,1.6593E+12,4.14245E-07
17186,1.6592E+12,4.1425E-07
17187,1.6592E+12,4.1425E-07
17188,1.6592E+12,4.1425E-07
17189,1.6592E+12,4.1425E-07
17190,1.6591E+12,4.1425E-07
17191,1.6591E+12,4.1425E-07
17192,1.6591E+12,4.14255E-07
17193,1.6591E+12,4.14255E-07
17194,1.659E+12,4.14255E-07
17195,1.659E+12,4.14255E-07
17196,1.659E+12,4.14255E-07
17197,1.659E+12,4.1426E-07
17198,1.6589E+12,4.1426E-07
17199,1.6589E+12,4.1426E-07
17200,1.6589E+12,4.1426E-07
17201,1.6589E+12,4.1426E-07
17202,1.6588E+12,4.1426E-07
17203,1.6588E+12,4.14265E-07
17204,1.6588E+12,4.14265E-07
17205,1.6588E+12,4.14265E-07
17206,1.6587E+12,4.14265E-07
17207,1.6587E+12,4.14265E-07
17208,1.6587E+12,4.1427E-07
17209,1.6587E+12,4.1427E-07
17210,1.6586E+12,4.1427E-07
17211,1.6586E+12,4.1427E-07
17212,1.6586E+12,4.1427E-07
17213,1.6585E+12,4.14275E-07
17214,1.6585E+12,4.14275E-07
17215,1.6585E+12,4.14275E-07
17216,1.6585E+12,4.14275E-07
17217,1.6584E+12,4.14275E-07
17218,1.6584E+12,4.14275E-07
17219,1.6584E+12,4.1428E-07
17220,1.6584E+12,4.1428E-07
17221,1.6583E+12,4.1428E-07
17222,1.6583E+12,4.1428E-07
17223,1.6583E+12,4.1428E-07
17224,1.6583E+12,4.14285E-07
17225,1.6582E+12,4.14285E-07
17226,1.6582E+12,4.14285E-07
17227,1.6582E+12,4.14285E-07
17228,1.6582E+12,4.14285E-07
17229,1.6581E+12,4.14285E-07
17230,1.6581E+12,4.1429E-07
17231,1.6581E+12,4.1429E-07
17232,1.6581E+12,4.1429E-07
17233,1.658E+12,4.1429E-07
17234,1.658E+12,4.1429E-07
17235,1.658E+12,4.14295E-07
17236,1.658E+12,4.14295E-07
17237,1.6579E+12,4.14295E-07
17238,1.6579E+12,4.14295E-07
17239,1.6579E+12,4.14295E-07
17240,1.6579E+12,4.14295E-07
17241,1.6578E+12,4.143E-07
17242,1.6578E+12,4.143E-07
17243,1.6578E+12,4.143E-07
17244,1.6578E+12,4.143E-07
17245,1.6577E+12,4.143E-07
17246,1.6577E+12,4.14305E-07
17247,1.6577E+12,4.14305E-07
17248,1.6577E+12,4.14305E-07
17249,1.6576E+12,4.14305E-07
17250,1.6576E+12,4.14305E-07
17251,1.6576E+12,4.1431E-07
17252,1.6576E+12,4.1431E-07
17253,1.6575E+12,4.1431E-07
17254,1.6575E+12,4.1431E-07
17255,1.6575E+12,4.1431E-07
17256,1.6575E+12,4.1431E-07
17257,1.6574E+12,4.14315E-07
17258,1.6574E+12,4.14315E-07
17259,1.6574E+12,4.14315E-07
17260,1.6574E+12,4.14315E-07
17261,1.6573E+12,4.14315E-07
17262,1.6573E+12,4.1432E-07
17263,1.6573E+12,4.1432E-07
17264,1.6573E+12,4.1432E-07
17265,1.6572E+12,4.1432E-07
17266,1.6572E+12,4.1432E-07
17267,1.6572E+12,4.1432E-07
17268,1.6572E+12,4.14325E-07
17269,1.6571E+12,4.14325E-07
17270,1.6571E+12,4.14325E-07
17271,1.6571E+12,4.14325E-07
17272,1.6571E+12,4.14325E-07
17273,1.657E+12,4.1433E-07
17274,1.657E+12,4.1433E-07
17275,1.657E+12,4.1433E-07
17276,1.657E+12,4.1433E-07
17277,1.6569E+12,4.1433E-07
17278,1.6569E+12,4.1433E-07
17279,1.6569E+12,4.14335E-07
17280,1.6569E+12,4.14335E-07
17281,1.6568E+12,4.14335E-07
17282,1.6568E+12,4.14335E-07
17283,1.6568E+12,4.14335E-07
17284,1.6568E+12,4.1434E-07
17285,1.6567E+12,4.1434E-07
17286,1.6567E+12,4.1434E-07
17287,1.6567E+12,4.1434E-07
17288,1.6567E+12,4.1434E-07
17289,1.6566E+12,4.1434E-07
17290,1.6566E+12,4.14345E-07
17291,1.6566E+12,4.14345E-07
17292,1.6566E+12,4.14345E-07
17293,1.6565E+12,4.14345E-07
17294,1.6565E+12,4.14345E-07
17295,1.6565E+12,4.1435E-07
17296,1.6565E+12,4.1435E-07
17297,1.6564E+12,4.1435E-07
17298,1.6564E+12,4.1435E-07
17299,1.6564E+12,4.1435E-07
17300,1.6564E+12,4.1435E-07
17301,1.6563E+12,4.14355E-07
17302,1.6563E+12,4.14355E-07
17303,1.6563E+12,4.14355E-07
17304,1.6563E+12,4.14355E-07
17305,1.6562E+12,4.14355E-07
17306,1.6562E+12,4.1436E-07
17307,1.6562E+12,4.1436E-07
17308,1.6562E+12,4.1436E-07
17309,1.6561E+12,4.1436E-07
17310,1.6561E+12,4.1436E-07
17311,1.6561E+12,4.14365E-07
17312,1.6561E+12,4.14365E-07
17313,1.6561E+12,4.14365E-07
17314,1.656E+12,4.14365E-07
17315,1.656E+12,4.14365E-07
17316,1.656E+12,4.14365E-07
17317,1.656E+12,4.1437E-07
17318,1.6559E+12,4.1437E-07
17319,1.6559E+12,4.1437E-07
17320,1.6559E+12,4.1437E-07
17321,1.6559E+12,4.1437E-07
17322,1.6558E+12,4.14375E-07
17323,1.6558E+12,4.14375E-07
17324,1.6558E+12,4.14375E-07
17325,1.6558E+12,4.14375E-07
17326,1.6557E+12,4.14375E-07
17327,1.6557E+12,4.14375E-07
17328,1.6557E+12,4.1438E-07
17329,1.6557E+12,4.1438E-07
17330,1.6556E+12,4.1438E-07
17331,1.6556E+12,4.1438E-07
17332,1.6556E+12,4.1438E-07
17333,1.6556E+12,4.14385E-07
17334,1.6555E+12,4.14385E-07
17335,1.6555E+12,4.14385E-07
17336,1.6555E+12,4.14385E-07
17337,1.6555E+12,4.14385E-07
17338,1.6554E+12,4.14385E-07
17339,1.6554E+12,4.1439E-07
17340,1.6554E+12,4.1439E-07
17341,1.6554E+12,4.1439E-07
17342,1.6553E+12,4.1439E-07
17343,1.6553E+12,4.1439E-07
17344,1.6553E+12,4.14395E-07
17345,1.6553E+12,4.14395E-07
17346,1.6552E+12,4.14395E-07
17347,1.6552E+12,4.14395E-07
17348,1.6552E+12,4.14395E-07
17349,1.6552E+12,4.14395E-07
17350,1.6551E+12,4.144E-07
17351,1.6551E+12,4.144E-07
17352,1.6551E+12,4.144E-07
17353,1.6551E+12,4.144E-07
17354,1.655E+12,4.144E-07
17355,1.655E+12,4.14405E-07
17356,1.655E+12,4.14405E-07
17357,1.655E+12,4.14405E-07
17358,1.6549E+12,4.14405E-07
17359,1.6549E+12,4.14405E-07
17360,1.6549E+12,4.14405E-07
17361,1.6549E+12,4.1441E-07
17362,1.6548E+12,4.1441E-07
17363,1.6548E+12,4.1441E-07
17364,1.6548E+12,4.1441E-07
17365,1.6548E+12,4.1441E-07
17366,1.6547E+12,4.14415E-07
17367,1.6547E+12,4.14415E-07
17368,1.6547E+12,4.14415E-07
17369,1.6547E+12,4.14415E-07
17370,1.6546E+12,4.14415E-07
17371,1.6546E+12,4.14415E-07
17372,1.6546E+12,4.1442E-07
17373,1.6546E+12,4.1442E-07
17374,1.6545E+12,4.1442E-07
17375,1.6545E+12,4.1442E-07
17376,1.6545E+12,4.1442E-07
17377,1.6545E+12,4.14425E-07
17378,1.6544E+12,4.14425E-07
17379,1.6544E+12,4.14425E-07
17380,1.6544E+12,4.14425E-07
17381,1.6544E+12,4.14425E-07
17382,1.6543E+12,4.14425E-07
17383,1.6543E+12,4.1443E-07
17384,1.6543E+12,4.1443E-07
17385,1.6543E+12,4.1443E-07
17386,1.6542E+12,4.1443E-07
17387,1.6542E+12,4.1443E-07
17388,1.6542E+12,4.14435E-07
17389,1.6542E+12,4.14435E-07
17390,1.6541E+12,4.14435E-07
17391,1.6541E+12,4.14435E-07
17392,1.6541E+12,4.14435E-07
17393,1.6541E+12,4.14435E-07
17394,1.654E+12,4.1444E-07
17395,1.654E+12,4.1444E-07
17396,1.654E+12,4.1444E-07
17397,1.654E+12,4.1444E-07
17398,1.6539E+12,4.1444E-07
17399,1.6539E+12,4.14445E-07
17400,1.6539E+12,4.14445E-07
17401,1.6539E+12,4.14445E-07
17402,1.6538E+12,4.14445E-07
17403,1.6538E+12,4.14445E-07
17404,1.6538E+12,4.14445E-07
17405,1.6538E+12,4.1445E-07
17406,1.6537E+12,4.1445E-07
17407,1.6537E+12,4.1445E-07
17408,1.6537E+12,4.1445E-07
17409,1.6537E+12,4.1445E-07
17410,1.6536E+12,4.14455E-07
17411,1.6536E+12,4.14455E-07
17412,1.6536E+12,4.14455E-07
17413,1.6536E+12,4.14455E-07
17414,1.6535E+12,4.14455E-07
17415,1.6535E+12,4.14455E-07
17416,1.6535E+12,4.1446E-07
17417,1.6535E+12,4.1446E-07
17418,1.6534E+12,4.1446E-07
17419,1.6534E+12,4.1446E-07
17420,1.6534E+12,4.1446E-07
17421,1.6534E+12,4.14465E-07
17422,1.6533E+12,4.14465E-07
17423,1.6533E+12,4.14465E-07
17424,1.6533E+12,4.14465E-07
17425,1.6533E+12,4.14465E-07
17426,1.6532E+12,4.14465E-07
17427,1.6532E+12,4.1447E-07
17428,1.6532E+12,4.1447E-07
17429,1.6532E+12,4.1447E-07
17430,1.6531E+12,4.1447E-07
17431,1.6531E+12,4.1447E-07
17432,1.6531E+12,4.14475E-07
17433,1.6531E+12,4.14475E-07
17434,1.6531E+12,4.14475E-07
17435,1.653E+12,4.14475E-07
17436,1.653E+12,4.14475E-07
17437,1.653E+12,4.14475E-07
17438,1.653E+12,4.1448E-07
17439,1.6529E+12,4.1448E-07
17440,1.6529E+12,4.1448E-07
17441,1.6529E+12,4.1448E-07
17442,1.6529E+12,4.1448E-07
17443,1.6528E+12,4.14485E-07
17444,1.6528E+12,4.14485E-07
17445,1.6528E+12,4.14485E-07
17446,1.6528E+12,4.14485E-07
17447,1.6527E+12,4.14485E-07
17448,1.6527E+12,4.14485E-07
17449,1.6527E+12,4.1449E-07
17450,1.6527E+12,4.1449E-07
17451,1.6526E+12,4.1449E-07
17452,1.6526E+12,4.1449E-07
17453,1.6526E+12,4.1449E-07
17454,1.6526E+12,4.14495E-07
17455,1.6525E+12,4.14495E-07
17456,1.6525E+12,4.14495E-07
17457,1.6525E+12,4.14495E-07
17458,1.6525E+12,4.14495E-07
17459,1.6524E+12,4.14495E-07
17460,1.6524E+12,4.145E-07
17461,1.6524E+12,4.145E-07
17462,1.6524E+12,4.145E-07
17463,1.6523E+12,4.145E-07
17464,1.6523E+12,4.145E-07
17465,1.6523E+12,4.14505E-07
17466,1.6523E+12,4.14505E-07
17467,1.6522E+12,4.14505E-07
17468,1.6522E+12,4.14505E-07
17469,1.6522E+12,4.14505E-07
17470,1.6522E+12,4.14505E-07
17471,1.6521E+12,4.1451E-07
17472,1.6521E+12,4.1451E-07
17473,1.6521E+12,4.1451E-07
17474,1.6521E+12,4.1451E-07
17475,1.652E+12,4.1451E-07
17476,1.652E+12,4.14515E-07
17477,1.652E+12,4.14515E-07
17478,1.652E+12,4.14515E-07
17479,1.6519E+12,4.14515E-07
17480,1.6519E+12,4.14515E-07
17481,1.6519E+12,4.14515E-07
17482,1.6519E+12,4.1452E-07
17483,1.6518E+12,4.1452E-07
17484,1.6518E+12,4.1452E-07
17485,1.6518E+12,4.1452E-07
17486,1.6518E+12,4.1452E-07
17487,1.6517E+12,4.14525E-07
17488,1.6517E+12,4.14525E-07
17489,1.6517E+12,4.14525E-07
17490,1.6517E+12,4.14525E-07
17491,1.6516E+12,4.14525E-07
17492,1.6516E+12,4.14525E-07
17493,1.6516E+12,4.1453E-07
17494,1.6516E+12,4.1453E-07
17495,1.6515E+12,4.1453E-07
17496,1.6515E+12,4.1453E-07
17497,1.6515E+12,4.1453E-07
17498,1.6515E+12,4.14535E-07
17499,1.6514E+12,4.14535E-07
17500,1.6514E+12,4.14535E-07
17501,1.6514E+12,4.14535E-07
17502,1.6514E+12,4.14535E-07
17503,1.6514E+12,4.14535E-07
17504,1.6513E+12,4.1454E-07
17505,1.6513E+12,4.1454E-07
17506,1.6513E+12,4.1454E-07
17507,1.6513E+12,4.1454E-07
17508,1.6512E+12,4.1454E-07
17509,1.6512E+12,4.14545E-07
17510,1.6512E+12,4.14545E-07
17511,1.6512E+12,4.14545E-07
17512,1.6511E+12,4.14545E-07
17513,1.6511E+12,4.14545E-07
17514,1.6511E+12,4.14545E-07
17515,1.6511E+12,4.1455E-07
17516,1.651E+12,4.1455E-07
17517,1.651E+12,4.1455E-07
17518,1.651E+12,4.1455E-07
17519,1.651E+12,4.1455E-07
17520,1.6509E+12,4.14555E-07
17521,1.6509E+12,4.14555E-07
17522,1.6509E+12,4.14555E-07
17523,1.6509E+12,4.14555E-07
17524,1.6508E+12,4.14555E-07
17525,1.6508E+12,4.14555E-07
17526,1.6508E+12,4.1456E-07
17527,1.6508E+12,4.1456E-07
17528,1.6507E+12,4.1456E-07
17529,1.6507E+12,4.1456E-07
17530,1.6507E+12,4.1456E-07
17531,1.6507E+12,4.14565E-07
17532,1.6506E+12,4.14565E-07
17533,1.6506E+12,4.14565E-07
17534,1.6506E+12,4.14565E-07
17535,1.6506E+12,4.14565E-07
17536,1.6505E+12,4.14565E-07
17537,1.6505E+12,4.1457E-07
17538,1.6505E+12,4.1457E-07
17539,1.6505E+12,4.1457E-07
17540,1.6504E+12,4.1457E-07
17541,1.6504E+12,4.1457E-07
17542,1.6504E+12,4.1457E-07
17543,1.6504E+12,4.14575E-07
17544,1.6503E+12,4.14575E-07
17545,1.6503E+12,4.14575E-07
17546,1.6503E+12,4.14575E-07
17547,1.6503E+12,4.14575E-07
17548,1.6502E+12,4.1458E-07
17549,1.6502E+12,4.1458E-07
17550,1.6502E+12,4.1458E-07
17551,1.6502E+12,4.1458E-07
17552,1.6502E+12,4.1458E-07
17553,1.6501E+12,4.1458E-07
17554,1.6501E+12,4.14585E-07
17555,1.6501E+12,4.14585E-07
17556,1.6501E+12,4.14585E-07
17557,1.65E+12,4.14585E-07
17558,1.65E+12,4.14585E-07
17559,1.65E+12,4.1459E-07
17560,1.65E+12,4.1459E-07
17561,1.6499E+12,4.1459E-07
17562,1.6499E+12,4.1459E-07
17563,1.6499E+12,4.1459E-07
17564,1.6499E+12,4.1459E-07
17565,1.6498E+12,4.14595E-07
17566,1.6498E+12,4.14595E-07
17567,1.6498E+12,4.14595E-07
17568,1.6498E+12,4.14595E-07
17569,1.6497E+12,4.14595E-07
17570,1.6497E+12,4.146E-07
17571,1.6497E+12,4.146E-07
17572,1.6497E+12,4.146E-07
17573,1.6496E+12,4.146E-07
17574,1.6496E+12,4.146E-07
17575,1.6496E+12,4.146E-07
17576,1.6496E+12,4.14605E-07
17577,1.6495E+12,4.14605E-07
17578,1.6495E+12,4.14605E-07
17579,1.6495E+12,4.14605E-07
17580,1.6495E+12,4.14605E-07
17581,1.6494E+12,4.1461E-07
17582,1.6494E+12,4.1461E-07
17583,1.6494E+12,4.1461E-07
17584,1.6494E+12,4.1461E-07
17585,1.6493E+12,4.1461E-07
17586,1.6493E+12,4.1461E-07
17587,1.6493E+12,4.14615E-07
17588,1.6493E+12,4.14615E-07
17589,1.6492E+12,4.14615E-07
17590,1.6492E+12,4.14615E-07
17591,1.6492E+12,4.14615E-07
17592,1.6492E+12,4.1462E-07
17593,1.6491E+12,4.1462E-07
17594,1.6491E+12,4.1462E-07
17595,1.6491E+12,4.1462E-07
17596,1.6491E+12,4.1462E-07
17597,1.6491E+12,4.1462E-07
17598,1.649E+12,4.14625E-07
17599,1.649E+12,4.14625E-07
17600,1.649E+12,4.14625E-07
17601,1.649E+12,4.14625E-07
17602,1.6489E+12,4.14625E-07
17603,1.6489E+12,4.14625E-07
17604,1.6489E+12,4.1463E-07
17605,1.6489E+12,4.1463E-07
17606,1.6488E+12,4.1463E-07
17607,1.6488E+12,4.1463E-07
17608,1.6488E+12,4.1463E-07
17609,1.6488E+12,4.14635E-07
17610,1.6487E+12,4.14635E-07
17611,1.6487E+12,4.14635E-07
17612,1.6487E+12,4.14635E-07
17613,1.6487E+12,4.14635E-07
17614,1.6486E+12,4.14635E-07
17615,1.6486E+12,4.1464E-07
17616,1.6486E+12,4.1464E-07
17617,1.6486E+12,4.1464E-07
17618,1.6485E+12,4.1464E-07
17619,1.6485E+12,4.1464E-07
17620,1.6485E+12,4.14645E-07
17621,1.6485E+12,4.14645E-07
17622,1.6484E+12,4.14645E-07
17623,1.6484E+12,4.14645E-07
17624,1.6484E+12,4.14645E-07
17625,1.6484E+12,4.14645E-07
17626,1.6483E+12,4.1465E-07
17627,1.6483E+12,4.1465E-07
17628,1.6483E+12,4.1465E-07
17629,1.6483E+12,4.1465E-07
17630,1.6482E+12,4.1465E-07
17631,1.6482E+12,4.14655E-07
17632,1.6482E+12,4.14655E-07
17633,1.6482E+12,4.14655E-07
17634,1.6482E+12,4.14655E-07
17635,1.6481E+12,4.14655E-07
17636,1.6481E+12,4.14655E-07
17637,1.6481E+12,4.1466E-07
17638,1.6481E+12,4.1466E-07
17639,1.648E+12,4.1466E-07
17640,1.648E+12,4.1466E-07
17641,1.648E+12,4.1466E-07
17642,1.648E+12,4.1466E-07
17643,1.6479E+12,4.14665E-07
17644,1.6479E+12,4.14665E-07
17645,1.6479E+12,4.14665E-07
17646,1.6479E+12,4.14665E-07
17647,1.6478E+12,4.14665E-07
17648,1.6478E+12,4.1467E-07
17649,1.6478E+12,4.1467E-07
17650,1.6478E+12,4.1467E-07
17651,1.6477E+12,4.1467E-07
17652,1.6477E+12,4.1467E-07
17653,1.6477E+12,4.1467E-07
17654,1.6477E+12,4.14675E-07
17655,1.6476E+12,4.14675E-07
17656,1.6476E+12,4.14675E-07
17657,1.6476E+12,4.14675E-07
17658,1.6476E+12,4.14675E-07
17659,1.6475E+12,4.1468E-07
17660,1.6475E+12,4.1468E-07
17661,1.6475E+12,4.1468E-07
17662,1.6475E+12,4.1468E-07
17663,1.6474E+12,4.1468E-07
17664,1.6474E+12,4.1468E-07
17665,1.6474E+12,4.14685E-07
17666,1.6474E+12,4.14685E-07
17667,1.6473E+12,4.14685E-07
17668,1.6473E+12,4.14685E-07
17669,1.6473E+12,4.14685E-07
17670,1.6473E+12,4.1469E-07
17671,1.6473E+12,4.1469E-07
17672,1.6472E+12,4.1469E-07
17673,1.6472E+12,4.1469E-07
17674,1.6472E+12,4.1469E-07
17675,1.6472E+12,4.1469E-07
17676,1.6471E+12,4.14695E-07
17677,1.6471E+12,4.14695E-07
17678,1.6471E+12,4.14695E-07
17679,1.6471E+12,4.14695E-07
17680,1.647E+12,4.14695E-07
17681,1.647E+12,4.14695E-07
17682,1.647E+12,4.147E-07
17683,1.647E+12,4.147E-07
17684,1.6469E+12,4.147E-07
17685,1.6469E+12,4.147E-07
17686,1.6469E+12,4.147E-07
17687,1.6469E+12,4.14705E-07
17688,1.6468E+12,4.14705E-07
17689,1.6468E+12,4.14705E-07
17690,1.6468E+12,4.14705E-07
17691,1.6468E+12,4.14705E-07
17692,1.6467E+12,4.14705E-07
17693,1.6467E+12,4.1471E-07
17694,1.6467E+12,4.1471E-07
17695,1.6467E+12,4.1471E-07
17696,1.6466E+12,4.1471E-07
17697,1.6466E+12,4.1471E-07
17698,1.6466E+12,4.14715E-07
17699,1.6466E+12,4.14715E-07
17700,1.6465E+12,4.14715E-07
17701,1.6465E+12,4.14715E-07
17702,1.6465E+12,4.14715E-07
17703,1.6465E+12,4.14715E-07
17704,1.6465E+12,4.1472E-07
17705,1.6464E+12,4.1472E-07
17706,1.6464E+12,4.1472E-07
17707,1.6464E+12,4.1472E-07
17708,1.6464E+12,4.1472E-07
17709,1.6463E+12,4.1472E-07
17710,1.6463E+12,4.14725E-07
17711,1.6463E+12,4.14725E-07
17712,1.6463E+12,4.14725E-07
17713,1.6462E+12,4.14725E-07
17714,1.6462E+12,4.14725E-07
17715,1.6462E+12,4.1473E-07
17716,1.6462E+12,4.1473E-07
17717,1.6461E+12,4.1473E-07
17718,1.6461E+12,4.1473E-07
17719,1.6461E+12,4.1473E-07
17720,1.6461E+12,4.1473E-07
17721,1.646E+12,4.14735E-07
17722,1.646E+12,4.14735E-07
17723,1.646E+12,4.14735E-07
17724,1.646E+12,4.14735E-07
17725,1.6459E+12,4.14735E-07
17726,1.6459E+12,4.1474E-07
17727,1.6459E+12,4.1474E-07
17728,1.6459E+12,4.1474E-07
17729,1.6458E+12,4.1474E-07
17730,1.6458E+12,4.1474E-07
17731,1.6458E+12,4.1474E-07
17732,1.6458E+12,4.14745E-07
17733,1.6458E+12,4.14745E-07
17734,1.6457E+12,4.14745E-07
17735,1.6457E+12,4.14745E-07
17736,1.6457E+12,4.14745E-07
17737,1.6457E+12,4.14745E-07
17738,1.6456E+12,4.1475E-07
17739,1.6456E+12,4.1475E-07
17740,1.6456E+12,4.1475E-07
17741,1.6456E+12,4.1475E-07
17742,1.6455E+12,4.1475E-07
17743,1.6455E+12,4.14755E-07
17744,1.6455E+12,4.14755E-07
17745,1.6455E+12,4.14755E-07
17746,1.6454E+12,4.14755E-07
17747,1.6454E+12,4.14755E-07
17748,1.6454E+12,4.14755E-07
17749,1.6454E+12,4.1476E-07
17750,1.6453E+12,4.1476E-07
17751,1.6453E+12,4.1476E-07
17752,1.6453E+12,4.1476E-07
17753,1.6453E+12,4.1476E-07
17754,1.6452E+12,4.14765E-07
17755,1.6452E+12,4.14765E-07
17756,1.6452E+12,4.14765E-07
17757,1.6452E+12,4.14765E-07
17758,1.6451E+12,4.14765E-07
17759,1.6451E+12,4.14765E-07
17760,1.6451E+12,4.1477E-07
17761,1.6451E+12,4.1477E-07
17762,1.6451E+12,4.1477E-07
17763,1.645E+12,4.1477E-07
17764,1.645E+12,4.1477E-07
17765,1.645E+12,4.1477E-07
17766,1.645E+12,4.14775E-07
17767,1.6449E+12,4.14775E-07
17768,1.6449E+12,4.14775E-07
17769,1.6449E+12,4.14775E-07
17770,1.6449E+12,4.14775E-07
17771,1.6448E+12,4.1478E-07
17772,1.6448E+12,4.1478E-07
17773,1.6448E+12,4.1478E-07
17774,1.6448E+12,4.1478E-07
17775,1.6447E+12,4.1478E-07
17776,1.6447E+12,4.1478E-07
17777,1.6447E+12,4.14785E-07
17778,1.6447E+12,4.14785E-07
17779,1.6446E+12,4.14785E-07
17780,1.6446E+12,4.14785E-07
17781,1.6446E+12,4.14785E-07
17782,1.6446E+12,4.1479E-07
17783,1.6445E+12,4.1479E-07
17784,1.6445E+12,4.1479E-07
17785,1.6445E+12,4.1479E-07
17786,1.6445E+12,4.1479E-07
17787,1.6445E+12,4.1479E-07
17788,1.6444E+12,4.14795E-07
17789,1.6444E+12,4.14795E-07
17790,1.6444E+12,4.14795E-07
17791,1.6444E+12,4.14795E-07
17792,1.6443E+12,4.14795E-07
17793,1.6443E+12,4.14795E-07
17794,1.6443E+12,4.148E-07
17795,1.6443E+12,4.148E-07
17796,1.6442E+12,4.148E-07
17797,1.6442E+12,4.148E-07
17798,1.6442E+12,4.148E-07
17799,1.6442E+12,4.14805E-07
17800,1.6441E+12,4.14805E-07
17801,1.6441E+12,4.14805E-07
17802,1.6441E+12,4.14805E-07
17803,1.6441E+12,4.14805E-07
17804,1.644E+12,4.14805E-07
17805,1.644E+12,4.1481E-07
17806,1.644E+12,4.1481E-07
17807,1.644E+12,4.1481E-07
17808,1.6439E+12,4.1481E-07
17809,1.6439E+12,4.1481E-07
17810,1.6439E+12,4.1481E-07
17811,1.6439E+12,4.14815E-07
17812,1.6438E+12,4.14815E-07
17813,1.6438E+12,4.14815E-07
17814,1.6438E+12,4.14815E-07
17815,1.6438E+12,4.14815E-07
17816,1.6438E+12,4.1482E-07
17817,1.6437E+12,4.1482E-07
17818,1.6437E+12,4.1482E-07
17819,1.6437E+12,4.1482E-07
17820,1.6437E+12,4.1482E-07
17821,1.6436E+12,4.1482E-07
17822,1.6436E+12,4.14825E-07
17823,1.6436E+12,4.14825E-07
17824,1.6436E+12,4.14825E-07
17825,1.6435E+12,4.14825E-07
17826,1.6435E+12,4.14825E-07
17827,1.6435E+12,4.14825E-07
17828,1.6435E+12,4.1483E-07
17829,1.6434E+12,4.1483E-07
17830,1.6434E+12,4.1483E-07
17831,1.6434E+12,4.1483E-07
17832,1.6434E+12,4.1483E-07
17833,1.6433E+12,4.14835E-07
17834,1.6433E+12,4.14835E-07
17835,1.6433E+12,4.14835E-07
17836,1.6433E+12,4.14835E-07
17837,1.6433E+12,4.14835E-07
17838,1.6432E+12,4.14835E-07
17839,1.6432E+12,4.1484E-07
17840,1.6432E+12,4.1484E-07
17841,1.6432E+12,4.1484E-07
17842,1.6431E+12,4.1484E-07
17843,1.6431E+12,4.1484E-07
17844,1.6431E+12,4.14845E-07
17845,1.6431E+12,4.14845E-07
17846,1.643E+12,4.14845E-07
17847,1.643E+12,4.14845E-07
17848,1.643E+12,4.14845E-07
17849,1.643E+12,4.14845E-07
17850,1.6429E+12,4.1485E-07
17851,1.6429E+12,4.1485E-07
17852,1.6429E+12,4.1485E-07
17853,1.6429E+12,4.1485E-07
17854,1.6428E+12,4.1485E-07
17855,1.6428E+12,4.1485E-07
17856,1.6428E+12,4.14855E-07
17857,1.6428E+12,4.14855E-07
17858,1.6427E+12,4.14855E-07
17859,1.6427E+12,4.14855E-07
17860,1.6427E+12,4.14855E-07
17861,1.6427E+12,4.1486E-07
17862,1.6427E+12,4.1486E-07
17863,1.6426E+12,4.1486E-07
17864,1.6426E+12,4.1486E-07
17865,1.6426E+12,4.1486E-07
17866,1.6426E+12,4.1486E-07
17867,1.6425E+12,4.14865E-07
17868,1.6425E+12,4.14865E-07
17869,1.6425E+12,4.14865E-07
17870,1.6425E+12,4.14865E-07
17871,1.6424E+12,4.14865E-07
17872,1.6424E+12,4.14865E-07
17873,1.6424E+12,4.1487E-07
17874,1.6424E+12,4.1487E-07
17875,1.6423E+12,4.1487E-07
17876,1.6423E+12,4.1487E-07
17877,1.6423E+12,4.1487E-07
17878,1.6423E+12,4.14875E-07
17879,1.6422E+12,4.14875E-07
17880,1.6422E+12,4.14875E-07
17881,1.6422E+12,4.14875E-07
17882,1.6422E+12,4.14875E-07
17883,1.6421E+12,4.14875E-07
17884,1.6421E+12,4.1488E-07
17885,1.6421E+12,4.1488E-07
17886,1.6421E+12,4.1488E-07
17887,1.6421E+12,4.1488E-07
17888,1.642E+12,4.1488E-07
17889,1.642E+12,4.1488E-07
17890,1.642E+12,4.14885E-07
17891,1.642E+12,4.14885E-07
17892,1.6419E+12,4.14885E-07
17893,1.6419E+12,4.14885E-07
17894,1.6419E+12,4.14885E-07
17895,1.6419E+12,4.1489E-07
17896,1.6418E+12,4.1489E-07
17897,1.6418E+12,4.1489E-07
17898,1.6418E+12,4.1489E-07
17899,1.6418E+12,4.1489E-07
17900,1.6417E+12,4.1489E-07
17901,1.6417E+12,4.14895E-07
17902,1.6417E+12,4.14895E-07
17903,1.6417E+12,4.14895E-07
17904,1.6416E+12,4.14895E-07
17905,1.6416E+12,4.14895E-07
17906,1.6416E+12,4.14895E-07
17907,1.6416E+12,4.149E-07
17908,1.6416E+12,4.149E-07
17909,1.6415E+12,4.149E-07
17910,1.6415E+12,4.149E-07
17911,1.6415E+12,4.149E-07
17912,1.6415E+12,4.14905E-07
17913,1.6414E+12,4.14905E-07
17914,1.6414E+12,4.14905E-07
17915,1.6414E+12,4.14905E-07
17916,1.6414E+12,4.14905E-07
17917,1.6413E+12,4.14905E-07
17918,1.6413E+12,4.1491E-07
17919,1.6413E+12,4.1491E-07
17920,1.6413E+12,4.1491E-07
17921,1.6412E+12,4.1491E-07
17922,1.6412E+12,4.1491E-07
17923,1.6412E+12,4.1491E-07
17924,1.6412E+12,4.14915E-07
17925,1.6411E+12,4.14915E-07
17926,1.6411E+12,4.14915E-07
17927,1.6411E+12,4.14915E-07
17928,1.6411E+12,4.14915E-07
17929,1.6411E+12,4.1492E-07
17930,1.641E+12,4.1492E-07
17931,1.641E+12,4.1492E-07
17932,1.641E+12,4.1492E-07
17933,1.641E+12,4.1492E-07
17934,1.6409E+12,4.1492E-07
17935,1.6409E+12,4.14925E-07
17936,1.6409E+12,4.14925E-07
17937,1.6409E+12,4.14925E-07
17938,1.6408E+12,4.14925E-07
17939,1.6408E+12,4.14925E-07
17940,1.6408E+12,4.14925E-07
17941,1.6408E+12,4.1493E-07
17942,1.6407E+12,4.1493E-07
17943,1.6407E+12,4.1493E-07
17944,1.6407E+12,4.1493E-07
17945,1.6407E+12,4.1493E-07
17946,1.6406E+12,4.14935E-07
17947,1.6406E+12,4.14935E-07
17948,1.6406E+12,4.14935E-07
17949,1.6406E+12,4.14935E-07
17950,1.6406E+12,4.14935E-07
17951,1.6405E+12,4.14935E-07
17952,1.6405E+12,4.1494E-07
17953,1.6405E+12,4.1494E-07
17954,1.6405E+12,4.1494E-07
17955,1.6404E+12,4.1494E-07
17956,1.6404E+12,4.1494E-07
17957,1.6404E+12,4.1494E-07
17958,1.6404E+12,4.14945E-07
17959,1.6403E+12,4.14945E-07
17960,1.6403E+12,4.14945E-07
17961,1.6403E+12,4.14945E-07
17962,1.6403E+12,4.14945E-07
17963,1.6402E+12,4.1495E-07
17964,1.6402E+12,4.1495E-07
17965,1.6402E+12,4.1495E-07
17966,1.6402E+12,4.1495E-07
17967,1.6401E+12,4.1495E-07
17968,1.6401E+12,4.1495E-07
17969,1.6401E+12,4.14955E-07
17970,1.6401E+12,4.14955E-07
17971,1.6401E+12,4.14955E-07
17972,1.64E+12,4.14955E-07
17973,1.64E+12,4.14955E-07
17974,1.64E+12,4.14955E-07
17975,1.64E+12,4.1496E-07
17976,1.6399E+12,4.1496E-07
17977,1.6399E+12,4.1496E-07
17978,1.6399E+12,4.1496E-07
17979,1.6399E+12,4.1496E-07
17980,1.6398E+12,4.14965E-07
17981,1.6398E+12,4.14965E-07
17982,1.6398E+12,4.14965E-07
17983,1.6398E+12,4.14965E-07
17984,1.6397E+12,4.14965E-07
17985,1.6397E+12,4.14965E-07
17986,1.6397E+12,4.1497E-07
17987,1.6397E+12,4.1497E-07
17988,1.6397E+12,4.1497E-07
17989,1.6396E+12,4.1497E-07
17990,1.6396E+12,4.1497E-07
17991,1.6396E+12,4.1497E-07
17992,1.6396E+12,4.14975E-07
17993,1.6395E+12,4.14975E-07
17994,1.6395E+12,4.14975E-07
17995,1.6395E+12,4.14975E-07
17996,1.6395E+12,4.14975E-07
17997,1.6394E+12,4.1498E-07
17998,1.6394E+12,4.1498E-07
17999,1.6394E+12,4.1498E-07
18000,1.6394E+12,4.1498E-07
18001,1.6393E+12,4.1498E-07
18002,1.6393E+12,4.1498E-07
18003,1.6393E+12,4.14985E-07
18004,1.6393E+12,4.14985E-07
18005,1.6392E+12,4.14985E-07
18006,1.6392E+12,4.14985E-07
18007,1.6392E+12,4.14985E-07
18008,1.6392E+12,4.14985E-07
18009,1.6392E+12,4.1499E-07
18010,1.6391E+12,4.1499E-07
18011,1.6391E+12,4.1499E-07
18012,1.6391E+12,4.1499E-07
18013,1.6391E+12,4.1499E-07
18014,1.639E+12,4.1499E-07
18015,1.639E+12,4.14995E-07
18016,1.639E+12,4.14995E-07
18017,1.639E+12,4.14995E-07
18018,1.6389E+12,4.14995E-07
18019,1.6389E+12,4.14995E-07
18020,1.6389E+12,0.000000415
18021,1.6389E+12,0.000000415
18022,1.6388E+12,0.000000415
18023,1.6388E+12,0.000000415
18024,1.6388E+12,0.000000415
18025,1.6388E+12,0.000000415
18026,1.6388E+12,4.15005E-07
18027,1.6387E+12,4.15005E-07
18028,1.6387E+12,4.15005E-07
18029,1.6387E+12,4.15005E-07
18030,1.6387E+12,4.15005E-07
18031,1.6386E+12,4.15005E-07
18032,1.6386E+12,4.1501E-07
18033,1.6386E+12,4.1501E-07
18034,1.6386E+12,4.1501E-07
18035,1.6385E+12,4.1501E-07
18036,1.6385E+12,4.1501E-07
18037,1.6385E+12,4.15015E-07
18038,1.6385E+12,4.15015E-07
18039,1.6384E+12,4.15015E-07
18040,1.6384E+12,4.15015E-07
18041,1.6384E+12,4.15015E-07
18042,1.6384E+12,4.15015E-07
18043,1.6384E+12,4.1502E-07
18044,1.6383E+12,4.1502E-07
18045,1.6383E+12,4.1502E-07
18046,1.6383E+12,4.1502E-07
18047,1.6383E+12,4.1502E-07
18048,1.6382E+12,4.1502E-07
18049,1.6382E+12,4.15025E-07
18050,1.6382E+12,4.15025E-07
18051,1.6382E+12,4.15025E-07
18052,1.6381E+12,4.15025E-07
18053,1.6381E+12,4.15025E-07
18054,1.6381E+12,4.15025E-07
18055,1.6381E+12,4.1503E-07
18056,1.638E+12,4.1503E-07
18057,1.638E+12,4.1503E-07
18058,1.638E+12,4.1503E-07
18059,1.638E+12,4.1503E-07
18060,1.6379E+12,4.15035E-07
18061,1.6379E+12,4.15035E-07
18062,1.6379E+12,4.15035E-07
18063,1.6379E+12,4.15035E-07
18064,1.6379E+12,4.15035E-07
18065,1.6378E+12,4.15035E-07
18066,1.6378E+12,4.1504E-07
18067,1.6378E+12,4.1504E-07
18068,1.6378E+12,4.1504E-07
18069,1.6377E+12,4.1504E-07
18070,1.6377E+12,4.1504E-07
18071,1.6377E+12,4.1504E-07
18072,1.6377E+12,4.15045E-07
18073,1.6376E+12,4.15045E-07
18074,1.6376E+12,4.15045E-07
18075,1.6376E+12,4.15045E-07
18076,1.6376E+12,4.15045E-07
18077,1.6375E+12,4.1505E-07
18078,1.6375E+12,4.1505E-07
18079,1.6375E+12,4.1505E-07
18080,1.6375E+12,4.1505E-07
18081,1.6375E+12,4.1505E-07
18082,1.6374E+12,4.1505E-07
18083,1.6374E+12,4.15055E-07
18084,1.6374E+12,4.15055E-07
18085,1.6374E+12,4.15055E-07
18086,1.6373E+12,4.15055E-07
18087,1.6373E+12,4.15055E-07
18088,1.6373E+12,4.15055E-07
18089,1.6373E+12,4.1506E-07
18090,1.6372E+12,4.1506E-07
18091,1.6372E+12,4.1506E-07
18092,1.6372E+12,4.1506E-07
18093,1.6372E+12,4.1506E-07
18094,1.6371E+12,4.1506E-07
18095,1.6371E+12,4.15065E-07
18096,1.6371E+12,4.15065E-07
18097,1.6371E+12,4.15065E-07
18098,1.6371E+12,4.15065E-07
18099,1.637E+12,4.15065E-07
18100,1.637E+12,4.1507E-07
18101,1.637E+12,4.1507E-07
18102,1.637E+12,4.1507E-07
18103,1.6369E+12,4.1507E-07
18104,1.6369E+12,4.1507E-07
18105,1.6369E+12,4.1507E-07
18106,1.6369E+12,4.15075E-07
18107,1.6368E+12,4.15075E-07
18108,1.6368E+12,4.15075E-07
18109,1.6368E+12,4.15075E-07
18110,1.6368E+12,4.15075E-07
18111,1.6367E+12,4.15075E-07
18112,1.6367E+12,4.1508E-07
18113,1.6367E+12,4.1508E-07
18114,1.6367E+12,4.1508E-07
18115,1.6367E+12,4.1508E-07
18116,1.6366E+12,4.1508E-07
18117,1.6366E+12,4.15085E-07
18118,1.6366E+12,4.15085E-07
18119,1.6366E+12,4.15085E-07
18120,1.6365E+12,4.15085E-07
18121,1.6365E+12,4.15085E-07
18122,1.6365E+12,4.15085E-07
18123,1.6365E+12,4.1509E-07
18124,1.6364E+12,4.1509E-07
18125,1.6364E+12,4.1509E-07
18126,1.6364E+12,4.1509E-07
18127,1.6364E+12,4.1509E-07
18128,1.6364E+12,4.1509E-07
18129,1.6363E+12,4.15095E-07
18130,1.6363E+12,4.15095E-07
18131,1.6363E+12,4.15095E-07
18132,1.6363E+12,4.15095E-07
18133,1.6362E+12,4.15095E-07
18134,1.6362E+12,4.15095E-07
18135,1.6362E+12,4.151E-07
18136,1.6362E+12,4.151E-07
18137,1.6361E+12,4.151E-07
18138,1.6361E+12,4.151E-07
18139,1.6361E+12,4.151E-07
18140,1.6361E+12,4.15105E-07
18141,1.636E+12,4.15105E-07
18142,1.636E+12,4.15105E-07
18143,1.636E+12,4.15105E-07
18144,1.636E+12,4.15105E-07
18145,1.636E+12,4.15105E-07
18146,1.6359E+12,4.1511E-07
18147,1.6359E+12,4.1511E-07
18148,1.6359E+12,4.1511E-07
18149,1.6359E+12,4.1511E-07
18150,1.6358E+12,4.1511E-07
18151,1.6358E+12,4.1511E-07
18152,1.6358E+12,4.15115E-07
18153,1.6358E+12,4.15115E-07
18154,1.6357E+12,4.15115E-07
18155,1.6357E+12,4.15115E-07
18156,1.6357E+12,4.15115E-07
18157,1.6357E+12,4.15115E-07
18158,1.6356E+12,4.1512E-07
18159,1.6356E+12,4.1512E-07
18160,1.6356E+12,4.1512E-07
18161,1.6356E+12,4.1512E-07
18162,1.6356E+12,4.1512E-07
18163,1.6355E+12,4.15125E-07
18164,1.6355E+12,4.15125E-07
18165,1.6355E+12,4.15125E-07
18166,1.6355E+12,4.15125E-07
18167,1.6354E+12,4.15125E-07
18168,1.6354E+12,4.15125E-07
18169,1.6354E+12,4.1513E-07
18170,1.6354E+12,4.1513E-07
18171,1.6353E+12,4.1513E-07
18172,1.6353E+12,4.1513E-07
18173,1.6353E+12,4.1513E-07
18174,1.6353E+12,4.1513E-07
18175,1.6352E+12,4.15135E-07
18176,1.6352E+12,4.15135E-07
18177,1.6352E+12,4.15135E-07
18178,1.6352E+12,4.15135E-07
18179,1.6352E+12,4.15135E-07
18180,1.6351E+12,4.15135E-07
18181,1.6351E+12,4.1514E-07
18182,1.6351E+12,4.1514E-07
18183,1.6351E+12,4.1514E-07
18184,1.635E+12,4.1514E-07
18185,1.635E+12,4.1514E-07
18186,1.635E+12,4.15145E-07
18187,1.635E+12,4.15145E-07
18188,1.6349E+12,4.15145E-07
18189,1.6349E+12,4.15145E-07
18190,1.6349E+12,4.15145E-07
18191,1.6349E+12,4.15145E-07
18192,1.6349E+12,4.1515E-07
18193,1.6348E+12,4.1515E-07
18194,1.6348E+12,4.1515E-07
18195,1.6348E+12,4.1515E-07
18196,1.6348E+12,4.1515E-07
18197,1.6347E+12,4.1515E-07
18198,1.6347E+12,4.15155E-07
18199,1.6347E+12,4.15155E-07
18200,1.6347E+12,4.15155E-07
18201,1.6346E+12,4.15155E-07
18202,1.6346E+12,4.15155E-07
18203,1.6346E+12,4.15155E-07
18204,1.6346E+12,4.1516E-07
18205,1.6345E+12,4.1516E-07
18206,1.6345E+12,4.1516E-07
18207,1.6345E+12,4.1516E-07
18208,1.6345E+12,4.1516E-07
18209,1.6345E+12,4.15165E-07
18210,1.6344E+12,4.15165E-07
18211,1.6344E+12,4.15165E-07
18212,1.6344E+12,4.15165E-07
18213,1.6344E+12,4.15165E-07
18214,1.6343E+12,4.15165E-07
18215,1.6343E+12,4.1517E-07
18216,1.6343E+12,4.1517E-07
18217,1.6343E+12,4.1517E-07
18218,1.6342E+12,4.1517E-07
18219,1.6342E+12,4.1517E-07
18220,1.6342E+12,4.1517E-07
18221,1.6342E+12,4.15175E-07
18222,1.6342E+12,4.15175E-07
18223,1.6341E+12,4.15175E-07
18224,1.6341E+12,4.15175E-07
18225,1.6341E+12,4.15175E-07
18226,1.6341E+12,4.15175E-07
18227,1.634E+12,4.1518E-07
18228,1.634E+12,4.1518E-07
18229,1.634E+12,4.1518E-07
18230,1.634E+12,4.1518E-07
18231,1.6339E+12,4.1518E-07
18232,1.6339E+12,4.1518E-07
18233,1.6339E+12,4.15185E-07
18234,1.6339E+12,4.15185E-07
18235,1.6338E+12,4.15185E-07
18236,1.6338E+12,4.15185E-07
18237,1.6338E+12,4.15185E-07
18238,1.6338E+12,4.1519E-07
18239,1.6338E+12,4.1519E-07
18240,1.6337E+12,4.1519E-07
18241,1.6337E+12,4.1519E-07
18242,1.6337E+12,4.1519E-07
18243,1.6337E+12,4.1519E-07
18244,1.6336E+12,4.15195E-07
18245,1.6336E+12,4.15195E-07
18246,1.6336E+12,4.15195E-07
18247,1.6336E+12,4.15195E-07
18248,1.6335E+12,4.15195E-07
18249,1.6335E+12,4.15195E-07
18250,1.6335E+12,4.152E-07
18251,1.6335E+12,4.152E-07
18252,1.6335E+12,4.152E-07
18253,1.6334E+12,4.152E-07
18254,1.6334E+12,4.152E-07
18255,1.6334E+12,4.152E-07
18256,1.6334E+12,4.15205E-07
18257,1.6333E+12,4.15205E-07
18258,1.6333E+12,4.15205E-07
18259,1.6333E+12,4.15205E-07
18260,1.6333E+12,4.15205E-07
18261,1.6332E+12,4.1521E-07
18262,1.6332E+12,4.1521E-07
18263,1.6332E+12,4.1521E-07
18264,1.6332E+12,4.1521E-07
18265,1.6332E+12,4.1521E-07
18266,1.6331E+12,4.1521E-07
18267,1.6331E+12,4.15215E-07
18268,1.6331E+12,4.15215E-07
18269,1.6331E+12,4.15215E-07
18270,1.633E+12,4.15215E-07
18271,1.633E+12,4.15215E-07
18272,1.633E+12,4.15215E-07
18273,1.633E+12,4.1522E-07
18274,1.6329E+12,4.1522E-07
18275,1.6329E+12,4.1522E-07
18276,1.6329E+12,4.1522E-07
18277,1.6329E+12,4.1522E-07
18278,1.6328E+12,4.1522E-07
18279,1.6328E+12,4.15225E-07
18280,1.6328E+12,4.15225E-07
18281,1.6328E+12,4.15225E-07
18282,1.6328E+12,4.15225E-07
18283,1.6327E+12,4.15225E-07
18284,1.6327E+12,4.15225E-07
18285,1.6327E+12,4.1523E-07
18286,1.6327E+12,4.1523E-07
18287,1.6326E+12,4.1523E-07
18288,1.6326E+12,4.1523E-07
18289,1.6326E+12,4.1523E-07
18290,1.6326E+12,4.15235E-07
18291,1.6325E+12,4.15235E-07
18292,1.6325E+12,4.15235E-07
18293,1.6325E+12,4.15235E-07
18294,1.6325E+12,4.15235E-07
18295,1.6325E+12,4.15235E-07
18296,1.6324E+12,4.1524E-07
18297,1.6324E+12,4.1524E-07
18298,1.6324E+12,4.1524E-07
18299,1.6324E+12,4.1524E-07
18300,1.6323E+12,4.1524E-07
18301,1.6323E+12,4.1524E-07
18302,1.6323E+12,4.15245E-07
18303,1.6323E+12,4.15245E-07
18304,1.6322E+12,4.15245E-07
18305,1.6322E+12,4.15245E-07
18306,1.6322E+12,4.15245E-07
18307,1.6322E+12,4.15245E-07
18308,1.6322E+12,4.1525E-07
18309,1.6321E+12,4.1525E-07
18310,1.6321E+12,4.1525E-07
18311,1.6321E+12,4.1525E-07
18312,1.6321E+12,4.1525E-07
18313,1.632E+12,4.1525E-07
18314,1.632E+12,4.15255E-07
18315,1.632E+12,4.15255E-07
18316,1.632E+12,4.15255E-07
18317,1.6319E+12,4.15255E-07
18318,1.6319E+12,4.15255E-07
18319,1.6319E+12,4.1526E-07
18320,1.6319E+12,4.1526E-07
18321,1.6319E+12,4.1526E-07
18322,1.6318E+12,4.1526E-07
18323,1.6318E+12,4.1526E-07
18324,1.6318E+12,4.1526E-07
18325,1.6318E+12,4.15265E-07
18326,1.6317E+12,4.15265E-07
18327,1.6317E+12,4.15265E-07
18328,1.6317E+12,4.15265E-07
18329,1.6317E+12,4.15265E-07
18330,1.6316E+12,4.15265E-07
18331,1.6316E+12,4.1527E-07
18332,1.6316E+12,4.1527E-07
18333,1.6316E+12,4.1527E-07
18334,1.6316E+12,4.1527E-07
18335,1.6315E+12,4.1527E-07
18336,1.6315E+12,4.1527E-07
18337,1.6315E+12,4.15275E-07
18338,1.6315E+12,4.15275E-07
18339,1.6314E+12,4.15275E-07
18340,1.6314E+12,4.15275E-07
18341,1.6314E+12,4.15275E-07
18342,1.6314E+12,4.15275E-07
18343,1.6313E+12,4.1528E-07
18344,1.6313E+12,4.1528E-07
18345,1.6313E+12,4.1528E-07
18346,1.6313E+12,4.1528E-07
18347,1.6313E+12,4.1528E-07
18348,1.6312E+12,4.15285E-07
18349,1.6312E+12,4.15285E-07
18350,1.6312E+12,4.15285E-07
18351,1.6312E+12,4.15285E-07
18352,1.6311E+12,4.15285E-07
18353,1.6311E+12,4.15285E-07
18354,1.6311E+12,4.1529E-07
18355,1.6311E+12,4.1529E-07
18356,1.631E+12,4.1529E-07
18357,1.631E+12,4.1529E-07
18358,1.631E+12,4.1529E-07
18359,1.631E+12,4.1529E-07
18360,1.631E+12,4.15295E-07
18361,1.6309E+12,4.15295E-07
18362,1.6309E+12,4.15295E-07
18363,1.6309E+12,4.15295E-07
18364,1.6309E+12,4.15295E-07
18365,1.6308E+12,4.15295E-07
18366,1.6308E+12,4.153E-07
18367,1.6308E+12,4.153E-07
18368,1.6308E+12,4.153E-07
18369,1.6307E+12,4.153E-07
18370,1.6307E+12,4.153E-07
18371,1.6307E+12,4.153E-07
18372,1.6307E+12,4.15305E-07
18373,1.6307E+12,4.15305E-07
18374,1.6306E+12,4.15305E-07
18375,1.6306E+12,4.15305E-07
18376,1.6306E+12,4.15305E-07
18377,1.6306E+12,4.1531E-07
18378,1.6305E+12,4.1531E-07
18379,1.6305E+12,4.1531E-07
18380,1.6305E+12,4.1531E-07
18381,1.6305E+12,4.1531E-07
18382,1.6304E+12,4.1531E-07
18383,1.6304E+12,4.15315E-07
18384,1.6304E+12,4.15315E-07
18385,1.6304E+12,4.15315E-07
18386,1.6304E+12,4.15315E-07
18387,1.6303E+12,4.15315E-07
18388,1.6303E+12,4.15315E-07
18389,1.6303E+12,4.1532E-07
18390,1.6303E+12,4.1532E-07
18391,1.6302E+12,4.1532E-07
18392,1.6302E+12,4.1532E-07
18393,1.6302E+12,4.1532E-07
18394,1.6302E+12,4.1532E-07
18395,1.6301E+12,4.15325E-07
18396,1.6301E+12,4.15325E-07
18397,1.6301E+12,4.15325E-07
18398,1.6301E+12,4.15325E-07
18399,1.6301E+12,4.15325E-07
18400,1.63E+12,4.15325E-07
18401,1.63E+12,4.1533E-07
18402,1.63E+12,4.1533E-07
18403,1.63E+12,4.1533E-07
18404,1.6299E+12,4.1533E-07
18405,1.6299E+12,4.1533E-07
18406,1.6299E+12,4.1533E-07
18407,1.6299E+12,4.15335E-07
18408,1.6298E+12,4.15335E-07
18409,1.6298E+12,4.15335E-07
18410,1.6298E+12,4.15335E-07
18411,1.6298E+12,4.15335E-07
18412,1.6298E+12,4.1534E-07
18413,1.6297E+12,4.1534E-07
18414,1.6297E+12,4.1534E-07
18415,1.6297E+12,4.1534E-07
18416,1.6297E+12,4.1534E-07
18417,1.6296E+12,4.1534E-07
18418,1.6296E+12,4.15345E-07
18419,1.6296E+12,4.15345E-07
18420,1.6296E+12,4.15345E-07
18421,1.6295E+12,4.15345E-07
18422,1.6295E+12,4.15345E-07
18423,1.6295E+12,4.15345E-07
18424,1.6295E+12,4.1535E-07
18425,1.6295E+12,4.1535E-07
18426,1.6294E+12,4.1535E-07
18427,1.6294E+12,4.1535E-07
18428,1.6294E+12,4.1535E-07
18429,1.6294E+12,4.1535E-07
18430,1.6293E+12,4.15355E-07
18431,1.6293E+12,4.15355E-07
18432,1.6293E+12,4.15355E-07
18433,1.6293E+12,4.15355E-07
18434,1.6292E+12,4.15355E-07
18435,1.6292E+12,4.15355E-07
18436,1.6292E+12,4.1536E-07
18437,1.6292E+12,4.1536E-07
18438,1.6292E+12,4.1536E-07
18439,1.6291E+12,4.1536E-07
18440,1.6291E+12,4.1536E-07
18441,1.6291E+12,4.1536E-07
18442,1.6291E+12,4.15365E-07
18443,1.629E+12,4.15365E-07
18444,1.629E+12,4.15365E-07
18445,1.629E+12,4.15365E-07
18446,1.629E+12,4.15365E-07
18447,1.6289E+12,4.15365E-07
18448,1.6289E+12,4.1537E-07
18449,1.6289E+12,4.1537E-07
18450,1.6289E+12,4.1537E-07
18451,1.6289E+12,4.1537E-07
18452,1.6288E+12,4.1537E-07
18453,1.6288E+12,4.15375E-07
18454,1.6288E+12,4.15375E-07
18455,1.6288E+12,4.15375E-07
18456,1.6287E+12,4.15375E-07
18457,1.6287E+12,4.15375E-07
18458,1.6287E+12,4.15375E-07
18459,1.6287E+12,4.1538E-07
18460,1.6287E+12,4.1538E-07
18461,1.6286E+12,4.1538E-07
18462,1.6286E+12,4.1538E-07
18463,1.6286E+12,4.1538E-07
18464,1.6286E+12,4.1538E-07
18465,1.6285E+12,4.15385E-07
18466,1.6285E+12,4.15385E-07
18467,1.6285E+12,4.15385E-07
18468,1.6285E+12,4.15385E-07
18469,1.6284E+12,4.15385E-07
18470,1.6284E+12,4.15385E-07
18471,1.6284E+12,4.1539E-07
18472,1.6284E+12,4.1539E-07
18473,1.6284E+12,4.1539E-07
18474,1.6283E+12,4.1539E-07
18475,1.6283E+12,4.1539E-07
18476,1.6283E+12,4.1539E-07
18477,1.6283E+12,4.15395E-07
18478,1.6282E+12,4.15395E-07
18479,1.6282E+12,4.15395E-07
18480,1.6282E+12,4.15395E-07
18481,1.6282E+12,4.15395E-07
18482,1.6281E+12,4.15395E-07
18483,1.6281E+12,4.154E-07
18484,1.6281E+12,4.154E-07
18485,1.6281E+12,4.154E-07
18486,1.6281E+12,4.154E-07
18487,1.628E+12,4.154E-07
18488,1.628E+12,4.15405E-07
18489,1.628E+12,4.15405E-07
18490,1.628E+12,4.15405E-07
18491,1.6279E+12,4.15405E-07
18492,1.6279E+12,4.15405E-07
18493,1.6279E+12,4.15405E-07
18494,1.6279E+12,4.1541E-07
18495,1.6278E+12,4.1541E-07
18496,1.6278E+12,4.1541E-07
18497,1.6278E+12,4.1541E-07
18498,1.6278E+12,4.1541E-07
18499,1.6278E+12,4.1541E-07
18500,1.6277E+12,4.15415E-07
18501,1.6277E+12,4.15415E-07
18502,1.6277E+12,4.15415E-07
18503,1.6277E+12,4.15415E-07
18504,1.6276E+12,4.15415E-07
18505,1.6276E+12,4.15415E-07
18506,1.6276E+12,4.1542E-07
18507,1.6276E+12,4.1542E-07
18508,1.6276E+12,4.1542E-07
18509,1.6275E+12,4.1542E-07
18510,1.6275E+12,4.1542E-07
18511,1.6275E+12,4.1542E-07
18512,1.6275E+12,4.15425E-07
18513,1.6274E+12,4.15425E-07
18514,1.6274E+12,4.15425E-07
18515,1.6274E+12,4.15425E-07
18516,1.6274E+12,4.15425E-07
18517,1.6273E+12,4.15425E-07
18518,1.6273E+12,4.1543E-07
18519,1.6273E+12,4.1543E-07
18520,1.6273E+12,4.1543E-07
18521,1.6273E+12,4.1543E-07
18522,1.6272E+12,4.1543E-07
18523,1.6272E+12,4.1543E-07
18524,1.6272E+12,4.15435E-07
18525,1.6272E+12,4.15435E-07
18526,1.6271E+12,4.15435E-07
18527,1.6271E+12,4.15435E-07
18528,1.6271E+12,4.15435E-07
18529,1.6271E+12,4.15435E-07
18530,1.6271E+12,4.1544E-07
18531,1.627E+12,4.1544E-07
18532,1.627E+12,4.1544E-07
18533,1.627E+12,4.1544E-07
18534,1.627E+12,4.1544E-07
18535,1.6269E+12,4.15445E-07
18536,1.6269E+12,4.15445E-07
18537,1.6269E+12,4.15445E-07
18538,1.6269E+12,4.15445E-07
18539,1.6268E+12,4.15445E-07
18540,1.6268E+12,4.15445E-07
18541,1.6268E+12,4.1545E-07
18542,1.6268E+12,4.1545E-07
18543,1.6268E+12,4.1545E-07
18544,1.6267E+12,4.1545E-07
18545,1.6267E+12,4.1545E-07
18546,1.6267E+12,4.1545E-07
18547,1.6267E+12,4.15455E-07
18548,1.6266E+12,4.15455E-07
18549,1.6266E+12,4.15455E-07
18550,1.6266E+12,4.15455E-07
18551,1.6266E+12,4.15455E-07
18552,1.6265E+12,4.15455E-07
18553,1.6265E+12,4.1546E-07
18554,1.6265E+12,4.1546E-07
18555,1.6265E+12,4.1546E-07
18556,1.6265E+12,4.1546E-07
18557,1.6264E+12,4.1546E-07
18558,1.6264E+12,4.1546E-07
18559,1.6264E+12,4.15465E-07
18560,1.6264E+12,4.15465E-07
18561,1.6263E+12,4.15465E-07
18562,1.6263E+12,4.15465E-07
18563,1.6263E+12,4.15465E-07
18564,1.6263E+12,4.15465E-07
18565,1.6263E+12,4.1547E-07
18566,1.6262E+12,4.1547E-07
18567,1.6262E+12,4.1547E-07
18568,1.6262E+12,4.1547E-07
18569,1.6262E+12,4.1547E-07
18570,1.6261E+12,4.1547E-07
18571,1.6261E+12,4.15475E-07
18572,1.6261E+12,4.15475E-07
18573,1.6261E+12,4.15475E-07
18574,1.626E+12,4.15475E-07
18575,1.626E+12,4.15475E-07
18576,1.626E+12,4.15475E-07
18577,1.626E+12,4.1548E-07
18578,1.626E+12,4.1548E-07
18579,1.6259E+12,4.1548E-07
18580,1.6259E+12,4.1548E-07
18581,1.6259E+12,4.1548E-07
18582,1.6259E+12,4.15485E-07
18583,1.6258E+12,4.15485E-07
18584,1.6258E+12,4.15485E-07
18585,1.6258E+12,4.15485E-07
18586,1.6258E+12,4.15485E-07
18587,1.6258E+12,4.15485E-07
18588,1.6257E+12,4.1549E-07
18589,1.6257E+12,4.1549E-07
18590,1.6257E+12,4.1549E-07
18591,1.6257E+12,4.1549E-07
18592,1.6256E+12,4.1549E-07
18593,1.6256E+12,4.1549E-07
18594,1.6256E+12,4.15495E-07
18595,1.6256E+12,4.15495E-07
18596,1.6255E+12,4.15495E-07
18597,1.6255E+12,4.15495E-07
18598,1.6255E+12,4.15495E-07
18599,1.6255E+12,4.15495E-07
18600,1.6255E+12,4.155E-07
18601,1.6254E+12,4.155E-07
18602,1.6254E+12,4.155E-07
18603,1.6254E+12,4.155E-07
18604,1.6254E+12,4.155E-07
18605,1.6253E+12,4.155E-07
18606,1.6253E+12,4.15505E-07
18607,1.6253E+12,4.15505E-07
18608,1.6253E+12,4.15505E-07
18609,1.6253E+12,4.15505E-07
18610,1.6252E+12,4.15505E-07
18611,1.6252E+12,4.15505E-07
18612,1.6252E+12,4.1551E-07
18613,1.6252E+12,4.1551E-07
18614,1.6251E+12,4.1551E-07
18615,1.6251E+12,4.1551E-07
18616,1.6251E+12,4.1551E-07
18617,1.6251E+12,4.1551E-07
18618,1.625E+12,4.15515E-07
18619,1.625E+12,4.15515E-07
18620,1.625E+12,4.15515E-07
18621,1.625E+12,4.15515E-07
18622,1.625E+12,4.15515E-07
18623,1.6249E+12,4.15515E-07
18624,1.6249E+12,4.1552E-07
18625,1.6249E+12,4.1552E-07
18626,1.6249E+12,4.1552E-07
18627,1.6248E+12,4.1552E-07
18628,1.6248E+12,4.1552E-07
18629,1.6248E+12,4.1552E-07
18630,1.6248E+12,4.15525E-07
18631,1.6248E+12,4.15525E-07
18632,1.6247E+12,4.15525E-07
18633,1.6247E+12,4.15525E-07
18634,1.6247E+12,4.15525E-07
18635,1.6247E+12,4.15525E-07
18636,1.6246E+12,4.1553E-07
18637,1.6246E+12,4.1553E-07
18638,1.6246E+12,4.1553E-07
18639,1.6246E+12,4.1553E-07
18640,1.6246E+12,4.1553E-07
18641,1.6245E+12,4.1553E-07
18642,1.6245E+12,4.15535E-07
18643,1.6245E+12,4.15535E-07
18644,1.6245E+12,4.15535E-07
18645,1.6244E+12,4.15535E-07
18646,1.6244E+12,4.15535E-07
18647,1.6244E+12,4.1554E-07
18648,1.6244E+12,4.1554E-07
18649,1.6243E+12,4.1554E-07
18650,1.6243E+12,4.1554E-07
18651,1.6243E+12,4.1554E-07
18652,1.6243E+12,4.1554E-07
18653,1.6243E+12,4.15545E-07
18654,1.6242E+12,4.15545E-07
18655,1.6242E+12,4.15545E-07
18656,1.6242E+12,4.15545E-07
18657,1.6242E+12,4.15545E-07
18658,1.6241E+12,4.15545E-07
18659,1.6241E+12,4.1555E-07
18660,1.6241E+12,4.1555E-07
18661,1.6241E+12,4.1555E-07
18662,1.6241E+12,4.1555E-07
18663,1.624E+12,4.1555E-07
18664,1.624E+12,4.1555E-07
18665,1.624E+12,4.15555E-07
18666,1.624E+12,4.15555E-07
18667,1.6239E+12,4.15555E-07
18668,1.6239E+12,4.15555E-07
18669,1.6239E+12,4.15555E-07
18670,1.6239E+12,4.15555E-07
18671,1.6239E+12,4.1556E-07
18672,1.6238E+12,4.1556E-07
18673,1.6238E+12,4.1556E-07
18674,1.6238E+12,4.1556E-07
18675,1.6238E+12,4.1556E-07
18676,1.6237E+12,4.1556E-07
18677,1.6237E+12,4.15565E-07
18678,1.6237E+12,4.15565E-07
18679,1.6237E+12,4.15565E-07
18680,1.6236E+12,4.15565E-07
18681,1.6236E+12,4.15565E-07
18682,1.6236E+12,4.15565E-07
18683,1.6236E+12,4.1557E-07
18684,1.6236E+12,4.1557E-07
18685,1.6235E+12,4.1557E-07
18686,1.6235E+12,4.1557E-07
18687,1.6235E+12,4.1557E-07
18688,1.6235E+12,4.1557E-07
18689,1.6234E+12,4.15575E-07
18690,1.6234E+12,4.15575E-07
18691,1.6234E+12,4.15575E-07
18692,1.6234E+12,4.15575E-07
18693,1.6234E+12,4.15575E-07
18694,1.6233E+12,4.15575E-07
18695,1.6233E+12,4.1558E-07
18696,1.6233E+12,4.1558E-07
18697,1.6233E+12,4.1558E-07
18698,1.6232E+12,4.1558E-07
18699,1.6232E+12,4.1558E-07
18700,1.6232E+12,4.1558E-07
18701,1.6232E+12,4.15585E-07
18702,1.6232E+12,4.15585E-07
18703,1.6231E+12,4.15585E-07
18704,1.6231E+12,4.15585E-07
18705,1.6231E+12,4.15585E-07
18706,1.6231E+12,4.15585E-07
18707,1.623E+12,4.1559E-07
18708,1.623E+12,4.1559E-07
18709,1.623E+12,4.1559E-07
18710,1.623E+12,4.1559E-07
18711,1.6229E+12,4.1559E-07
18712,1.6229E+12,4.1559E-07
18713,1.6229E+12,4.15595E-07
18714,1.6229E+12,4.15595E-07
18715,1.6229E+12,4.15595E-07
18716,1.6228E+12,4.15595E-07
18717,1.6228E+12,4.15595E-07
18718,1.6228E+12,4.15595E-07
18719,1.6228E+12,4.156E-07
18720,1.6227E+12,4.156E-07
18721,1.6227E+12,4.156E-07
18722,1.6227E+12,4.156E-07
18723,1.6227E+12,4.156E-07
18724,1.6227E+12,4.15605E-07
18725,1.6226E+12,4.15605E-07
18726,1.6226E+12,4.15605E-07
18727,1.6226E+12,4.15605E-07
18728,1.6226E+12,4.15605E-07
18729,1.6225E+12,4.15605E-07
18730,1.6225E+12,4.1561E-07
18731,1.6225E+12,4.1561E-07
18732,1.6225E+12,4.1561E-07
18733,1.6225E+12,4.1561E-07
18734,1.6224E+12,4.1561E-07
18735,1.6224E+12,4.1561E-07
18736,1.6224E+12,4.15615E-07
18737,1.6224E+12,4.15615E-07
18738,1.6223E+12,4.15615E-07
18739,1.6223E+12,4.15615E-07
18740,1.6223E+12,4.15615E-07
18741,1.6223E+12,4.15615E-07
18742,1.6223E+12,4.1562E-07
18743,1.6222E+12,4.1562E-07
18744,1.6222E+12,4.1562E-07
18745,1.6222E+12,4.1562E-07
18746,1.6222E+12,4.1562E-07
18747,1.6221E+12,4.1562E-07
18748,1.6221E+12,4.15625E-07
18749,1.6221E+12,4.15625E-07
18750,1.6221E+12,4.15625E-07
18751,1.622E+12,4.15625E-07
18752,1.622E+12,4.15625E-07
18753,1.622E+12,4.15625E-07
18754,1.622E+12,4.1563E-07
18755,1.622E+12,4.1563E-07
18756,1.6219E+12,4.1563E-07
18757,1.6219E+12,4.1563E-07
18758,1.6219E+12,4.1563E-07
18759,1.6219E+12,4.1563E-07
18760,1.6218E+12,4.15635E-07
18761,1.6218E+12,4.15635E-07
18762,1.6218E+12,4.15635E-07
18763,1.6218E+12,4.15635E-07
18764,1.6218E+12,4.15635E-07
18765,1.6217E+12,4.15635E-07
18766,1.6217E+12,4.1564E-07
18767,1.6217E+12,4.1564E-07
18768,1.6217E+12,4.1564E-07
18769,1.6216E+12,4.1564E-07
18770,1.6216E+12,4.1564E-07
18771,1.6216E+12,4.1564E-07
18772,1.6216E+12,4.15645E-07
18773,1.6216E+12,4.15645E-07
18774,1.6215E+12,4.15645E-07
18775,1.6215E+12,4.15645E-07
18776,1.6215E+12,4.15645E-07
18777,1.6215E+12,4.15645E-07
18778,1.6214E+12,4.1565E-07
18779,1.6214E+12,4.1565E-07
18780,1.6214E+12,4.1565E-07
18781,1.6214E+12,4.1565E-07
18782,1.6214E+12,4.1565E-07
18783,1.6213E+12,4.1565E-07
18784,1.6213E+12,4.15655E-07
18785,1.6213E+12,4.15655E-07
18786,1.6213E+12,4.15655E-07
18787,1.6212E+12,4.15655E-07
18788,1.6212E+12,4.15655E-07
18789,1.6212E+12,4.15655E-07
18790,1.6212E+12,4.1566E-07
18791,1.6212E+12,4.1566E-07
18792,1.6211E+12,4.1566E-07
18793,1.6211E+12,4.1566E-07
18794,1.6211E+12,4.1566E-07
18795,1.6211E+12,4.1566E-07
18796,1.621E+12,4.15665E-07
18797,1.621E+12,4.15665E-07
18798,1.621E+12,4.15665E-07
18799,1.621E+12,4.15665E-07
18800,1.6209E+12,4.15665E-07
18801,1.6209E+12,4.15665E-07
18802,1.6209E+12,4.1567E-07
18803,1.6209E+12,4.1567E-07
18804,1.6209E+12,4.1567E-07
18805,1.6208E+12,4.1567E-07
18806,1.6208E+12,4.1567E-07
18807,1.6208E+12,4.1567E-07
18808,1.6208E+12,4.15675E-07
18809,1.6207E+12,4.15675E-07
18810,1.6207E+12,4.15675E-07
18811,1.6207E+12,4.15675E-07
18812,1.6207E+12,4.15675E-07
18813,1.6207E+12,4.15675E-07
18814,1.6206E+12,4.1568E-07
18815,1.6206E+12,4.1568E-07
18816,1.6206E+12,4.1568E-07
18817,1.6206E+12,4.1568E-07
18818,1.6205E+12,4.1568E-07
18819,1.6205E+12,4.1568E-07
18820,1.6205E+12,4.15685E-07
18821,1.6205E+12,4.15685E-07
18822,1.6205E+12,4.15685E-07
18823,1.6204E+12,4.15685E-07
18824,1.6204E+12,4.15685E-07
18825,1.6204E+12,4.15685E-07
18826,1.6204E+12,4.1569E-07
18827,1.6203E+12,4.1569E-07
18828,1.6203E+12,4.1569E-07
18829,1.6203E+12,4.1569E-07
18830,1.6203E+12,4.1569E-07
18831,1.6203E+12,4.1569E-07
18832,1.6202E+12,4.15695E-07
18833,1.6202E+12,4.15695E-07
18834,1.6202E+12,4.15695E-07
18835,1.6202E+12,4.15695E-07
18836,1.6201E+12,4.15695E-07
18837,1.6201E+12,4.15695E-07
18838,1.6201E+12,4.157E-07
18839,1.6201E+12,4.157E-07
18840,1.6201E+12,4.157E-07
18841,1.62E+12,4.157E-07
18842,1.62E+12,4.157E-07
18843,1.62E+12,4.157E-07
18844,1.62E+12,4.15705E-07
18845,1.6199E+12,4.15705E-07
18846,1.6199E+12,4.15705E-07
18847,1.6199E+12,4.15705E-07
18848,1.6199E+12,4.15705E-07
18849,1.6199E+12,4.15705E-07
18850,1.6198E+12,4.1571E-07
18851,1.6198E+12,4.1571E-07
18852,1.6198E+12,4.1571E-07
18853,1.6198E+12,4.1571E-07
18854,1.6197E+12,4.1571E-07
18855,1.6197E+12,4.1571E-07
18856,1.6197E+12,4.15715E-07
18857,1.6197E+12,4.15715E-07
18858,1.6197E+12,4.15715E-07
18859,1.6196E+12,4.15715E-07
18860,1.6196E+12,4.15715E-07
18861,1.6196E+12,4.15715E-07
18862,1.6196E+12,4.1572E-07
18863,1.6195E+12,4.1572E-07
18864,1.6195E+12,4.1572E-07
18865,1.6195E+12,4.1572E-07
18866,1.6195E+12,4.1572E-07
18867,1.6195E+12,4.1572E-07
18868,1.6194E+12,4.15725E-07
18869,1.6194E+12,4.15725E-07
18870,1.6194E+12,4.15725E-07
18871,1.6194E+12,4.15725E-07
18872,1.6193E+12,4.15725E-07
18873,1.6193E+12,4.15725E-07
18874,1.6193E+12,4.1573E-07
18875,1.6193E+12,4.1573E-07
18876,1.6193E+12,4.1573E-07
18877,1.6192E+12,4.1573E-07
18878,1.6192E+12,4.1573E-07
18879,1.6192E+12,4.1573E-07
18880,1.6192E+12,4.15735E-07
18881,1.6191E+12,4.15735E-07
18882,1.6191E+12,4.15735E-07
18883,1.6191E+12,4.15735E-07
18884,1.6191E+12,4.15735E-07
18885,1.6191E+12,4.15735E-07
18886,1.619E+12,4.1574E-07
18887,1.619E+12,4.1574E-07
18888,1.619E+12,4.1574E-07
18889,1.619E+12,4.1574E-07
18890,1.6189E+12,4.1574E-07
18891,1.6189E+12,4.1574E-07
18892,1.6189E+12,4.15745E-07
18893,1.6189E+12,4.15745E-07
18894,1.6189E+12,4.15745E-07
18895,1.6188E+12,4.15745E-07
18896,1.6188E+12,4.15745E-07
18897,1.6188E+12,4.15745E-07
18898,1.6188E+12,4.1575E-07
18899,1.6187E+12,4.1575E-07
18900,1.6187E+12,4.1575E-07
18901,1.6187E+12,4.1575E-07
18902,1.6187E+12,4.1575E-07
18903,1.6187E+12,4.1575E-07
18904,1.6186E+12,4.15755E-07
18905,1.6186E+12,4.15755E-07
18906,1.6186E+12,4.15755E-07
18907,1.6186E+12,4.15755E-07
18908,1.6185E+12,4.15755E-07
18909,1.6185E+12,4.15755E-07
18910,1.6185E+12,4.1576E-07
18911,1.6185E+12,4.1576E-07
18912,1.6185E+12,4.1576E-07
18913,1.6184E+12,4.1576E-07
18914,1.6184E+12,4.1576E-07
18915,1.6184E+12,4.1576E-07
18916,1.6184E+12,4.15765E-07
18917,1.6183E+12,4.15765E-07
18918,1.6183E+12,4.15765E-07
18919,1.6183E+12,4.15765E-07
18920,1.6183E+12,4.15765E-07
18921,1.6183E+12,4.15765E-07
18922,1.6182E+12,4.1577E-07
18923,1.6182E+12,4.1577E-07
18924,1.6182E+12,4.1577E-07
18925,1.6182E+12,4.1577E-07
18926,1.6181E+12,4.1577E-07
18927,1.6181E+12,4.1577E-07
18928,1.6181E+12,4.15775E-07
18929,1.6181E+12,4.15775E-07
18930,1.6181E+12,4.15775E-07
18931,1.618E+12,4.15775E-07
18932,1.618E+12,4.15775E-07
18933,1.618E+12,4.15775E-07
18934,1.618E+12,4.1578E-07
18935,1.6179E+12,4.1578E-07
18936,1.6179E+12,4.1578E-07
18937,1.6179E+12,4.1578E-07
18938,1.6179E+12,4.1578E-07
18939,1.6179E+12,4.1578E-07
18940,1.6178E+12,4.15785E-07
18941,1.6178E+12,4.15785E-07
18942,1.6178E+12,4.15785E-07
18943,1.6178E+12,4.15785E-07
18944,1.6177E+12,4.15785E-07
18945,1.6177E+12,4.15785E-07
18946,1.6177E+12,4.1579E-07
18947,1.6177E+12,4.1579E-07
18948,1.6177E+12,4.1579E-07
18949,1.6176E+12,4.1579E-07
18950,1.6176E+12,4.1579E-07
18951,1.6176E+12,4.1579E-07
18952,1.6176E+12,4.15795E-07
18953,1.6175E+12,4.15795E-07
18954,1.6175E+12,4.15795E-07
18955,1.6175E+12,4.15795E-07
18956,1.6175E+12,4.15795E-07
18957,1.6175E+12,4.15795E-07
18958,1.6174E+12,4.158E-07
18959,1.6174E+12,4.158E-07
18960,1.6174E+12,4.158E-07
18961,1.6174E+12,4.158E-07
18962,1.6173E+12,4.158E-07
18963,1.6173E+12,4.158E-07
18964,1.6173E+12,4.15805E-07
18965,1.6173E+12,4.15805E-07
18966,1.6173E+12,4.15805E-07
18967,1.6172E+12,4.15805E-07
18968,1.6172E+12,4.15805E-07
18969,1.6172E+12,4.15805E-07
18970,1.6172E+12,4.1581E-07
18971,1.6171E+12,4.1581E-07
18972,1.6171E+12,4.1581E-07
18973,1.6171E+12,4.1581E-07
18974,1.6171E+12,4.1581E-07
18975,1.6171E+12,4.1581E-07
18976,1.617E+12,4.15815E-07
18977,1.617E+12,4.15815E-07
18978,1.617E+12,4.15815E-07
18979,1.617E+12,4.15815E-07
18980,1.6169E+12,4.15815E-07
18981,1.6169E+12,4.15815E-07
18982,1.6169E+12,4.1582E-07
18983,1.6169E+12,4.1582E-07
18984,1.6169E+12,4.1582E-07
18985,1.6168E+12,4.1582E-07
18986,1.6168E+12,4.1582E-07
18987,1.6168E+12,4.1582E-07
18988,1.6168E+12,4.15825E-07
18989,1.6167E+12,4.15825E-07
18990,1.6167E+12,4.15825E-07
18991,1.6167E+12,4.15825E-07
18992,1.6167E+12,4.15825E-07
18993,1.6167E+12,4.15825E-07
18994,1.6166E+12,4.1583E-07
18995,1.6166E+12,4.1583E-07
18996,1.6166E+12,4.1583E-07
18997,1.6166E+12,4.1583E-07
18998,1.6165E+12,4.1583E-07
18999,1.6165E+12,4.1583E-07
19000,1.6165E+12,4.15835E-07
19001,1.6165E+12,4.15835E-07
19002,1.6165E+12,4.15835E-07
19003,1.6164E+12,4.15835E-07
19004,1.6164E+12,4.15835E-07
19005,1.6164E+12,4.15835E-07
19006,1.6164E+12,4.1584E-07
19007,1.6163E+12,4.1584E-07
19008,1.6163E+12,4.1584E-07
19009,1.6163E+12,4.1584E-07
19010,1.6163E+12,4.1584E-07
19011,1.6163E+12,4.1584E-07
19012,1.6162E+12,4.15845E-07
19013,1.6162E+12,4.15845E-07
19014,1.6162E+12,4.15845E-07
19015,1.6162E+12,4.15845E-07
19016,1.6162E+12,4.15845E-07
19017,1.6161E+12,4.15845E-07
19018,1.6161E+12,4.1585E-07
19019,1.6161E+12,4.1585E-07
19020,1.6161E+12,4.1585E-07
19021,1.616E+12,4.1585E-07
19022,1.616E+12,4.1585E-07
19023,1.616E+12,4.1585E-07
19024,1.616E+12,4.15855E-07
19025,1.616E+12,4.15855E-07
19026,1.6159E+12,4.15855E-07
19027,1.6159E+12,4.15855E-07
19028,1.6159E+12,4.15855E-07
19029,1.6159E+12,4.15855E-07
19030,1.6158E+12,4.1586E-07
19031,1.6158E+12,4.1586E-07
19032,1.6158E+12,4.1586E-07
19033,1.6158E+12,4.1586E-07
19034,1.6158E+12,4.1586E-07
19035,1.6157E+12,4.1586E-07
19036,1.6157E+12,4.15865E-07
19037,1.6157E+12,4.15865E-07
19038,1.6157E+12,4.15865E-07
19039,1.6156E+12,4.15865E-07
19040,1.6156E+12,4.15865E-07
19041,1.6156E+12,4.15865E-07
19042,1.6156E+12,4.1587E-07
19043,1.6156E+12,4.1587E-07
19044,1.6155E+12,4.1587E-07
19045,1.6155E+12,4.1587E-07
19046,1.6155E+12,4.1587E-07
19047,1.6155E+12,4.1587E-07
19048,1.6154E+12,4.15875E-07
19049,1.6154E+12,4.15875E-07
19050,1.6154E+12,4.15875E-07
19051,1.6154E+12,4.15875E-07
19052,1.6154E+12,4.15875E-07
19053,1.6153E+12,4.15875E-07
19054,1.6153E+12,4.1588E-07
19055,1.6153E+12,4.1588E-07
19056,1.6153E+12,4.1588E-07
19057,1.6152E+12,4.1588E-07
19058,1.6152E+12,4.1588E-07
19059,1.6152E+12,4.1588E-07
19060,1.6152E+12,4.15885E-07
19061,1.6152E+12,4.15885E-07
19062,1.6151E+12,4.15885E-07
19063,1.6151E+12,4.15885E-07
19064,1.6151E+12,4.15885E-07
19065,1.6151E+12,4.15885E-07
19066,1.615E+12,4.1589E-07
19067,1.615E+12,4.1589E-07
19068,1.615E+12,4.1589E-07
19069,1.615E+12,4.1589E-07
19070,1.615E+12,4.1589E-07
19071,1.6149E+12,4.1589E-07
19072,1.6149E+12,4.15895E-07
19073,1.6149E+12,4.15895E-07
19074,1.6149E+12,4.15895E-07
19075,1.6149E+12,4.15895E-07
19076,1.6148E+12,4.15895E-07
19077,1.6148E+12,4.15895E-07
19078,1.6148E+12,4.159E-07
19079,1.6148E+12,4.159E-07
19080,1.6147E+12,4.159E-07
19081,1.6147E+12,4.159E-07
19082,1.6147E+12,4.159E-07
19083,1.6147E+12,4.159E-07
19084,1.6147E+12,4.159E-07
19085,1.6146E+12,4.15905E-07
19086,1.6146E+12,4.15905E-07
19087,1.6146E+12,4.15905E-07
19088,1.6146E+12,4.15905E-07
19089,1.6145E+12,4.15905E-07
19090,1.6145E+12,4.15905E-07
19091,1.6145E+12,4.1591E-07
19092,1.6145E+12,4.1591E-07
19093,1.6145E+12,4.1591E-07
19094,1.6144E+12,4.1591E-07
19095,1.6144E+12,4.1591E-07
19096,1.6144E+12,4.1591E-07
19097,1.6144E+12,4.15915E-07
19098,1.6143E+12,4.15915E-07
19099,1.6143E+12,4.15915E-07
19100,1.6143E+12,4.15915E-07
19101,1.6143E+12,4.15915E-07
19102,1.6143E+12,4.15915E-07
19103,1.6142E+12,4.1592E-07
19104,1.6142E+12,4.1592E-07
19105,1.6142E+12,4.1592E-07
19106,1.6142E+12,4.1592E-07
19107,1.6141E+12,4.1592E-07
19108,1.6141E+12,4.1592E-07
19109,1.6141E+12,4.15925E-07
19110,1.6141E+12,4.15925E-07
19111,1.6141E+12,4.15925E-07
19112,1.614E+12,4.15925E-07
19113,1.614E+12,4.15925E-07
19114,1.614E+12,4.15925E-07
19115,1.614E+12,4.1593E-07
19116,1.614E+12,4.1593E-07
19117,1.6139E+12,4.1593E-07
19118,1.6139E+12,4.1593E-07
19119,1.6139E+12,4.1593E-07
19120,1.6139E+12,4.1593E-07
19121,1.6138E+12,4.15935E-07
19122,1.6138E+12,4.15935E-07
19123,1.6138E+12,4.15935E-07
19124,1.6138E+12,4.15935E-07
19125,1.6138E+12,4.15935E-07
19126,1.6137E+12,4.15935E-07
19127,1.6137E+12,4.1594E-07
19128,1.6137E+12,4.1594E-07
19129,1.6137E+12,4.1594E-07
19130,1.6136E+12,4.1594E-07
19131,1.6136E+12,4.1594E-07
19132,1.6136E+12,4.1594E-07
19133,1.6136E+12,4.15945E-07
19134,1.6136E+12,4.15945E-07
19135,1.6135E+12,4.15945E-07
19136,1.6135E+12,4.15945E-07
19137,1.6135E+12,4.15945E-07
19138,1.6135E+12,4.15945E-07
19139,1.6134E+12,4.1595E-07
19140,1.6134E+12,4.1595E-07
19141,1.6134E+12,4.1595E-07
19142,1.6134E+12,4.1595E-07
19143,1.6134E+12,4.1595E-07
19144,1.6133E+12,4.1595E-07
19145,1.6133E+12,4.15955E-07
19146,1.6133E+12,4.15955E-07
19147,1.6133E+12,4.15955E-07
19148,1.6133E+12,4.15955E-07
19149,1.6132E+12,4.15955E-07
19150,1.6132E+12,4.15955E-07
19151,1.6132E+12,4.1596E-07
19152,1.6132E+12,4.1596E-07
19153,1.6131E+12,4.1596E-07
19154,1.6131E+12,4.1596E-07
19155,1.6131E+12,4.1596E-07
19156,1.6131E+12,4.1596E-07
19157,1.6131E+12,4.15965E-07
19158,1.613E+12,4.15965E-07
19159,1.613E+12,4.15965E-07
19160,1.613E+12,4.15965E-07
19161,1.613E+12,4.15965E-07
19162,1.6129E+12,4.15965E-07
19163,1.6129E+12,4.15965E-07
19164,1.6129E+12,4.1597E-07
19165,1.6129E+12,4.1597E-07
19166,1.6129E+12,4.1597E-07
19167,1.6128E+12,4.1597E-07
19168,1.6128E+12,4.1597E-07
19169,1.6128E+12,4.1597E-07
19170,1.6128E+12,4.15975E-07
19171,1.6127E+12,4.15975E-07
19172,1.6127E+12,4.15975E-07
19173,1.6127E+12,4.15975E-07
19174,1.6127E+12,4.15975E-07
19175,1.6127E+12,4.15975E-07
19176,1.6126E+12,4.1598E-07
19177,1.6126E+12,4.1598E-07
19178,1.6126E+12,4.1598E-07
19179,1.6126E+12,4.1598E-07
19180,1.6126E+12,4.1598E-07
19181,1.6125E+12,4.1598E-07
19182,1.6125E+12,4.15985E-07
19183,1.6125E+12,4.15985E-07
19184,1.6125E+12,4.15985E-07
19185,1.6124E+12,4.15985E-07
19186,1.6124E+12,4.15985E-07
19187,1.6124E+12,4.15985E-07
19188,1.6124E+12,4.1599E-07
19189,1.6124E+12,4.1599E-07
19190,1.6123E+12,4.1599E-07
19191,1.6123E+12,4.1599E-07
19192,1.6123E+12,4.1599E-07
19193,1.6123E+12,4.1599E-07
19194,1.6122E+12,4.15995E-07
19195,1.6122E+12,4.15995E-07
19196,1.6122E+12,4.15995E-07
19197,1.6122E+12,4.15995E-07
19198,1.6122E+12,4.15995E-07
19199,1.6121E+12,4.15995E-07
19200,1.6121E+12,0.000000416
19201,1.6121E+12,0.000000416
19202,1.6121E+12,0.000000416
19203,1.6121E+12,0.000000416
19204,1.612E+12,0.000000416
19205,1.612E+12,0.000000416
19206,1.612E+12,4.16005E-07
19207,1.612E+12,4.16005E-07
19208,1.6119E+12,4.16005E-07
19209,1.6119E+12,4.16005E-07
19210,1.6119E+12,4.16005E-07
19211,1.6119E+12,4.16005E-07
19212,1.6119E+12,4.1601E-07
19213,1.6118E+12,4.1601E-07
19214,1.6118E+12,4.1601E-07
19215,1.6118E+12,4.1601E-07
19216,1.6118E+12,4.1601E-07
19217,1.6117E+12,4.1601E-07
19218,1.6117E+12,4.16015E-07
19219,1.6117E+12,4.16015E-07
19220,1.6117E+12,4.16015E-07
19221,1.6117E+12,4.16015E-07
19222,1.6116E+12,4.16015E-07
19223,1.6116E+12,4.16015E-07
19224,1.6116E+12,4.16015E-07
19225,1.6116E+12,4.1602E-07
19226,1.6116E+12,4.1602E-07
19227,1.6115E+12,4.1602E-07
19228,1.6115E+12,4.1602E-07
19229,1.6115E+12,4.1602E-07
19230,1.6115E+12,4.1602E-07
19231,1.6114E+12,4.16025E-07
19232,1.6114E+12,4.16025E-07
19233,1.6114E+12,4.16025E-07
19234,1.6114E+12,4.16025E-07
19235,1.6114E+12,4.16025E-07
19236,1.6113E+12,4.16025E-07
19237,1.6113E+12,4.1603E-07
19238,1.6113E+12,4.1603E-07
19239,1.6113E+12,4.1603E-07
19240,1.6112E+12,4.1603E-07
19241,1.6112E+12,4.1603E-07
19242,1.6112E+12,4.1603E-07
19243,1.6112E+12,4.16035E-07
19244,1.6112E+12,4.16035E-07
19245,1.6111E+12,4.16035E-07
19246,1.6111E+12,4.16035E-07
19247,1.6111E+12,4.16035E-07
19248,1.6111E+12,4.16035E-07
19249,1.6111E+12,4.1604E-07
19250,1.611E+12,4.1604E-07
19251,1.611E+12,4.1604E-07
19252,1.611E+12,4.1604E-07
19253,1.611E+12,4.1604E-07
19254,1.6109E+12,4.1604E-07
19255,1.6109E+12,4.16045E-07
19256,1.6109E+12,4.16045E-07
19257,1.6109E+12,4.16045E-07
19258,1.6109E+12,4.16045E-07
19259,1.6108E+12,4.16045E-07
19260,1.6108E+12,4.16045E-07
19261,1.6108E+12,4.1605E-07
19262,1.6108E+12,4.1605E-07
19263,1.6107E+12,4.1605E-07
19264,1.6107E+12,4.1605E-07
19265,1.6107E+12,4.1605E-07
19266,1.6107E+12,4.1605E-07
19267,1.6107E+12,4.16055E-07
19268,1.6106E+12,4.16055E-07
19269,1.6106E+12,4.16055E-07
19270,1.6106E+12,4.16055E-07
19271,1.6106E+12,4.16055E-07
19272,1.6106E+12,4.16055E-07
19273,1.6105E+12,4.1606E-07
19274,1.6105E+12,4.1606E-07
19275,1.6105E+12,4.1606E-07
19276,1.6105E+12,4.1606E-07
19277,1.6104E+12,4.1606E-07
19278,1.6104E+12,4.1606E-07
19279,1.6104E+12,4.1606E-07
19280,1.6104E+12,4.16065E-07
19281,1.6104E+12,4.16065E-07
19282,1.6103E+12,4.16065E-07
19283,1.6103E+12,4.16065E-07
19284,1.6103E+12,4.16065E-07
19285,1.6103E+12,4.16065E-07
19286,1.6102E+12,4.1607E-07
19287,1.6102E+12,4.1607E-07
19288,1.6102E+12,4.1607E-07
19289,1.6102E+12,4.1607E-07
19290,1.6102E+12,4.1607E-07
19291,1.6101E+12,4.1607E-07
19292,1.6101E+12,4.16075E-07
19293,1.6101E+12,4.16075E-07
19294,1.6101E+12,4.16075E-07
19295,1.6101E+12,4.16075E-07
19296,1.61E+12,4.16075E-07
19297,1.61E+12,4.16075E-07
19298,1.61E+12,4.1608E-07
19299,1.61E+12,4.1608E-07
19300,1.6099E+12,4.1608E-07
19301,1.6099E+12,4.1608E-07
19302,1.6099E+12,4.1608E-07
19303,1.6099E+12,4.1608E-07
19304,1.6099E+12,4.16085E-07
19305,1.6098E+12,4.16085E-07
19306,1.6098E+12,4.16085E-07
19307,1.6098E+12,4.16085E-07
19308,1.6098E+12,4.16085E-07
19309,1.6098E+12,4.16085E-07
19310,1.6097E+12,4.1609E-07
19311,1.6097E+12,4.1609E-07
19312,1.6097E+12,4.1609E-07
19313,1.6097E+12,4.1609E-07
19314,1.6096E+12,4.1609E-07
19315,1.6096E+12,4.1609E-07
19316,1.6096E+12,4.16095E-07
19317,1.6096E+12,4.16095E-07
19318,1.6096E+12,4.16095E-07
19319,1.6095E+12,4.16095E-07
19320,1.6095E+12,4.16095E-07
19321,1.6095E+12,4.16095E-07
19322,1.6095E+12,4.16095E-07
19323,1.6094E+12,4.161E-07
19324,1.6094E+12,4.161E-07
19325,1.6094E+12,4.161E-07
19326,1.6094E+12,4.161E-07
19327,1.6094E+12,4.161E-07
19328,1.6093E+12,4.161E-07
19329,1.6093E+12,4.16105E-07
19330,1.6093E+12,4.16105E-07
19331,1.6093E+12,4.16105E-07
19332,1.6093E+12,4.16105E-07
19333,1.6092E+12,4.16105E-07
19334,1.6092E+12,4.16105E-07
19335,1.6092E+12,4.1611E-07
19336,1.6092E+12,4.1611E-07
19337,1.6091E+12,4.1611E-07
19338,1.6091E+12,4.1611E-07
19339,1.6091E+12,4.1611E-07
19340,1.6091E+12,4.1611E-07
19341,1.6091E+12,4.16115E-07
19342,1.609E+12,4.16115E-07
19343,1.609E+12,4.16115E-07
19344,1.609E+12,4.16115E-07
19345,1.609E+12,4.16115E-07
19346,1.609E+12,4.16115E-07
19347,1.6089E+12,4.1612E-07
19348,1.6089E+12,4.1612E-07
19349,1.6089E+12,4.1612E-07
19350,1.6089E+12,4.1612E-07
19351,1.6088E+12,4.1612E-07
19352,1.6088E+12,4.1612E-07
19353,1.6088E+12,4.16125E-07
19354,1.6088E+12,4.16125E-07
19355,1.6088E+12,4.16125E-07
19356,1.6087E+12,4.16125E-07
19357,1.6087E+12,4.16125E-07
19358,1.6087E+12,4.16125E-07
19359,1.6087E+12,4.1613E-07
19360,1.6087E+12,4.1613E-07
19361,1.6086E+12,4.1613E-07
19362,1.6086E+12,4.1613E-07
19363,1.6086E+12,4.1613E-07
19364,1.6086E+12,4.1613E-07
19365,1.6085E+12,4.1613E-07
19366,1.6085E+12,4.16135E-07
19367,1.6085E+12,4.16135E-07
19368,1.6085E+12,4.16135E-07
19369,1.6085E+12,4.16135E-07
19370,1.6084E+12,4.16135E-07
19371,1.6084E+12,4.16135E-07
19372,1.6084E+12,4.1614E-07
19373,1.6084E+12,4.1614E-07
19374,1.6083E+12,4.1614E-07
19375,1.6083E+12,4.1614E-07
19376,1.6083E+12,4.1614E-07
19377,1.6083E+12,4.1614E-07
19378,1.6083E+12,4.16145E-07
19379,1.6082E+12,4.16145E-07
19380,1.6082E+12,4.16145E-07
19381,1.6082E+12,4.16145E-07
19382,1.6082E+12,4.16145E-07
19383,1.6082E+12,4.16145E-07
19384,1.6081E+12,4.1615E-07
19385,1.6081E+12,4.1615E-07
19386,1.6081E+12,4.1615E-07
19387,1.6081E+12,4.1615E-07
19388,1.608E+12,4.1615E-07
19389,1.608E+12,4.1615E-07
19390,1.608E+12,4.16155E-07
19391,1.608E+12,4.16155E-07
19392,1.608E+12,4.16155E-07
19393,1.6079E+12,4.16155E-07
19394,1.6079E+12,4.16155E-07
19395,1.6079E+12,4.16155E-07
19396,1.6079E+12,4.1616E-07
19397,1.6079E+12,4.1616E-07
19398,1.6078E+12,4.1616E-07
19399,1.6078E+12,4.1616E-07
19400,1.6078E+12,4.1616E-07
19401,1.6078E+12,4.1616E-07
19402,1.6077E+12,4.1616E-07
19403,1.6077E+12,4.16165E-07
19404,1.6077E+12,4.16165E-07
19405,1.6077E+12,4.16165E-07
19406,1.6077E+12,4.16165E-07
19407,1.6076E+12,4.16165E-07
19408,1.6076E+12,4.16165E-07
19409,1.6076E+12,4.1617E-07
19410,1.6076E+12,4.1617E-07
19411,1.6076E+12,4.1617E-07
19412,1.6075E+12,4.1617E-07
19413,1.6075E+12,4.1617E-07
19414,1.6075E+12,4.1617E-07
19415,1.6075E+12,4.16175E-07
19416,1.6074E+12,4.16175E-07
19417,1.6074E+12,4.16175E-07
19418,1.6074E+12,4.16175E-07
19419,1.6074E+12,4.16175E-07
19420,1.6074E+12,4.16175E-07
19421,1.6073E+12,4.1618E-07
19422,1.6073E+12,4.1618E-07
19423,1.6073E+12,4.1618E-07
19424,1.6073E+12,4.1618E-07
19425,1.6073E+12,4.1618E-07
19426,1.6072E+12,4.1618E-07
19427,1.6072E+12,4.16185E-07
19428,1.6072E+12,4.16185E-07
19429,1.6072E+12,4.16185E-07
19430,1.6071E+12,4.16185E-07
19431,1.6071E+12,4.16185E-07
19432,1.6071E+12,4.16185E-07
19433,1.6071E+12,4.1619E-07
19434,1.6071E+12,4.1619E-07
19435,1.607E+12,4.1619E-07
19436,1.607E+12,4.1619E-07
19437,1.607E+12,4.1619E-07
19438,1.607E+12,4.1619E-07
19439,1.607E+12,4.1619E-07
19440,1.6069E+12,4.16195E-07
19441,1.6069E+12,4.16195E-07
19442,1.6069E+12,4.16195E-07
19443,1.6069E+12,4.16195E-07
19444,1.6068E+12,4.16195E-07
19445,1.6068E+12,4.16195E-07
19446,1.6068E+12,4.162E-07
19447,1.6068E+12,4.162E-07
19448,1.6068E+12,4.162E-07
19449,1.6067E+12,4.162E-07
19450,1.6067E+12,4.162E-07
19451,1.6067E+12,4.162E-07
19452,1.6067E+12,4.16205E-07
19453,1.6067E+12,4.16205E-07
19454,1.6066E+12,4.16205E-07
19455,1.6066E+12,4.16205E-07
19456,1.6066E+12,4.16205E-07
19457,1.6066E+12,4.16205E-07
19458,1.6065E+12,4.1621E-07
19459,1.6065E+12,4.1621E-07
19460,1.6065E+12,4.1621E-07
19461,1.6065E+12,4.1621E-07
19462,1.6065E+12,4.1621E-07
19463,1.6064E+12,4.1621E-07
19464,1.6064E+12,4.16215E-07
19465,1.6064E+12,4.16215E-07
19466,1.6064E+12,4.16215E-07
19467,1.6064E+12,4.16215E-07
19468,1.6063E+12,4.16215E-07
19469,1.6063E+12,4.16215E-07
19470,1.6063E+12,4.16215E-07
19471,1.6063E+12,4.1622E-07
19472,1.6062E+12,4.1622E-07
19473,1.6062E+12,4.1622E-07
19474,1.6062E+12,4.1622E-07
19475,1.6062E+12,4.1622E-07
19476,1.6062E+12,4.1622E-07
19477,1.6061E+12,4.16225E-07
19478,1.6061E+12,4.16225E-07
19479,1.6061E+12,4.16225E-07
19480,1.6061E+12,4.16225E-07
19481,1.6061E+12,4.16225E-07
19482,1.606E+12,4.16225E-07
19483,1.606E+12,4.1623E-07
19484,1.606E+12,4.1623E-07
19485,1.606E+12,4.1623E-07
19486,1.6059E+12,4.1623E-07
19487,1.6059E+12,4.1623E-07
19488,1.6059E+12,4.1623E-07
19489,1.6059E+12,4.16235E-07
19490,1.6059E+12,4.16235E-07
19491,1.6058E+12,4.16235E-07
19492,1.6058E+12,4.16235E-07
19493,1.6058E+12,4.16235E-07
19494,1.6058E+12,4.16235E-07
19495,1.6058E+12,4.1624E-07
19496,1.6057E+12,4.1624E-07
19497,1.6057E+12,4.1624E-07
19498,1.6057E+12,4.1624E-07
19499,1.6057E+12,4.1624E-07
19500,1.6056E+12,4.1624E-07
19501,1.6056E+12,4.1624E-07
19502,1.6056E+12,4.16245E-07
19503,1.6056E+12,4.16245E-07
19504,1.6056E+12,4.16245E-07
19505,1.6055E+12,4.16245E-07
19506,1.6055E+12,4.16245E-07
19507,1.6055E+12,4.16245E-07
19508,1.6055E+12,4.1625E-07
19509,1.6055E+12,4.1625E-07
19510,1.6054E+12,4.1625E-07
19511,1.6054E+12,4.1625E-07
19512,1.6054E+12,4.1625E-07
19513,1.6054E+12,4.1625E-07
19514,1.6053E+12,4.16255E-07
19515,1.6053E+12,4.16255E-07
19516,1.6053E+12,4.16255E-07
19517,1.6053E+12,4.16255E-07
19518,1.6053E+12,4.16255E-07
19519,1.6052E+12,4.16255E-07
19520,1.6052E+12,4.1626E-07
19521,1.6052E+12,4.1626E-07
19522,1.6052E+12,4.1626E-07
19523,1.6052E+12,4.1626E-07
19524,1.6051E+12,4.1626E-07
19525,1.6051E+12,4.1626E-07
19526,1.6051E+12,4.16265E-07
19527,1.6051E+12,4.16265E-07
19528,1.605E+12,4.16265E-07
19529,1.605E+12,4.16265E-07
19530,1.605E+12,4.16265E-07
19531,1.605E+12,4.16265E-07
19532,1.605E+12,4.16265E-07
19533,1.6049E+12,4.1627E-07
19534,1.6049E+12,4.1627E-07
19535,1.6049E+12,4.1627E-07
19536,1.6049E+12,4.1627E-07
19537,1.6049E+12,4.1627E-07
19538,1.6048E+12,4.1627E-07
19539,1.6048E+12,4.16275E-07
19540,1.6048E+12,4.16275E-07
19541,1.6048E+12,4.16275E-07
19542,1.6048E+12,4.16275E-07
19543,1.6047E+12,4.16275E-07
19544,1.6047E+12,4.16275E-07
19545,1.6047E+12,4.1628E-07
19546,1.6047E+12,4.1628E-07
19547,1.6046E+12,4.1628E-07
19548,1.6046E+12,4.1628E-07
19549,1.6046E+12,4.1628E-07
19550,1.6046E+12,4.1628E-07
19551,1.6046E+12,4.16285E-07
19552,1.6045E+12,4.16285E-07
19553,1.6045E+12,4.16285E-07
19554,1.6045E+12,4.16285E-07
19555,1.6045E+12,4.16285E-07
19556,1.6045E+12,4.16285E-07
19557,1.6044E+12,4.16285E-07
19558,1.6044E+12,4.1629E-07
19559,1.6044E+12,4.1629E-07
19560,1.6044E+12,4.1629E-07
19561,1.6043E+12,4.1629E-07
19562,1.6043E+12,4.1629E-07
19563,1.6043E+12,4.1629E-07
19564,1.6043E+12,4.16295E-07
19565,1.6043E+12,4.16295E-07
19566,1.6042E+12,4.16295E-07
19567,1.6042E+12,4.16295E-07
19568,1.6042E+12,4.16295E-07
19569,1.6042E+12,4.16295E-07
19570,1.6042E+12,4.163E-07
19571,1.6041E+12,4.163E-07
19572,1.6041E+12,4.163E-07
19573,1.6041E+12,4.163E-07
19574,1.6041E+12,4.163E-07
19575,1.604E+12,4.163E-07
19576,1.604E+12,4.16305E-07
19577,1.604E+12,4.16305E-07
19578,1.604E+12,4.16305E-07
19579,1.604E+12,4.16305E-07
19580,1.6039E+12,4.16305E-07
19581,1.6039E+12,4.16305E-07
19582,1.6039E+12,4.1631E-07
19583,1.6039E+12,4.1631E-07
19584,1.6039E+12,4.1631E-07
19585,1.6038E+12,4.1631E-07
19586,1.6038E+12,4.1631E-07
19587,1.6038E+12,4.1631E-07
19588,1.6038E+12,4.1631E-07
19589,1.6038E+12,4.16315E-07
19590,1.6037E+12,4.16315E-07
19591,1.6037E+12,4.16315E-07
19592,1.6037E+12,4.16315E-07
19593,1.6037E+12,4.16315E-07
19594,1.6036E+12,4.16315E-07
19595,1.6036E+12,4.1632E-07
19596,1.6036E+12,4.1632E-07
19597,1.6036E+12,4.1632E-07
19598,1.6036E+12,4.1632E-07
19599,1.6035E+12,4.1632E-07
19600,1.6035E+12,4.1632E-07
19601,1.6035E+12,4.16325E-07
19602,1.6035E+12,4.16325E-07
19603,1.6035E+12,4.16325E-07
19604,1.6034E+12,4.16325E-07
19605,1.6034E+12,4.16325E-07
19606,1.6034E+12,4.16325E-07
19607,1.6034E+12,4.1633E-07
19608,1.6033E+12,4.1633E-07
19609,1.6033E+12,4.1633E-07
19610,1.6033E+12,4.1633E-07
19611,1.6033E+12,4.1633E-07
19612,1.6033E+12,4.1633E-07
19613,1.6032E+12,4.1633E-07
19614,1.6032E+12,4.16335E-07
19615,1.6032E+12,4.16335E-07
19616,1.6032E+12,4.16335E-07
19617,1.6032E+12,4.16335E-07
19618,1.6031E+12,4.16335E-07
19619,1.6031E+12,4.16335E-07
19620,1.6031E+12,4.1634E-07
19621,1.6031E+12,4.1634E-07
19622,1.6031E+12,4.1634E-07
19623,1.603E+12,4.1634E-07
19624,1.603E+12,4.1634E-07
19625,1.603E+12,4.1634E-07
19626,1.603E+12,4.16345E-07
19627,1.6029E+12,4.16345E-07
19628,1.6029E+12,4.16345E-07
19629,1.6029E+12,4.16345E-07
19630,1.6029E+12,4.16345E-07
19631,1.6029E+12,4.16345E-07
19632,1.6028E+12,4.1635E-07
19633,1.6028E+12,4.1635E-07
19634,1.6028E+12,4.1635E-07
19635,1.6028E+12,4.1635E-07
19636,1.6028E+12,4.1635E-07
19637,1.6027E+12,4.1635E-07
19638,1.6027E+12,4.1635E-07
19639,1.6027E+12,4.16355E-07
19640,1.6027E+12,4.16355E-07
19641,1.6027E+12,4.16355E-07
19642,1.6026E+12,4.16355E-07
19643,1.6026E+12,4.16355E-07
19644,1.6026E+12,4.16355E-07
19645,1.6026E+12,4.1636E-07
19646,1.6025E+12,4.1636E-07
19647,1.6025E+12,4.1636E-07
19648,1.6025E+12,4.1636E-07
19649,1.6025E+12,4.1636E-07
19650,1.6025E+12,4.1636E-07
19651,1.6024E+12,4.16365E-07
19652,1.6024E+12,4.16365E-07
19653,1.6024E+12,4.16365E-07
19654,1.6024E+12,4.16365E-07
19655,1.6024E+12,4.16365E-07
19656,1.6023E+12,4.16365E-07
19657,1.6023E+12,4.1637E-07
19658,1.6023E+12,4.1637E-07
19659,1.6023E+12,4.1637E-07
19660,1.6022E+12,4.1637E-07
19661,1.6022E+12,4.1637E-07
19662,1.6022E+12,4.1637E-07
19663,1.6022E+12,4.1637E-07
19664,1.6022E+12,4.16375E-07
19665,1.6021E+12,4.16375E-07
19666,1.6021E+12,4.16375E-07
19667,1.6021E+12,4.16375E-07
19668,1.6021E+12,4.16375E-07
19669,1.6021E+12,4.16375E-07
19670,1.602E+12,4.1638E-07
19671,1.602E+12,4.1638E-07
19672,1.602E+12,4.1638E-07
19673,1.602E+12,4.1638E-07
19674,1.602E+12,4.1638E-07
19675,1.6019E+12,4.1638E-07
19676,1.6019E+12,4.16385E-07
19677,1.6019E+12,4.16385E-07
19678,1.6019E+12,4.16385E-07
19679,1.6018E+12,4.16385E-07
19680,1.6018E+12,4.16385E-07
19681,1.6018E+12,4.16385E-07
19682,1.6018E+12,4.1639E-07
19683,1.6018E+12,4.1639E-07
19684,1.6017E+12,4.1639E-07
19685,1.6017E+12,4.1639E-07
19686,1.6017E+12,4.1639E-07
19687,1.6017E+12,4.1639E-07
19688,1.6017E+12,4.1639E-07
19689,1.6016E+12,4.16395E-07
19690,1.6016E+12,4.16395E-07
19691,1.6016E+12,4.16395E-07
19692,1.6016E+12,4.16395E-07
19693,1.6016E+12,4.16395E-07
19694,1.6015E+12,4.16395E-07
19695,1.6015E+12,4.164E-07
19696,1.6015E+12,4.164E-07
19697,1.6015E+12,4.164E-07
19698,1.6014E+12,4.164E-07
19699,1.6014E+12,4.164E-07
19700,1.6014E+12,4.164E-07
19701,1.6014E+12,4.16405E-07
19702,1.6014E+12,4.16405E-07
19703,1.6013E+12,4.16405E-07
19704,1.6013E+12,4.16405E-07
19705,1.6013E+12,4.16405E-07
19706,1.6013E+12,4.16405E-07
19707,1.6013E+12,4.1641E-07
19708,1.6012E+12,4.1641E-07
19709,1.6012E+12,4.1641E-07
19710,1.6012E+12,4.1641E-07
19711,1.6012E+12,4.1641E-07
19712,1.6012E+12,4.1641E-07
19713,1.6011E+12,4.1641E-07
19714,1.6011E+12,4.16415E-07
19715,1.6011E+12,4.16415E-07
19716,1.6011E+12,4.16415E-07
19717,1.601E+12,4.16415E-07
19718,1.601E+12,4.16415E-07
19719,1.601E+12,4.16415E-07
19720,1.601E+12,4.1642E-07
19721,1.601E+12,4.1642E-07
19722,1.6009E+12,4.1642E-07
19723,1.6009E+12,4.1642E-07
19724,1.6009E+12,4.1642E-07
19725,1.6009E+12,4.1642E-07
19726,1.6009E+12,4.16425E-07
19727,1.6008E+12,4.16425E-07
19728,1.6008E+12,4.16425E-07
19729,1.6008E+12,4.16425E-07
19730,1.6008E+12,4.16425E-07
19731,1.6008E+12,4.16425E-07
19732,1.6007E+12,4.16425E-07
19733,1.6007E+12,4.1643E-07
19734,1.6007E+12,4.1643E-07
19735,1.6007E+12,4.1643E-07
19736,1.6006E+12,4.1643E-07
19737,1.6006E+12,4.1643E-07
19738,1.6006E+12,4.1643E-07
19739,1.6006E+12,4.16435E-07
19740,1.6006E+12,4.16435E-07
19741,1.6005E+12,4.16435E-07
19742,1.6005E+12,4.16435E-07
19743,1.6005E+12,4.16435E-07
19744,1.6005E+12,4.16435E-07
19745,1.6005E+12,4.1644E-07
19746,1.6004E+12,4.1644E-07
19747,1.6004E+12,4.1644E-07
19748,1.6004E+12,4.1644E-07
19749,1.6004E+12,4.1644E-07
19750,1.6004E+12,4.1644E-07
19751,1.6003E+12,4.16445E-07
19752,1.6003E+12,4.16445E-07
19753,1.6003E+12,4.16445E-07
19754,1.6003E+12,4.16445E-07
19755,1.6002E+12,4.16445E-07
19756,1.6002E+12,4.16445E-07
19757,1.6002E+12,4.16445E-07
19758,1.6002E+12,4.1645E-07
19759,1.6002E+12,4.1645E-07
19760,1.6001E+12,4.1645E-07
19761,1.6001E+12,4.1645E-07
19762,1.6001E+12,4.1645E-07
19763,1.6001E+12,4.1645E-07
19764,1.6001E+12,4.16455E-07
19765,1.6E+12,4.16455E-07
19766,1.6E+12,4.16455E-07
19767,1.6E+12,4.16455E-07
19768,1.6E+12,4.16455E-07
19769,1.6E+12,4.16455E-07
19770,1.5999E+12,4.1646E-07
19771,1.5999E+12,4.1646E-07
19772,1.5999E+12,4.1646E-07
19773,1.5999E+12,4.1646E-07
19774,1.5998E+12,4.1646E-07
19775,1.5998E+12,4.1646E-07
19776,1.5998E+12,4.1646E-07
19777,1.5998E+12,4.16465E-07
19778,1.5998E+12,4.16465E-07
19779,1.5997E+12,4.16465E-07
19780,1.5997E+12,4.16465E-07
19781,1.5997E+12,4.16465E-07
19782,1.5997E+12,4.16465E-07
19783,1.5997E+12,4.1647E-07
19784,1.5996E+12,4.1647E-07
19785,1.5996E+12,4.1647E-07
19786,1.5996E+12,4.1647E-07
19787,1.5996E+12,4.1647E-07
19788,1.5996E+12,4.1647E-07
19789,1.5995E+12,4.16475E-07
19790,1.5995E+12,4.16475E-07
19791,1.5995E+12,4.16475E-07
19792,1.5995E+12,4.16475E-07
19793,1.5995E+12,4.16475E-07
19794,1.5994E+12,4.16475E-07
19795,1.5994E+12,4.16475E-07
19796,1.5994E+12,4.1648E-07
19797,1.5994E+12,4.1648E-07
19798,1.5993E+12,4.1648E-07
19799,1.5993E+12,4.1648E-07
19800,1.5993E+12,4.1648E-07
19801,1.5993E+12,4.1648E-07
19802,1.5993E+12,4.16485E-07
19803,1.5992E+12,4.16485E-07
19804,1.5992E+12,4.16485E-07
19805,1.5992E+12,4.16485E-07
19806,1.5992E+12,4.16485E-07
19807,1.5992E+12,4.16485E-07
19808,1.5991E+12,4.1649E-07
19809,1.5991E+12,4.1649E-07
19810,1.5991E+12,4.1649E-07
19811,1.5991E+12,4.1649E-07
19812,1.5991E+12,4.1649E-07
19813,1.599E+12,4.1649E-07
19814,1.599E+12,4.16495E-07
19815,1.599E+12,4.16495E-07
19816,1.599E+12,4.16495E-07
19817,1.5989E+12,4.16495E-07
19818,1.5989E+12,4.16495E-07
19819,1.5989E+12,4.16495E-07
19820,1.5989E+12,4.16495E-07
19821,1.5989E+12,4.165E-07
19822,1.5988E+12,4.165E-07
19823,1.5988E+12,4.165E-07
19824,1.5988E+12,4.165E-07
19825,1.5988E+12,4.165E-07
19826,1.5988E+12,4.165E-07
19827,1.5987E+12,4.16505E-07
19828,1.5987E+12,4.16505E-07
19829,1.5987E+12,4.16505E-07
19830,1.5987E+12,4.16505E-07
19831,1.5987E+12,4.16505E-07
19832,1.5986E+12,4.16505E-07
19833,1.5986E+12,4.1651E-07
19834,1.5986E+12,4.1651E-07
19835,1.5986E+12,4.1651E-07
19836,1.5986E+12,4.1651E-07
19837,1.5985E+12,4.1651E-07
19838,1.5985E+12,4.1651E-07
19839,1.5985E+12,4.1651E-07
19840,1.5985E+12,4.16515E-07
19841,1.5984E+12,4.16515E-07
19842,1.5984E+12,4.16515E-07
19843,1.5984E+12,4.16515E-07
19844,1.5984E+12,4.16515E-07
19845,1.5984E+12,4.16515E-07
19846,1.5983E+12,4.1652E-07
19847,1.5983E+12,4.1652E-07
19848,1.5983E+12,4.1652E-07
19849,1.5983E+12,4.1652E-07
19850,1.5983E+12,4.1652E-07
19851,1.5982E+12,4.1652E-07
19852,1.5982E+12,4.16525E-07
19853,1.5982E+12,4.16525E-07
19854,1.5982E+12,4.16525E-07
19855,1.5982E+12,4.16525E-07
19856,1.5981E+12,4.16525E-07
19857,1.5981E+12,4.16525E-07
19858,1.5981E+12,4.16525E-07
19859,1.5981E+12,4.1653E-07
19860,1.5981E+12,4.1653E-07
19861,1.598E+12,4.1653E-07
19862,1.598E+12,4.1653E-07
19863,1.598E+12,4.1653E-07
19864,1.598E+12,4.1653E-07
19865,1.5979E+12,4.16535E-07
19866,1.5979E+12,4.16535E-07
19867,1.5979E+12,4.16535E-07
19868,1.5979E+12,4.16535E-07
19869,1.5979E+12,4.16535E-07
19870,1.5978E+12,4.16535E-07
19871,1.5978E+12,4.1654E-07
19872,1.5978E+12,4.1654E-07
19873,1.5978E+12,4.1654E-07
19874,1.5978E+12,4.1654E-07
19875,1.5977E+12,4.1654E-07
19876,1.5977E+12,4.1654E-07
19877,1.5977E+12,4.1654E-07
19878,1.5977E+12,4.16545E-07
19879,1.5977E+12,4.16545E-07
19880,1.5976E+12,4.16545E-07
19881,1.5976E+12,4.16545E-07
19882,1.5976E+12,4.16545E-07
19883,1.5976E+12,4.16545E-07
19884,1.5976E+12,4.1655E-07
19885,1.5975E+12,4.1655E-07
19886,1.5975E+12,4.1655E-07
19887,1.5975E+12,4.1655E-07
19888,1.5975E+12,4.1655E-07
19889,1.5974E+12,4.1655E-07
19890,1.5974E+12,4.16555E-07
19891,1.5974E+12,4.16555E-07
19892,1.5974E+12,4.16555E-07
19893,1.5974E+12,4.16555E-07
19894,1.5973E+12,4.16555E-07
19895,1.5973E+12,4.16555E-07
19896,1.5973E+12,4.16555E-07
19897,1.5973E+12,4.1656E-07
19898,1.5973E+12,4.1656E-07
19899,1.5972E+12,4.1656E-07
19900,1.5972E+12,4.1656E-07
19901,1.5972E+12,4.1656E-07
19902,1.5972E+12,4.1656E-07
19903,1.5972E+12,4.16565E-07
19904,1.5971E+12,4.16565E-07
19905,1.5971E+12,4.16565E-07
19906,1.5971E+12,4.16565E-07
19907,1.5971E+12,4.16565E-07
19908,1.5971E+12,4.16565E-07
19909,1.597E+12,4.1657E-07
19910,1.597E+12,4.1657E-07
19911,1.597E+12,4.1657E-07
19912,1.597E+12,4.1657E-07
19913,1.5969E+12,4.1657E-07
19914,1.5969E+12,4.1657E-07
19915,1.5969E+12,4.1657E-07
19916,1.5969E+12,4.16575E-07
19917,1.5969E+12,4.16575E-07
19918,1.5968E+12,4.16575E-07
19919,1.5968E+12,4.16575E-07
19920,1.5968E+12,4.16575E-07
19921,1.5968E+12,4.16575E-07
19922,1.5968E+12,4.1658E-07
19923,1.5967E+12,4.1658E-07
19924,1.5967E+12,4.1658E-07
19925,1.5967E+12,4.1658E-07
19926,1.5967E+12,4.1658E-07
19927,1.5967E+12,4.1658E-07
19928,1.5966E+12,4.16585E-07
19929,1.5966E+12,4.16585E-07
19930,1.5966E+12,4.16585E-07
19931,1.5966E+12,4.16585E-07
19932,1.5966E+12,4.16585E-07
19933,1.5965E+12,4.16585E-07
19934,1.5965E+12,4.16585E-07
19935,1.5965E+12,4.1659E-07
19936,1.5965E+12,4.1659E-07
19937,1.5964E+12,4.1659E-07
19938,1.5964E+12,4.1659E-07
19939,1.5964E+12,4.1659E-07
19940,1.5964E+12,4.1659E-07
19941,1.5964E+12,4.16595E-07
19942,1.5963E+12,4.16595E-07
19943,1.5963E+12,4.16595E-07
19944,1.5963E+12,4.16595E-07
19945,1.5963E+12,4.16595E-07
19946,1.5963E+12,4.16595E-07
19947,1.5962E+12,4.166E-07
19948,1.5962E+12,4.166E-07
19949,1.5962E+12,4.166E-07
19950,1.5962E+12,4.166E-07
19951,1.5962E+12,4.166E-07
19952,1.5961E+12,4.166E-07
19953,1.5961E+12,4.166E-07
19954,1.5961E+12,4.16605E-07
19955,1.5961E+12,4.16605E-07
19956,1.5961E+12,4.16605E-07
19957,1.596E+12,4.16605E-07
19958,1.596E+12,4.16605E-07
19959,1.596E+12,4.16605E-07
19960,1.596E+12,4.1661E-07
19961,1.596E+12,4.1661E-07
19962,1.5959E+12,4.1661E-07
19963,1.5959E+12,4.1661E-07
19964,1.5959E+12,4.1661E-07
19965,1.5959E+12,4.1661E-07
19966,1.5958E+12,4.1661E-07
19967,1.5958E+12,4.16615E-07
19968,1.5958E+12,4.16615E-07
19969,1.5958E+12,4.16615E-07
19970,1.5958E+12,4.16615E-07
19971,1.5957E+12,4.16615E-07
19972,1.5957E+12,4.16615E-07
19973,1.5957E+12,4.1662E-07
19974,1.5957E+12,4.1662E-07
19975,1.5957E+12,4.1662E-07
19976,1.5956E+12,4.1662E-07
19977,1.5956E+12,4.1662E-07
19978,1.5956E+12,4.1662E-07
19979,1.5956E+12,4.16625E-07
19980,1.5956E+12,4.16625E-07
19981,1.5955E+12,4.16625E-07
19982,1.5955E+12,4.16625E-07
19983,1.5955E+12,4.16625E-07
19984,1.5955E+12,4.16625E-07
19985,1.5955E+12,4.16625E-07
19986,1.5954E+12,4.1663E-07
19987,1.5954E+12,4.1663E-07
19988,1.5954E+12,4.1663E-07
19989,1.5954E+12,4.1663E-07
19990,1.5954E+12,4.1663E-07
19991,1.5953E+12,4.1663E-07
19992,1.5953E+12,4.16635E-07
19993,1.5953E+12,4.16635E-07
19994,1.5953E+12,4.16635E-07
19995,1.5952E+12,4.16635E-07
19996,1.5952E+12,4.16635E-07
19997,1.5952E+12,4.16635E-07
19998,1.5952E+12,4.1664E-07
19999,1.5952E+12,4.1664E-07
20000,1.5951E+12,4.1664E-07
20001,1.5951E+12,4.1664E-07
20002,1.5951E+12,4.1664E-07
20003,1.5951E+12,4.1664E-07
20004,1.5951E+12,4.1664E-07
20005,1.595E+12,4.16645E-07
20006,1.595E+12,4.16645E-07
20007,1.595E+12,4.16645E-07
20008,1.595E+12,4.16645E-07
20009,1.595E+12,4.16645E-07
20010,1.5949E+12,4.16645E-07
20011,1.5949E+12,4.1665E-07
20012,1.5949E+12,4.1665E-07
20013,1.5949E+12,4.1665E-07
20014,1.5949E+12,4.1665E-07
20015,1.5948E+12,4.1665E-07
20016,1.5948E+12,4.1665E-07
20017,1.5948E+12,4.1665E-07
20018,1.5948E+12,4.16655E-07
20019,1.5948E+12,4.16655E-07
20020,1.5947E+12,4.16655E-07
20021,1.5947E+12,4.16655E-07
20022,1.5947E+12,4.16655E-07
20023,1.5947E+12,4.16655E-07
20024,1.5946E+12,4.1666E-07
20025,1.5946E+12,4.1666E-07
20026,1.5946E+12,4.1666E-07
20027,1.5946E+12,4.1666E-07
20028,1.5946E+12,4.1666E-07
20029,1.5945E+12,4.1666E-07
20030,1.5945E+12,4.16665E-07
20031,1.5945E+12,4.16665E-07
20032,1.5945E+12,4.16665E-07
20033,1.5945E+12,4.16665E-07
20034,1.5944E+12,4.16665E-07
20035,1.5944E+12,4.16665E-07
20036,1.5944E+12,4.16665E-07
20037,1.5944E+12,4.1667E-07
20038,1.5944E+12,4.1667E-07
20039,1.5943E+12,4.1667E-07
20040,1.5943E+12,4.1667E-07
20041,1.5943E+12,4.1667E-07
20042,1.5943E+12,4.1667E-07
20043,1.5943E+12,4.16675E-07
20044,1.5942E+12,4.16675E-07
20045,1.5942E+12,4.16675E-07
20046,1.5942E+12,4.16675E-07
20047,1.5942E+12,4.16675E-07
20048,1.5942E+12,4.16675E-07
20049,1.5941E+12,4.1668E-07
20050,1.5941E+12,4.1668E-07
20051,1.5941E+12,4.1668E-07
20052,1.5941E+12,4.1668E-07
20053,1.5941E+12,4.1668E-07
20054,1.594E+12,4.1668E-07
20055,1.594E+12,4.1668E-07
20056,1.594E+12,4.16685E-07
20057,1.594E+12,4.16685E-07
20058,1.5939E+12,4.16685E-07
20059,1.5939E+12,4.16685E-07
20060,1.5939E+12,4.16685E-07
20061,1.5939E+12,4.16685E-07
20062,1.5939E+12,4.1669E-07
20063,1.5938E+12,4.1669E-07
20064,1.5938E+12,4.1669E-07
20065,1.5938E+12,4.1669E-07
20066,1.5938E+12,4.1669E-07
20067,1.5938E+12,4.1669E-07
20068,1.5937E+12,4.1669E-07
20069,1.5937E+12,4.16695E-07
20070,1.5937E+12,4.16695E-07
20071,1.5937E+12,4.16695E-07
20072,1.5937E+12,4.16695E-07
20073,1.5936E+12,4.16695E-07
20074,1.5936E+12,4.16695E-07
20075,1.5936E+12,4.167E-07
20076,1.5936E+12,4.167E-07
20077,1.5936E+12,4.167E-07
20078,1.5935E+12,4.167E-07
20079,1.5935E+12,4.167E-07
20080,1.5935E+12,4.167E-07
20081,1.5935E+12,4.16705E-07
20082,1.5935E+12,4.16705E-07
20083,1.5934E+12,4.16705E-07
20084,1.5934E+12,4.16705E-07
20085,1.5934E+12,4.16705E-07
20086,1.5934E+12,4.16705E-07
20087,1.5934E+12,4.16705E-07
20088,1.5933E+12,4.1671E-07
20089,1.5933E+12,4.1671E-07
20090,1.5933E+12,4.1671E-07
20091,1.5933E+12,4.1671E-07
20092,1.5932E+12,4.1671E-07
20093,1.5932E+12,4.1671E-07
20094,1.5932E+12,4.16715E-07
20095,1.5932E+12,4.16715E-07
20096,1.5932E+12,4.16715E-07
20097,1.5931E+12,4.16715E-07
20098,1.5931E+12,4.16715E-07
20099,1.5931E+12,4.16715E-07
20100,1.5931E+12,4.16715E-07
20101,1.5931E+12,4.1672E-07
20102,1.593E+12,4.1672E-07
20103,1.593E+12,4.1672E-07
20104,1.593E+12,4.1672E-07
20105,1.593E+12,4.1672E-07
20106,1.593E+12,4.1672E-07
20107,1.5929E+12,4.16725E-07
20108,1.5929E+12,4.16725E-07
20109,1.5929E+12,4.16725E-07
20110,1.5929E+12,4.16725E-07
20111,1.5929E+12,4.16725E-07
20112,1.5928E+12,4.16725E-07
20113,1.5928E+12,4.1673E-07
20114,1.5928E+12,4.1673E-07
20115,1.5928E+12,4.1673E-07
20116,1.5928E+12,4.1673E-07
20117,1.5927E+12,4.1673E-07
20118,1.5927E+12,4.1673E-07
20119,1.5927E+12,4.1673E-07
20120,1.5927E+12,4.16735E-07
20121,1.5927E+12,4.16735E-07
20122,1.5926E+12,4.16735E-07
20123,1.5926E+12,4.16735E-07
20124,1.5926E+12,4.16735E-07
20125,1.5926E+12,4.16735E-07
20126,1.5926E+12,4.1674E-07
20127,1.5925E+12,4.1674E-07
20128,1.5925E+12,4.1674E-07
20129,1.5925E+12,4.1674E-07
20130,1.5925E+12,4.1674E-07
20131,1.5924E+12,4.1674E-07
20132,1.5924E+12,4.1674E-07
20133,1.5924E+12,4.16745E-07
20134,1.5924E+12,4.16745E-07
20135,1.5924E+12,4.16745E-07
20136,1.5923E+12,4.16745E-07
20137,1.5923E+12,4.16745E-07
20138,1.5923E+12,4.16745E-07
20139,1.5923E+12,4.1675E-07
20140,1.5923E+12,4.1675E-07
20141,1.5922E+12,4.1675E-07
20142,1.5922E+12,4.1675E-07
20143,1.5922E+12,4.1675E-07
20144,1.5922E+12,4.1675E-07
20145,1.5922E+12,4.1675E-07
20146,1.5921E+12,4.16755E-07
20147,1.5921E+12,4.16755E-07
20148,1.5921E+12,4.16755E-07
20149,1.5921E+12,4.16755E-07
20150,1.5921E+12,4.16755E-07
20151,1.592E+12,4.16755E-07
20152,1.592E+12,4.1676E-07
20153,1.592E+12,4.1676E-07
20154,1.592E+12,4.1676E-07
20155,1.592E+12,4.1676E-07
20156,1.5919E+12,4.1676E-07
20157,1.5919E+12,4.1676E-07
20158,1.5919E+12,4.16765E-07
20159,1.5919E+12,4.16765E-07
20160,1.5919E+12,4.16765E-07
20161,1.5918E+12,4.16765E-07
20162,1.5918E+12,4.16765E-07
20163,1.5918E+12,4.16765E-07
20164,1.5918E+12,4.16765E-07
20165,1.5918E+12,4.1677E-07
20166,1.5917E+12,4.1677E-07
20167,1.5917E+12,4.1677E-07
20168,1.5917E+12,4.1677E-07
20169,1.5917E+12,4.1677E-07
20170,1.5917E+12,4.1677E-07
20171,1.5916E+12,4.16775E-07
20172,1.5916E+12,4.16775E-07
20173,1.5916E+12,4.16775E-07
20174,1.5916E+12,4.16775E-07
20175,1.5915E+12,4.16775E-07
20176,1.5915E+12,4.16775E-07
20177,1.5915E+12,4.16775E-07
20178,1.5915E+12,4.1678E-07
20179,1.5915E+12,4.1678E-07
20180,1.5914E+12,4.1678E-07
20181,1.5914E+12,4.1678E-07
20182,1.5914E+12,4.1678E-07
20183,1.5914E+12,4.1678E-07
20184,1.5914E+12,4.16785E-07
20185,1.5913E+12,4.16785E-07
20186,1.5913E+12,4.16785E-07
20187,1.5913E+12,4.16785E-07
20188,1.5913E+12,4.16785E-07
20189,1.5913E+12,4.16785E-07
20190,1.5912E+12,4.16785E-07
20191,1.5912E+12,4.1679E-07
20192,1.5912E+12,4.1679E-07
20193,1.5912E+12,4.1679E-07
20194,1.5912E+12,4.1679E-07
20195,1.5911E+12,4.1679E-07
20196,1.5911E+12,4.1679E-07
20197,1.5911E+12,4.16795E-07
20198,1.5911E+12,4.16795E-07
20199,1.5911E+12,4.16795E-07
20200,1.591E+12,4.16795E-07
20201,1.591E+12,4.16795E-07
20202,1.591E+12,4.16795E-07
20203,1.591E+12,4.168E-07
20204,1.591E+12,4.168E-07
20205,1.5909E+12,4.168E-07
20206,1.5909E+12,4.168E-07
20207,1.5909E+12,4.168E-07
20208,1.5909E+12,4.168E-07
20209,1.5909E+12,4.168E-07
20210,1.5908E+12,4.16805E-07
20211,1.5908E+12,4.16805E-07
20212,1.5908E+12,4.16805E-07
20213,1.5908E+12,4.16805E-07
20214,1.5908E+12,4.16805E-07
20215,1.5907E+12,4.16805E-07
20216,1.5907E+12,4.1681E-07
20217,1.5907E+12,4.1681E-07
20218,1.5907E+12,4.1681E-07
20219,1.5907E+12,4.1681E-07
20220,1.5906E+12,4.1681E-07
20221,1.5906E+12,4.1681E-07
20222,1.5906E+12,4.1681E-07
20223,1.5906E+12,4.16815E-07
20224,1.5905E+12,4.16815E-07
20225,1.5905E+12,4.16815E-07
20226,1.5905E+12,4.16815E-07
20227,1.5905E+12,4.16815E-07
20228,1.5905E+12,4.16815E-07
20229,1.5904E+12,4.1682E-07
20230,1.5904E+12,4.1682E-07
20231,1.5904E+12,4.1682E-07
20232,1.5904E+12,4.1682E-07
20233,1.5904E+12,4.1682E-07
20234,1.5903E+12,4.1682E-07
20235,1.5903E+12,4.1682E-07
20236,1.5903E+12,4.16825E-07
20237,1.5903E+12,4.16825E-07
20238,1.5903E+12,4.16825E-07
20239,1.5902E+12,4.16825E-07
20240,1.5902E+12,4.16825E-07
20241,1.5902E+12,4.16825E-07
20242,1.5902E+12,4.1683E-07
20243,1.5902E+12,4.1683E-07
20244,1.5901E+12,4.1683E-07
20245,1.5901E+12,4.1683E-07
20246,1.5901E+12,4.1683E-07
20247,1.5901E+12,4.1683E-07
20248,1.5901E+12,4.1683E-07
20249,1.59E+12,4.16835E-07
20250,1.59E+12,4.16835E-07
20251,1.59E+12,4.16835E-07
20252,1.59E+12,4.16835E-07
20253,1.59E+12,4.16835E-07
20254,1.5899E+12,4.16835E-07
20255,1.5899E+12,4.1684E-07
20256,1.5899E+12,4.1684E-07
20257,1.5899E+12,4.1684E-07
20258,1.5899E+12,4.1684E-07
20259,1.5898E+12,4.1684E-07
20260,1.5898E+12,4.1684E-07
20261,1.5898E+12,4.1684E-07
20262,1.5898E+12,4.16845E-07
20263,1.5898E+12,4.16845E-07
20264,1.5897E+12,4.16845E-07
20265,1.5897E+12,4.16845E-07
20266,1.5897E+12,4.16845E-07
20267,1.5897E+12,4.16845E-07
20268,1.5897E+12,4.1685E-07
20269,1.5896E+12,4.1685E-07
20270,1.5896E+12,4.1685E-07
20271,1.5896E+12,4.1685E-07
20272,1.5896E+12,4.1685E-07
20273,1.5896E+12,4.1685E-07
20274,1.5895E+12,4.16855E-07
20275,1.5895E+12,4.16855E-07
20276,1.5895E+12,4.16855E-07
20277,1.5895E+12,4.16855E-07
20278,1.5895E+12,4.16855E-07
20279,1.5894E+12,4.16855E-07
20280,1.5894E+12,4.16855E-07
20281,1.5894E+12,4.1686E-07
20282,1.5894E+12,4.1686E-07
20283,1.5893E+12,4.1686E-07
20284,1.5893E+12,4.1686E-07
20285,1.5893E+12,4.1686E-07
20286,1.5893E+12,4.1686E-07
20287,1.5893E+12,4.16865E-07
20288,1.5892E+12,4.16865E-07
20289,1.5892E+12,4.16865E-07
20290,1.5892E+12,4.16865E-07
20291,1.5892E+12,4.16865E-07
20292,1.5892E+12,4.16865E-07
20293,1.5891E+12,4.16865E-07
20294,1.5891E+12,4.1687E-07
20295,1.5891E+12,4.1687E-07
20296,1.5891E+12,4.1687E-07
20297,1.5891E+12,4.1687E-07
20298,1.589E+12,4.1687E-07
20299,1.589E+12,4.1687E-07
20300,1.589E+12,4.16875E-07
20301,1.589E+12,4.16875E-07
20302,1.589E+12,4.16875E-07
20303,1.5889E+12,4.16875E-07
20304,1.5889E+12,4.16875E-07
20305,1.5889E+12,4.16875E-07
20306,1.5889E+12,4.16875E-07
20307,1.5889E+12,4.1688E-07
20308,1.5888E+12,4.1688E-07
20309,1.5888E+12,4.1688E-07
20310,1.5888E+12,4.1688E-07
20311,1.5888E+12,4.1688E-07
20312,1.5888E+12,4.1688E-07
20313,1.5887E+12,4.16885E-07
20314,1.5887E+12,4.16885E-07
20315,1.5887E+12,4.16885E-07
20316,1.5887E+12,4.16885E-07
20317,1.5887E+12,4.16885E-07
20318,1.5886E+12,4.16885E-07
20319,1.5886E+12,4.16885E-07
20320,1.5886E+12,4.1689E-07
20321,1.5886E+12,4.1689E-07
20322,1.5886E+12,4.1689E-07
20323,1.5885E+12,4.1689E-07
20324,1.5885E+12,4.1689E-07
20325,1.5885E+12,4.1689E-07
20326,1.5885E+12,4.16895E-07
20327,1.5885E+12,4.16895E-07
20328,1.5884E+12,4.16895E-07
20329,1.5884E+12,4.16895E-07
20330,1.5884E+12,4.16895E-07
20331,1.5884E+12,4.16895E-07
20332,1.5884E+12,4.16895E-07
20333,1.5883E+12,4.169E-07
20334,1.5883E+12,4.169E-07
20335,1.5883E+12,4.169E-07
20336,1.5883E+12,4.169E-07
20337,1.5883E+12,4.169E-07
20338,1.5882E+12,4.169E-07
20339,1.5882E+12,4.16905E-07
20340,1.5882E+12,4.16905E-07
20341,1.5882E+12,4.16905E-07
20342,1.5882E+12,4.16905E-07
20343,1.5881E+12,4.16905E-07
20344,1.5881E+12,4.16905E-07
20345,1.5881E+12,4.16905E-07
20346,1.5881E+12,4.1691E-07
20347,1.5881E+12,4.1691E-07
20348,1.588E+12,4.1691E-07
20349,1.588E+12,4.1691E-07
20350,1.588E+12,4.1691E-07
20351,1.588E+12,4.1691E-07
20352,1.588E+12,4.16915E-07
20353,1.5879E+12,4.16915E-07
20354,1.5879E+12,4.16915E-07
20355,1.5879E+12,4.16915E-07
20356,1.5879E+12,4.16915E-07
20357,1.5879E+12,4.16915E-07
20358,1.5878E+12,4.16915E-07
20359,1.5878E+12,4.1692E-07
20360,1.5878E+12,4.1692E-07
20361,1.5878E+12,4.1692E-07
20362,1.5877E+12,4.1692E-07
20363,1.5877E+12,4.1692E-07
20364,1.5877E+12,4.1692E-07
20365,1.5877E+12,4.16925E-07
20366,1.5877E+12,4.16925E-07
20367,1.5876E+12,4.16925E-07
20368,1.5876E+12,4.16925E-07
20369,1.5876E+12,4.16925E-07
20370,1.5876E+12,4.16925E-07
20371,1.5876E+12,4.16925E-07
20372,1.5875E+12,4.1693E-07
20373,1.5875E+12,4.1693E-07
20374,1.5875E+12,4.1693E-07
20375,1.5875E+12,4.1693E-07
20376,1.5875E+12,4.1693E-07
20377,1.5874E+12,4.1693E-07
20378,1.5874E+12,4.16935E-07
20379,1.5874E+12,4.16935E-07
20380,1.5874E+12,4.16935E-07
20381,1.5874E+12,4.16935E-07
20382,1.5873E+12,4.16935E-07
20383,1.5873E+12,4.16935E-07
20384,1.5873E+12,4.16935E-07
20385,1.5873E+12,4.1694E-07
20386,1.5873E+12,4.1694E-07
20387,1.5872E+12,4.1694E-07
20388,1.5872E+12,4.1694E-07
20389,1.5872E+12,4.1694E-07
20390,1.5872E+12,4.1694E-07
20391,1.5872E+12,4.16945E-07
20392,1.5871E+12,4.16945E-07
20393,1.5871E+12,4.16945E-07
20394,1.5871E+12,4.16945E-07
20395,1.5871E+12,4.16945E-07
20396,1.5871E+12,4.16945E-07
20397,1.587E+12,4.16945E-07
20398,1.587E+12,4.1695E-07
20399,1.587E+12,4.1695E-07
20400,1.587E+12,4.1695E-07
20401,1.587E+12,4.1695E-07
20402,1.5869E+12,4.1695E-07
20403,1.5869E+12,4.1695E-07
20404,1.5869E+12,4.16955E-07
20405,1.5869E+12,4.16955E-07
20406,1.5869E+12,4.16955E-07
20407,1.5868E+12,4.16955E-07
20408,1.5868E+12,4.16955E-07
20409,1.5868E+12,4.16955E-07
20410,1.5868E+12,4.16955E-07
20411,1.5868E+12,4.1696E-07
20412,1.5867E+12,4.1696E-07
20413,1.5867E+12,4.1696E-07
20414,1.5867E+12,4.1696E-07
20415,1.5867E+12,4.1696E-07
20416,1.5867E+12,4.1696E-07
20417,1.5866E+12,4.16965E-07
20418,1.5866E+12,4.16965E-07
20419,1.5866E+12,4.16965E-07
20420,1.5866E+12,4.16965E-07
20421,1.5866E+12,4.16965E-07
20422,1.5865E+12,4.16965E-07
20423,1.5865E+12,4.16965E-07
20424,1.5865E+12,4.1697E-07
20425,1.5865E+12,4.1697E-07
20426,1.5865E+12,4.1697E-07
20427,1.5864E+12,4.1697E-07
20428,1.5864E+12,4.1697E-07
20429,1.5864E+12,4.1697E-07
20430,1.5864E+12,4.16975E-07
20431,1.5864E+12,4.16975E-07
20432,1.5863E+12,4.16975E-07
20433,1.5863E+12,4.16975E-07
20434,1.5863E+12,4.16975E-07
20435,1.5863E+12,4.16975E-07
20436,1.5863E+12,4.16975E-07
20437,1.5862E+12,4.1698E-07
20438,1.5862E+12,4.1698E-07
20439,1.5862E+12,4.1698E-07
20440,1.5862E+12,4.1698E-07
20441,1.5862E+12,4.1698E-07
20442,1.5861E+12,4.1698E-07
20443,1.5861E+12,4.16985E-07
20444,1.5861E+12,4.16985E-07
20445,1.5861E+12,4.16985E-07
20446,1.5861E+12,4.16985E-07
20447,1.586E+12,4.16985E-07
20448,1.586E+12,4.16985E-07
20449,1.586E+12,4.16985E-07
20450,1.586E+12,4.1699E-07
20451,1.586E+12,4.1699E-07
20452,1.5859E+12,4.1699E-07
20453,1.5859E+12,4.1699E-07
20454,1.5859E+12,4.1699E-07
20455,1.5859E+12,4.1699E-07
20456,1.5859E+12,4.16995E-07
20457,1.5858E+12,4.16995E-07
20458,1.5858E+12,4.16995E-07
20459,1.5858E+12,4.16995E-07
20460,1.5858E+12,4.16995E-07
20461,1.5858E+12,4.16995E-07
20462,1.5857E+12,4.16995E-07
20463,1.5857E+12,0.000000417
20464,1.5857E+12,0.000000417
20465,1.5857E+12,0.000000417
20466,1.5857E+12,0.000000417
20467,1.5856E+12,0.000000417
20468,1.5856E+12,0.000000417
20469,1.5856E+12,0.000000417
20470,1.5856E+12,4.17005E-07
20471,1.5856E+12,4.17005E-07
20472,1.5855E+12,4.17005E-07
20473,1.5855E+12,4.17005E-07
20474,1.5855E+12,4.17005E-07
20475,1.5855E+12,4.17005E-07
20476,1.5855E+12,4.1701E-07
20477,1.5854E+12,4.1701E-07
20478,1.5854E+12,4.1701E-07
20479,1.5854E+12,4.1701E-07
20480,1.5854E+12,4.1701E-07
20481,1.5854E+12,4.1701E-07
20482,1.5853E+12,4.1701E-07
20483,1.5853E+12,4.17015E-07
20484,1.5853E+12,4.17015E-07
20485,1.5853E+12,4.17015E-07
20486,1.5853E+12,4.17015E-07
20487,1.5852E+12,4.17015E-07
20488,1.5852E+12,4.17015E-07
20489,1.5852E+12,4.1702E-07
20490,1.5852E+12,4.1702E-07
20491,1.5852E+12,4.1702E-07
20492,1.5851E+12,4.1702E-07
20493,1.5851E+12,4.1702E-07
20494,1.5851E+12,4.1702E-07
20495,1.5851E+12,4.1702E-07
20496,1.5851E+12,4.17025E-07
20497,1.585E+12,4.17025E-07
20498,1.585E+12,4.17025E-07
20499,1.585E+12,4.17025E-07
20500,1.585E+12,4.17025E-07
20501,1.585E+12,4.17025E-07
20502,1.5849E+12,4.1703E-07
20503,1.5849E+12,4.1703E-07
20504,1.5849E+12,4.1703E-07
20505,1.5849E+12,4.1703E-07
20506,1.5849E+12,4.1703E-07
20507,1.5848E+12,4.1703E-07
20508,1.5848E+12,4.1703E-07
20509,1.5848E+12,4.17035E-07
20510,1.5848E+12,4.17035E-07
20511,1.5848E+12,4.17035E-07
20512,1.5847E+12,4.17035E-07
20513,1.5847E+12,4.17035E-07
20514,1.5847E+12,4.17035E-07
20515,1.5847E+12,4.1704E-07
20516,1.5847E+12,4.1704E-07
20517,1.5846E+12,4.1704E-07
20518,1.5846E+12,4.1704E-07
20519,1.5846E+12,4.1704E-07
20520,1.5846E+12,4.1704E-07
20521,1.5846E+12,4.1704E-07
20522,1.5845E+12,4.17045E-07
20523,1.5845E+12,4.17045E-07
20524,1.5845E+12,4.17045E-07
20525,1.5845E+12,4.17045E-07
20526,1.5845E+12,4.17045E-07
20527,1.5844E+12,4.17045E-07
20528,1.5844E+12,4.1705E-07
20529,1.5844E+12,4.1705E-07
20530,1.5844E+12,4.1705E-07
20531,1.5844E+12,4.1705E-07
20532,1.5843E+12,4.1705E-07
20533,1.5843E+12,4.1705E-07
20534,1.5843E+12,4.1705E-07
20535,1.5843E+12,4.17055E-07
20536,1.5843E+12,4.17055E-07
20537,1.5842E+12,4.17055E-07
20538,1.5842E+12,4.17055E-07
20539,1.5842E+12,4.17055E-07
20540,1.5842E+12,4.17055E-07
20541,1.5842E+12,4.17055E-07
20542,1.5841E+12,4.1706E-07
20543,1.5841E+12,4.1706E-07
20544,1.5841E+12,4.1706E-07
20545,1.5841E+12,4.1706E-07
20546,1.5841E+12,4.1706E-07
20547,1.584E+12,4.1706E-07
20548,1.584E+12,4.17065E-07
20549,1.584E+12,4.17065E-07
20550,1.584E+12,4.17065E-07
20551,1.584E+12,4.17065E-07
20552,1.5839E+12,4.17065E-07
20553,1.5839E+12,4.17065E-07
20554,1.5839E+12,4.17065E-07
20555,1.5839E+12,4.1707E-07
20556,1.5839E+12,4.1707E-07
20557,1.5838E+12,4.1707E-07
20558,1.5838E+12,4.1707E-07
20559,1.5838E+12,4.1707E-07
20560,1.5838E+12,4.1707E-07
20561,1.5838E+12,4.17075E-07
20562,1.5837E+12,4.17075E-07
20563,1.5837E+12,4.17075E-07
20564,1.5837E+12,4.17075E-07
20565,1.5837E+12,4.17075E-07
20566,1.5837E+12,4.17075E-07
20567,1.5836E+12,4.17075E-07
20568,1.5836E+12,4.1708E-07
20569,1.5836E+12,4.1708E-07
20570,1.5836E+12,4.1708E-07
20571,1.5836E+12,4.1708E-07
20572,1.5835E+12,4.1708E-07
20573,1.5835E+12,4.1708E-07
20574,1.5835E+12,4.17085E-07
20575,1.5835E+12,4.17085E-07
20576,1.5835E+12,4.17085E-07
20577,1.5834E+12,4.17085E-07
20578,1.5834E+12,4.17085E-07
20579,1.5834E+12,4.17085E-07
20580,1.5834E+12,4.17085E-07
20581,1.5834E+12,4.1709E-07
20582,1.5833E+12,4.1709E-07
20583,1.5833E+12,4.1709E-07
20584,1.5833E+12,4.1709E-07
20585,1.5833E+12,4.1709E-07
20586,1.5833E+12,4.1709E-07
20587,1.5832E+12,4.17095E-07
20588,1.5832E+12,4.17095E-07
20589,1.5832E+12,4.17095E-07
20590,1.5832E+12,4.17095E-07
20591,1.5832E+12,4.17095E-07
20592,1.5831E+12,4.17095E-07
20593,1.5831E+12,4.17095E-07
20594,1.5831E+12,4.171E-07
20595,1.5831E+12,4.171E-07
20596,1.5831E+12,4.171E-07
20597,1.583E+12,4.171E-07
20598,1.583E+12,4.171E-07
20599,1.583E+12,4.171E-07
20600,1.583E+12,4.171E-07
20601,1.583E+12,4.17105E-07
20602,1.5829E+12,4.17105E-07
20603,1.5829E+12,4.17105E-07
20604,1.5829E+12,4.17105E-07
20605,1.5829E+12,4.17105E-07
20606,1.5829E+12,4.17105E-07
20607,1.5828E+12,4.1711E-07
20608,1.5828E+12,4.1711E-07
20609,1.5828E+12,4.1711E-07
20610,1.5828E+12,4.1711E-07
20611,1.5828E+12,4.1711E-07
20612,1.5827E+12,4.1711E-07
20613,1.5827E+12,4.1711E-07
20614,1.5827E+12,4.17115E-07
20615,1.5827E+12,4.17115E-07
20616,1.5827E+12,4.17115E-07
20617,1.5826E+12,4.17115E-07
20618,1.5826E+12,4.17115E-07
20619,1.5826E+12,4.17115E-07
20620,1.5826E+12,4.1712E-07
20621,1.5826E+12,4.1712E-07
20622,1.5825E+12,4.1712E-07
20623,1.5825E+12,4.1712E-07
20624,1.5825E+12,4.1712E-07
20625,1.5825E+12,4.1712E-07
20626,1.5825E+12,4.1712E-07
20627,1.5824E+12,4.17125E-07
20628,1.5824E+12,4.17125E-07
20629,1.5824E+12,4.17125E-07
20630,1.5824E+12,4.17125E-07
20631,1.5824E+12,4.17125E-07
20632,1.5823E+12,4.17125E-07
20633,1.5823E+12,4.17125E-07
20634,1.5823E+12,4.1713E-07
20635,1.5823E+12,4.1713E-07
20636,1.5823E+12,4.1713E-07
20637,1.5822E+12,4.1713E-07
20638,1.5822E+12,4.1713E-07
20639,1.5822E+12,4.1713E-07
20640,1.5822E+12,4.17135E-07
20641,1.5822E+12,4.17135E-07
20642,1.5821E+12,4.17135E-07
20643,1.5821E+12,4.17135E-07
20644,1.5821E+12,4.17135E-07
20645,1.5821E+12,4.17135E-07
20646,1.5821E+12,4.17135E-07
20647,1.582E+12,4.1714E-07
20648,1.582E+12,4.1714E-07
20649,1.582E+12,4.1714E-07
20650,1.582E+12,4.1714E-07
20651,1.582E+12,4.1714E-07
20652,1.5819E+12,4.1714E-07
20653,1.5819E+12,4.17145E-07
20654,1.5819E+12,4.17145E-07
20655,1.5819E+12,4.17145E-07
20656,1.5819E+12,4.17145E-07
20657,1.5818E+12,4.17145E-07
20658,1.5818E+12,4.17145E-07
20659,1.5818E+12,4.17145E-07
20660,1.5818E+12,4.1715E-07
20661,1.5818E+12,4.1715E-07
20662,1.5817E+12,4.1715E-07
20663,1.5817E+12,4.1715E-07
20664,1.5817E+12,4.1715E-07
20665,1.5817E+12,4.1715E-07
20666,1.5817E+12,4.1715E-07
20667,1.5816E+12,4.17155E-07
20668,1.5816E+12,4.17155E-07
20669,1.5816E+12,4.17155E-07
20670,1.5816E+12,4.17155E-07
20671,1.5816E+12,4.17155E-07
20672,1.5816E+12,4.17155E-07
20673,1.5815E+12,4.1716E-07
20674,1.5815E+12,4.1716E-07
20675,1.5815E+12,4.1716E-07
20676,1.5815E+12,4.1716E-07
20677,1.5815E+12,4.1716E-07
20678,1.5814E+12,4.1716E-07
20679,1.5814E+12,4.1716E-07
20680,1.5814E+12,4.17165E-07
20681,1.5814E+12,4.17165E-07
20682,1.5814E+12,4.17165E-07
20683,1.5813E+12,4.17165E-07
20684,1.5813E+12,4.17165E-07
20685,1.5813E+12,4.17165E-07
20686,1.5813E+12,4.1717E-07
20687,1.5813E+12,4.1717E-07
20688,1.5812E+12,4.1717E-07
20689,1.5812E+12,4.1717E-07
20690,1.5812E+12,4.1717E-07
20691,1.5812E+12,4.1717E-07
20692,1.5812E+12,4.1717E-07
20693,1.5811E+12,4.17175E-07
20694,1.5811E+12,4.17175E-07
20695,1.5811E+12,4.17175E-07
20696,1.5811E+12,4.17175E-07
20697,1.5811E+12,4.17175E-07
20698,1.581E+12,4.17175E-07
20699,1.581E+12,4.17175E-07
20700,1.581E+12,4.1718E-07
20701,1.581E+12,4.1718E-07
20702,1.581E+12,4.1718E-07
20703,1.5809E+12,4.1718E-07
20704,1.5809E+12,4.1718E-07
20705,1.5809E+12,4.1718E-07
20706,1.5809E+12,4.17185E-07
20707,1.5809E+12,4.17185E-07
20708,1.5808E+12,4.17185E-07
20709,1.5808E+12,4.17185E-07
20710,1.5808E+12,4.17185E-07
20711,1.5808E+12,4.17185E-07
20712,1.5808E+12,4.17185E-07
20713,1.5807E+12,4.1719E-07
20714,1.5807E+12,4.1719E-07
20715,1.5807E+12,4.1719E-07
20716,1.5807E+12,4.1719E-07
20717,1.5807E+12,4.1719E-07
20718,1.5806E+12,4.1719E-07
20719,1.5806E+12,4.17195E-07
20720,1.5806E+12,4.17195E-07
20721,1.5806E+12,4.17195E-07
20722,1.5806E+12,4.17195E-07
20723,1.5805E+12,4.17195E-07
20724,1.5805E+12,4.17195E-07
20725,1.5805E+12,4.17195E-07
20726,1.5805E+12,4.172E-07
20727,1.5805E+12,4.172E-07
20728,1.5804E+12,4.172E-07
20729,1.5804E+12,4.172E-07
20730,1.5804E+12,4.172E-07
20731,1.5804E+12,4.172E-07
20732,1.5804E+12,4.172E-07
20733,1.5803E+12,4.17205E-07
20734,1.5803E+12,4.17205E-07
20735,1.5803E+12,4.17205E-07
20736,1.5803E+12,4.17205E-07
20737,1.5803E+12,4.17205E-07
20738,1.5802E+12,4.17205E-07
20739,1.5802E+12,4.1721E-07
20740,1.5802E+12,4.1721E-07
20741,1.5802E+12,4.1721E-07
20742,1.5802E+12,4.1721E-07
20743,1.5801E+12,4.1721E-07
20744,1.5801E+12,4.1721E-07
20745,1.5801E+12,4.1721E-07
20746,1.5801E+12,4.17215E-07
20747,1.5801E+12,4.17215E-07
20748,1.58E+12,4.17215E-07
20749,1.58E+12,4.17215E-07
20750,1.58E+12,4.17215E-07
20751,1.58E+12,4.17215E-07
20752,1.58E+12,4.17215E-07
20753,1.58E+12,4.1722E-07
20754,1.5799E+12,4.1722E-07
20755,1.5799E+12,4.1722E-07
20756,1.5799E+12,4.1722E-07
20757,1.5799E+12,4.1722E-07
20758,1.5799E+12,4.1722E-07
20759,1.5798E+12,4.17225E-07
20760,1.5798E+12,4.17225E-07
20761,1.5798E+12,4.17225E-07
20762,1.5798E+12,4.17225E-07
20763,1.5798E+12,4.17225E-07
20764,1.5797E+12,4.17225E-07
20765,1.5797E+12,4.17225E-07
20766,1.5797E+12,4.1723E-07
20767,1.5797E+12,4.1723E-07
20768,1.5797E+12,4.1723E-07
20769,1.5796E+12,4.1723E-07
20770,1.5796E+12,4.1723E-07
20771,1.5796E+12,4.1723E-07
20772,1.5796E+12,4.17235E-07
20773,1.5796E+12,4.17235E-07
20774,1.5795E+12,4.17235E-07
20775,1.5795E+12,4.17235E-07
20776,1.5795E+12,4.17235E-07
20777,1.5795E+12,4.17235E-07
20778,1.5795E+12,4.17235E-07
20779,1.5794E+12,4.1724E-07
20780,1.5794E+12,4.1724E-07
20781,1.5794E+12,4.1724E-07
20782,1.5794E+12,4.1724E-07
20783,1.5794E+12,4.1724E-07
20784,1.5793E+12,4.1724E-07
20785,1.5793E+12,4.1724E-07
20786,1.5793E+12,4.17245E-07
20787,1.5793E+12,4.17245E-07
20788,1.5793E+12,4.17245E-07
20789,1.5792E+12,4.17245E-07
20790,1.5792E+12,4.17245E-07
20791,1.5792E+12,4.17245E-07
20792,1.5792E+12,4.1725E-07
20793,1.5792E+12,4.1725E-07
20794,1.5791E+12,4.1725E-07
20795,1.5791E+12,4.1725E-07
20796,1.5791E+12,4.1725E-07
20797,1.5791E+12,4.1725E-07
20798,1.5791E+12,4.1725E-07
20799,1.579E+12,4.17255E-07
20800,1.579E+12,4.17255E-07
20801,1.579E+12,4.17255E-07
20802,1.579E+12,4.17255E-07
20803,1.579E+12,4.17255E-07
20804,1.5789E+12,4.17255E-07
20805,1.5789E+12,4.17255E-07
20806,1.5789E+12,4.1726E-07
20807,1.5789E+12,4.1726E-07
20808,1.5789E+12,4.1726E-07
20809,1.5788E+12,4.1726E-07
20810,1.5788E+12,4.1726E-07
20811,1.5788E+12,4.1726E-07
20812,1.5788E+12,4.17265E-07
20813,1.5788E+12,4.17265E-07
20814,1.5788E+12,4.17265E-07
20815,1.5787E+12,4.17265E-07
20816,1.5787E+12,4.17265E-07
20817,1.5787E+12,4.17265E-07
20818,1.5787E+12,4.17265E-07
20819,1.5787E+12,4.1727E-07
20820,1.5786E+12,4.1727E-07
20821,1.5786E+12,4.1727E-07
20822,1.5786E+12,4.1727E-07
20823,1.5786E+12,4.1727E-07
20824,1.5786E+12,4.1727E-07
20825,1.5785E+12,4.1727E-07
20826,1.5785E+12,4.17275E-07
20827,1.5785E+12,4.17275E-07
20828,1.5785E+12,4.17275E-07
20829,1.5785E+12,4.17275E-07
20830,1.5784E+12,4.17275E-07
20831,1.5784E+12,4.17275E-07
20832,1.5784E+12,4.1728E-07
20833,1.5784E+12,4.1728E-07
20834,1.5784E+12,4.1728E-07
20835,1.5783E+12,4.1728E-07
20836,1.5783E+12,4.1728E-07
20837,1.5783E+12,4.1728E-07
20838,1.5783E+12,4.1728E-07
20839,1.5783E+12,4.17285E-07
20840,1.5782E+12,4.17285E-07
20841,1.5782E+12,4.17285E-07
20842,1.5782E+12,4.17285E-07
20843,1.5782E+12,4.17285E-07
20844,1.5782E+12,4.17285E-07
20845,1.5781E+12,4.17285E-07
20846,1.5781E+12,4.1729E-07
20847,1.5781E+12,4.1729E-07
20848,1.5781E+12,4.1729E-07
20849,1.5781E+12,4.1729E-07
20850,1.578E+12,4.1729E-07
20851,1.578E+12,4.1729E-07
20852,1.578E+12,4.17295E-07
20853,1.578E+12,4.17295E-07
20854,1.578E+12,4.17295E-07
20855,1.5779E+12,4.17295E-07
20856,1.5779E+12,4.17295E-07
20857,1.5779E+12,4.17295E-07
20858,1.5779E+12,4.17295E-07
20859,1.5779E+12,4.173E-07
20860,1.5778E+12,4.173E-07
20861,1.5778E+12,4.173E-07
20862,1.5778E+12,4.173E-07
20863,1.5778E+12,4.173E-07
20864,1.5778E+12,4.173E-07
20865,1.5778E+12,4.173E-07
20866,1.5777E+12,4.17305E-07
20867,1.5777E+12,4.17305E-07
20868,1.5777E+12,4.17305E-07
20869,1.5777E+12,4.17305E-07
20870,1.5777E+12,4.17305E-07
20871,1.5776E+12,4.17305E-07
20872,1.5776E+12,4.1731E-07
20873,1.5776E+12,4.1731E-07
20874,1.5776E+12,4.1731E-07
20875,1.5776E+12,4.1731E-07
20876,1.5775E+12,4.1731E-07
20877,1.5775E+12,4.1731E-07
20878,1.5775E+12,4.1731E-07
20879,1.5775E+12,4.17315E-07
20880,1.5775E+12,4.17315E-07
20881,1.5774E+12,4.17315E-07
20882,1.5774E+12,4.17315E-07
20883,1.5774E+12,4.17315E-07
20884,1.5774E+12,4.17315E-07
20885,1.5774E+12,4.17315E-07
20886,1.5773E+12,4.1732E-07
20887,1.5773E+12,4.1732E-07
20888,1.5773E+12,4.1732E-07
20889,1.5773E+12,4.1732E-07
20890,1.5773E+12,4.1732E-07
20891,1.5772E+12,4.1732E-07
20892,1.5772E+12,4.17325E-07
20893,1.5772E+12,4.17325E-07
20894,1.5772E+12,4.17325E-07
20895,1.5772E+12,4.17325E-07
20896,1.5771E+12,4.17325E-07
20897,1.5771E+12,4.17325E-07
20898,1.5771E+12,4.17325E-07
20899,1.5771E+12,4.1733E-07
20900,1.5771E+12,4.1733E-07
20901,1.577E+12,4.1733E-07
20902,1.577E+12,4.1733E-07
20903,1.577E+12,4.1733E-07
20904,1.577E+12,4.1733E-07
20905,1.577E+12,4.1733E-07
20906,1.577E+12,4.17335E-07
20907,1.5769E+12,4.17335E-07
20908,1.5769E+12,4.17335E-07
20909,1.5769E+12,4.17335E-07
20910,1.5769E+12,4.17335E-07
20911,1.5769E+12,4.17335E-07
20912,1.5768E+12,4.1734E-07
20913,1.5768E+12,4.1734E-07
20914,1.5768E+12,4.1734E-07
20915,1.5768E+12,4.1734E-07
20916,1.5768E+12,4.1734E-07
20917,1.5767E+12,4.1734E-07
20918,1.5767E+12,4.1734E-07
20919,1.5767E+12,4.17345E-07
20920,1.5767E+12,4.17345E-07
20921,1.5767E+12,4.17345E-07
20922,1.5766E+12,4.17345E-07
20923,1.5766E+12,4.17345E-07
20924,1.5766E+12,4.17345E-07
20925,1.5766E+12,4.17345E-07
20926,1.5766E+12,4.1735E-07
20927,1.5765E+12,4.1735E-07
20928,1.5765E+12,4.1735E-07
20929,1.5765E+12,4.1735E-07
20930,1.5765E+12,4.1735E-07
20931,1.5765E+12,4.1735E-07
20932,1.5764E+12,4.17355E-07
20933,1.5764E+12,4.17355E-07
20934,1.5764E+12,4.17355E-07
20935,1.5764E+12,4.17355E-07
20936,1.5764E+12,4.17355E-07
20937,1.5763E+12,4.17355E-07
20938,1.5763E+12,4.17355E-07
20939,1.5763E+12,4.1736E-07
20940,1.5763E+12,4.1736E-07
20941,1.5763E+12,4.1736E-07
20942,1.5762E+12,4.1736E-07
20943,1.5762E+12,4.1736E-07
20944,1.5762E+12,4.1736E-07
20945,1.5762E+12,4.1736E-07
20946,1.5762E+12,4.17365E-07
20947,1.5762E+12,4.17365E-07
20948,1.5761E+12,4.17365E-07
20949,1.5761E+12,4.17365E-07
20950,1.5761E+12,4.17365E-07
20951,1.5761E+12,4.17365E-07
20952,1.5761E+12,4.17365E-07
20953,1.576E+12,4.1737E-07
20954,1.576E+12,4.1737E-07
20955,1.576E+12,4.1737E-07
20956,1.576E+12,4.1737E-07
20957,1.576E+12,4.1737E-07
20958,1.5759E+12,4.1737E-07
20959,1.5759E+12,4.17375E-07
20960,1.5759E+12,4.17375E-07
20961,1.5759E+12,4.17375E-07
20962,1.5759E+12,4.17375E-07
20963,1.5758E+12,4.17375E-07
20964,1.5758E+12,4.17375E-07
20965,1.5758E+12,4.17375E-07
20966,1.5758E+12,4.1738E-07
20967,1.5758E+12,4.1738E-07
20968,1.5757E+12,4.1738E-07
20969,1.5757E+12,4.1738E-07
20970,1.5757E+12,4.1738E-07
20971,1.5757E+12,4.1738E-07
20972,1.5757E+12,4.1738E-07
20973,1.5756E+12,4.17385E-07
20974,1.5756E+12,4.17385E-07
20975,1.5756E+12,4.17385E-07
20976,1.5756E+12,4.17385E-07
20977,1.5756E+12,4.17385E-07
20978,1.5755E+12,4.17385E-07
20979,1.5755E+12,4.1739E-07
20980,1.5755E+12,4.1739E-07
20981,1.5755E+12,4.1739E-07
20982,1.5755E+12,4.1739E-07
20983,1.5755E+12,4.1739E-07
20984,1.5754E+12,4.1739E-07
20985,1.5754E+12,4.1739E-07
20986,1.5754E+12,4.17395E-07
20987,1.5754E+12,4.17395E-07
20988,1.5754E+12,4.17395E-07
20989,1.5753E+12,4.17395E-07
20990,1.5753E+12,4.17395E-07
20991,1.5753E+12,4.17395E-07
20992,1.5753E+12,4.17395E-07
20993,1.5753E+12,4.174E-07
20994,1.5752E+12,4.174E-07
20995,1.5752E+12,4.174E-07
20996,1.5752E+12,4.174E-07
20997,1.5752E+12,4.174E-07
20998,1.5752E+12,4.174E-07
20999,1.5751E+12,4.17405E-07
21000,1.5751E+12,4.17405E-07
21001,1.5751E+12,4.17405E-07
21002,1.5751E+12,4.17405E-07
21003,1.5751E+12,4.17405E-07
21004,1.575E+12,4.17405E-07
21005,1.575E+12,4.17405E-07
21006,1.575E+12,4.1741E-07
21007,1.575E+12,4.1741E-07
21008,1.575E+12,4.1741E-07
21009,1.5749E+12,4.1741E-07
21010,1.5749E+12,4.1741E-07
21011,1.5749E+12,4.1741E-07
21012,1.5749E+12,4.1741E-07
21013,1.5749E+12,4.17415E-07
21014,1.5748E+12,4.17415E-07
21015,1.5748E+12,4.17415E-07
21016,1.5748E+12,4.17415E-07
21017,1.5748E+12,4.17415E-07
21018,1.5748E+12,4.17415E-07
21019,1.5748E+12,4.17415E-07
21020,1.5747E+12,4.1742E-07
21021,1.5747E+12,4.1742E-07
21022,1.5747E+12,4.1742E-07
21023,1.5747E+12,4.1742E-07
21024,1.5747E+12,4.1742E-07
21025,1.5746E+12,4.1742E-07
21026,1.5746E+12,4.17425E-07
21027,1.5746E+12,4.17425E-07
21028,1.5746E+12,4.17425E-07
21029,1.5746E+12,4.17425E-07
21030,1.5745E+12,4.17425E-07
21031,1.5745E+12,4.17425E-07
21032,1.5745E+12,4.17425E-07
21033,1.5745E+12,4.1743E-07
21034,1.5745E+12,4.1743E-07
21035,1.5744E+12,4.1743E-07
21036,1.5744E+12,4.1743E-07
21037,1.5744E+12,4.1743E-07
21038,1.5744E+12,4.1743E-07
21039,1.5744E+12,4.1743E-07
21040,1.5743E+12,4.17435E-07
21041,1.5743E+12,4.17435E-07
21042,1.5743E+12,4.17435E-07
21043,1.5743E+12,4.17435E-07
21044,1.5743E+12,4.17435E-07
21045,1.5742E+12,4.17435E-07
21046,1.5742E+12,4.17435E-07
21047,1.5742E+12,4.1744E-07
21048,1.5742E+12,4.1744E-07
21049,1.5742E+12,4.1744E-07
21050,1.5742E+12,4.1744E-07
21051,1.5741E+12,4.1744E-07
21052,1.5741E+12,4.1744E-07
21053,1.5741E+12,4.17445E-07
21054,1.5741E+12,4.17445E-07
21055,1.5741E+12,4.17445E-07
21056,1.574E+12,4.17445E-07
21057,1.574E+12,4.17445E-07
21058,1.574E+12,4.17445E-07
21059,1.574E+12,4.17445E-07
21060,1.574E+12,4.1745E-07
21061,1.5739E+12,4.1745E-07
21062,1.5739E+12,4.1745E-07
21063,1.5739E+12,4.1745E-07
21064,1.5739E+12,4.1745E-07
21065,1.5739E+12,4.1745E-07
21066,1.5738E+12,4.1745E-07
21067,1.5738E+12,4.17455E-07
21068,1.5738E+12,4.17455E-07
21069,1.5738E+12,4.17455E-07
21070,1.5738E+12,4.17455E-07
21071,1.5737E+12,4.17455E-07
21072,1.5737E+12,4.17455E-07
21073,1.5737E+12,4.1746E-07
21074,1.5737E+12,4.1746E-07
21075,1.5737E+12,4.1746E-07
21076,1.5736E+12,4.1746E-07
21077,1.5736E+12,4.1746E-07
21078,1.5736E+12,4.1746E-07
21079,1.5736E+12,4.1746E-07
21080,1.5736E+12,4.17465E-07
21081,1.5736E+12,4.17465E-07
21082,1.5735E+12,4.17465E-07
21083,1.5735E+12,4.17465E-07
21084,1.5735E+12,4.17465E-07
21085,1.5735E+12,4.17465E-07
21086,1.5735E+12,4.17465E-07
21087,1.5734E+12,4.1747E-07
21088,1.5734E+12,4.1747E-07
21089,1.5734E+12,4.1747E-07
21090,1.5734E+12,4.1747E-07
21091,1.5734E+12,4.1747E-07
21092,1.5733E+12,4.1747E-07
21093,1.5733E+12,4.1747E-07
21094,1.5733E+12,4.17475E-07
21095,1.5733E+12,4.17475E-07
21096,1.5733E+12,4.17475E-07
21097,1.5732E+12,4.17475E-07
21098,1.5732E+12,4.17475E-07
21099,1.5732E+12,4.17475E-07
21100,1.5732E+12,4.1748E-07
21101,1.5732E+12,4.1748E-07
21102,1.5731E+12,4.1748E-07
21103,1.5731E+12,4.1748E-07
21104,1.5731E+12,4.1748E-07
21105,1.5731E+12,4.1748E-07
21106,1.5731E+12,4.1748E-07
21107,1.5731E+12,4.17485E-07
21108,1.573E+12,4.17485E-07
21109,1.573E+12,4.17485E-07
21110,1.573E+12,4.17485E-07
21111,1.573E+12,4.17485E-07
21112,1.573E+12,4.17485E-07
21113,1.5729E+12,4.17485E-07
21114,1.5729E+12,4.1749E-07
21115,1.5729E+12,4.1749E-07
21116,1.5729E+12,4.1749E-07
21117,1.5729E+12,4.1749E-07
21118,1.5728E+12,4.1749E-07
21119,1.5728E+12,4.1749E-07
21120,1.5728E+12,4.1749E-07
21121,1.5728E+12,4.17495E-07
21122,1.5728E+12,4.17495E-07
21123,1.5727E+12,4.17495E-07
21124,1.5727E+12,4.17495E-07
21125,1.5727E+12,4.17495E-07
21126,1.5727E+12,4.17495E-07
21127,1.5727E+12,4.175E-07
21128,1.5726E+12,4.175E-07
21129,1.5726E+12,4.175E-07
21130,1.5726E+12,4.175E-07
21131,1.5726E+12,4.175E-07
21132,1.5726E+12,4.175E-07
21133,1.5726E+12,4.175E-07
21134,1.5725E+12,4.17505E-07
21135,1.5725E+12,4.17505E-07
21136,1.5725E+12,4.17505E-07
21137,1.5725E+12,4.17505E-07
21138,1.5725E+12,4.17505E-07
21139,1.5724E+12,4.17505E-07
21140,1.5724E+12,4.17505E-07
21141,1.5724E+12,4.1751E-07
21142,1.5724E+12,4.1751E-07
21143,1.5724E+12,4.1751E-07
21144,1.5723E+12,4.1751E-07
21145,1.5723E+12,4.1751E-07
21146,1.5723E+12,4.1751E-07
21147,1.5723E+12,4.1751E-07
21148,1.5723E+12,4.17515E-07
21149,1.5722E+12,4.17515E-07
21150,1.5722E+12,4.17515E-07
21151,1.5722E+12,4.17515E-07
21152,1.5722E+12,4.17515E-07
21153,1.5722E+12,4.17515E-07
21154,1.5721E+12,4.17515E-07
21155,1.5721E+12,4.1752E-07
21156,1.5721E+12,4.1752E-07
21157,1.5721E+12,4.1752E-07
21158,1.5721E+12,4.1752E-07
21159,1.5721E+12,4.1752E-07
21160,1.572E+12,4.1752E-07
21161,1.572E+12,4.17525E-07
21162,1.572E+12,4.17525E-07
21163,1.572E+12,4.17525E-07
21164,1.572E+12,4.17525E-07
21165,1.5719E+12,4.17525E-07
21166,1.5719E+12,4.17525E-07
21167,1.5719E+12,4.17525E-07
21168,1.5719E+12,4.1753E-07
21169,1.5719E+12,4.1753E-07
21170,1.5718E+12,4.1753E-07
21171,1.5718E+12,4.1753E-07
21172,1.5718E+12,4.1753E-07
21173,1.5718E+12,4.1753E-07
21174,1.5718E+12,4.1753E-07
21175,1.5717E+12,4.17535E-07
21176,1.5717E+12,4.17535E-07
21177,1.5717E+12,4.17535E-07
21178,1.5717E+12,4.17535E-07
21179,1.5717E+12,4.17535E-07
21180,1.5716E+12,4.17535E-07
21181,1.5716E+12,4.17535E-07
21182,1.5716E+12,4.1754E-07
21183,1.5716E+12,4.1754E-07
21184,1.5716E+12,4.1754E-07
21185,1.5716E+12,4.1754E-07
21186,1.5715E+12,4.1754E-07
21187,1.5715E+12,4.1754E-07
21188,1.5715E+12,4.17545E-07
21189,1.5715E+12,4.17545E-07
21190,1.5715E+12,4.17545E-07
21191,1.5714E+12,4.17545E-07
21192,1.5714E+12,4.17545E-07
21193,1.5714E+12,4.17545E-07
21194,1.5714E+12,4.17545E-07
21195,1.5714E+12,4.1755E-07
21196,1.5713E+12,4.1755E-07
21197,1.5713E+12,4.1755E-07
21198,1.5713E+12,4.1755E-07
21199,1.5713E+12,4.1755E-07
21200,1.5713E+12,4.1755E-07
21201,1.5712E+12,4.1755E-07
21202,1.5712E+12,4.17555E-07
21203,1.5712E+12,4.17555E-07
21204,1.5712E+12,4.17555E-07
21205,1.5712E+12,4.17555E-07
21206,1.5711E+12,4.17555E-07
21207,1.5711E+12,4.17555E-07
21208,1.5711E+12,4.17555E-07
21209,1.5711E+12,4.1756E-07
21210,1.5711E+12,4.1756E-07
21211,1.5711E+12,4.1756E-07
21212,1.571E+12,4.1756E-07
21213,1.571E+12,4.1756E-07
21214,1.571E+12,4.1756E-07
21215,1.571E+12,4.1756E-07
21216,1.571E+12,4.17565E-07
21217,1.5709E+12,4.17565E-07
21218,1.5709E+12,4.17565E-07
21219,1.5709E+12,4.17565E-07
21220,1.5709E+12,4.17565E-07
21221,1.5709E+12,4.17565E-07
21222,1.5708E+12,4.1757E-07
21223,1.5708E+12,4.1757E-07
21224,1.5708E+12,4.1757E-07
21225,1.5708E+12,4.1757E-07
21226,1.5708E+12,4.1757E-07
21227,1.5707E+12,4.1757E-07
21228,1.5707E+12,4.1757E-07
21229,1.5707E+12,4.17575E-07
21230,1.5707E+12,4.17575E-07
21231,1.5707E+12,4.17575E-07
21232,1.5707E+12,4.17575E-07
21233,1.5706E+12,4.17575E-07
21234,1.5706E+12,4.17575E-07
21235,1.5706E+12,4.17575E-07
21236,1.5706E+12,4.1758E-07
21237,1.5706E+12,4.1758E-07
21238,1.5705E+12,4.1758E-07
21239,1.5705E+12,4.1758E-07
21240,1.5705E+12,4.1758E-07
21241,1.5705E+12,4.1758E-07
21242,1.5705E+12,4.1758E-07
21243,1.5704E+12,4.17585E-07
21244,1.5704E+12,4.17585E-07
21245,1.5704E+12,4.17585E-07
21246,1.5704E+12,4.17585E-07
21247,1.5704E+12,4.17585E-07
21248,1.5703E+12,4.17585E-07
21249,1.5703E+12,4.17585E-07
21250,1.5703E+12,4.1759E-07
21251,1.5703E+12,4.1759E-07
21252,1.5703E+12,4.1759E-07
21253,1.5702E+12,4.1759E-07
21254,1.5702E+12,4.1759E-07
21255,1.5702E+12,4.1759E-07
21256,1.5702E+12,4.17595E-07
21257,1.5702E+12,4.17595E-07
21258,1.5702E+12,4.17595E-07
21259,1.5701E+12,4.17595E-07
21260,1.5701E+12,4.17595E-07
21261,1.5701E+12,4.17595E-07
21262,1.5701E+12,4.17595E-07
21263,1.5701E+12,4.176E-07
21264,1.57E+12,4.176E-07
21265,1.57E+12,4.176E-07
21266,1.57E+12,4.176E-07
21267,1.57E+12,4.176E-07
21268,1.57E+12,4.176E-07
21269,1.5699E+12,4.176E-07
21270,1.5699E+12,4.17605E-07
21271,1.5699E+12,4.17605E-07
21272,1.5699E+12,4.17605E-07
21273,1.5699E+12,4.17605E-07
21274,1.5698E+12,4.17605E-07
21275,1.5698E+12,4.17605E-07
21276,1.5698E+12,4.17605E-07
21277,1.5698E+12,4.1761E-07
21278,1.5698E+12,4.1761E-07
21279,1.5698E+12,4.1761E-07
21280,1.5697E+12,4.1761E-07
21281,1.5697E+12,4.1761E-07
21282,1.5697E+12,4.1761E-07
21283,1.5697E+12,4.1761E-07
21284,1.5697E+12,4.17615E-07
21285,1.5696E+12,4.17615E-07
21286,1.5696E+12,4.17615E-07
21287,1.5696E+12,4.17615E-07
21288,1.5696E+12,4.17615E-07
21289,1.5696E+12,4.17615E-07
21290,1.5695E+12,4.1762E-07
21291,1.5695E+12,4.1762E-07
21292,1.5695E+12,4.1762E-07
21293,1.5695E+12,4.1762E-07
21294,1.5695E+12,4.1762E-07
21295,1.5694E+12,4.1762E-07
21296,1.5694E+12,4.1762E-07
21297,1.5694E+12,4.17625E-07
21298,1.5694E+12,4.17625E-07
21299,1.5694E+12,4.17625E-07
21300,1.5694E+12,4.17625E-07
21301,1.5693E+12,4.17625E-07
21302,1.5693E+12,4.17625E-07
21303,1.5693E+12,4.17625E-07
21304,1.5693E+12,4.1763E-07
21305,1.5693E+12,4.1763E-07
21306,1.5692E+12,4.1763E-07
21307,1.5692E+12,4.1763E-07
21308,1.5692E+12,4.1763E-07
21309,1.5692E+12,4.1763E-07
21310,1.5692E+12,4.1763E-07
21311,1.5691E+12,4.17635E-07
21312,1.5691E+12,4.17635E-07
21313,1.5691E+12,4.17635E-07
21314,1.5691E+12,4.17635E-07
21315,1.5691E+12,4.17635E-07
21316,1.569E+12,4.17635E-07
21317,1.569E+12,4.17635E-07
21318,1.569E+12,4.1764E-07
21319,1.569E+12,4.1764E-07
21320,1.569E+12,4.1764E-07
21321,1.569E+12,4.1764E-07
21322,1.5689E+12,4.1764E-07
21323,1.5689E+12,4.1764E-07
21324,1.5689E+12,4.1764E-07
21325,1.5689E+12,4.17645E-07
21326,1.5689E+12,4.17645E-07
21327,1.5688E+12,4.17645E-07
21328,1.5688E+12,4.17645E-07
21329,1.5688E+12,4.17645E-07
21330,1.5688E+12,4.17645E-07
21331,1.5688E+12,4.1765E-07
21332,1.5687E+12,4.1765E-07
21333,1.5687E+12,4.1765E-07
21334,1.5687E+12,4.1765E-07
21335,1.5687E+12,4.1765E-07
21336,1.5687E+12,4.1765E-07
21337,1.5686E+12,4.1765E-07
21338,1.5686E+12,4.17655E-07
21339,1.5686E+12,4.17655E-07
21340,1.5686E+12,4.17655E-07
21341,1.5686E+12,4.17655E-07
21342,1.5686E+12,4.17655E-07
21343,1.5685E+12,4.17655E-07
21344,1.5685E+12,4.17655E-07
21345,1.5685E+12,4.1766E-07
21346,1.5685E+12,4.1766E-07
21347,1.5685E+12,4.1766E-07
21348,1.5684E+12,4.1766E-07
21349,1.5684E+12,4.1766E-07
21350,1.5684E+12,4.1766E-07
21351,1.5684E+12,4.1766E-07
21352,1.5684E+12,4.17665E-07
21353,1.5683E+12,4.17665E-07
21354,1.5683E+12,4.17665E-07
21355,1.5683E+12,4.17665E-07
21356,1.5683E+12,4.17665E-07
21357,1.5683E+12,4.17665E-07
21358,1.5682E+12,4.17665E-07
21359,1.5682E+12,4.1767E-07
21360,1.5682E+12,4.1767E-07
21361,1.5682E+12,4.1767E-07
21362,1.5682E+12,4.1767E-07
21363,1.5682E+12,4.1767E-07
21364,1.5681E+12,4.1767E-07
21365,1.5681E+12,4.1767E-07
21366,1.5681E+12,4.17675E-07
21367,1.5681E+12,4.17675E-07
21368,1.5681E+12,4.17675E-07
21369,1.568E+12,4.17675E-07
21370,1.568E+12,4.17675E-07
21371,1.568E+12,4.17675E-07
21372,1.568E+12,4.1768E-07
21373,1.568E+12,4.1768E-07
21374,1.5679E+12,4.1768E-07
21375,1.5679E+12,4.1768E-07
21376,1.5679E+12,4.1768E-07
21377,1.5679E+12,4.1768E-07
21378,1.5679E+12,4.1768E-07
21379,1.5679E+12,4.17685E-07
21380,1.5678E+12,4.17685E-07
21381,1.5678E+12,4.17685E-07
21382,1.5678E+12,4.17685E-07
21383,1.5678E+12,4.17685E-07
21384,1.5678E+12,4.17685E-07
21385,1.5677E+12,4.17685E-07
21386,1.5677E+12,4.1769E-07
21387,1.5677E+12,4.1769E-07
21388,1.5677E+12,4.1769E-07
21389,1.5677E+12,4.1769E-07
21390,1.5676E+12,4.1769E-07
21391,1.5676E+12,4.1769E-07
21392,1.5676E+12,4.1769E-07
21393,1.5676E+12,4.17695E-07
21394,1.5676E+12,4.17695E-07
21395,1.5675E+12,4.17695E-07
21396,1.5675E+12,4.17695E-07
21397,1.5675E+12,4.17695E-07
21398,1.5675E+12,4.17695E-07
21399,1.5675E+12,4.17695E-07
21400,1.5675E+12,4.177E-07
21401,1.5674E+12,4.177E-07
21402,1.5674E+12,4.177E-07
21403,1.5674E+12,4.177E-07
21404,1.5674E+12,4.177E-07
21405,1.5674E+12,4.177E-07
21406,1.5673E+12,4.177E-07
21407,1.5673E+12,4.17705E-07
21408,1.5673E+12,4.17705E-07
21409,1.5673E+12,4.17705E-07
21410,1.5673E+12,4.17705E-07
21411,1.5672E+12,4.17705E-07
21412,1.5672E+12,4.17705E-07
21413,1.5672E+12,4.1771E-07
21414,1.5672E+12,4.1771E-07
21415,1.5672E+12,4.1771E-07
21416,1.5672E+12,4.1771E-07
21417,1.5671E+12,4.1771E-07
21418,1.5671E+12,4.1771E-07
21419,1.5671E+12,4.1771E-07
21420,1.5671E+12,4.17715E-07
21421,1.5671E+12,4.17715E-07
21422,1.567E+12,4.17715E-07
21423,1.567E+12,4.17715E-07
21424,1.567E+12,4.17715E-07
21425,1.567E+12,4.17715E-07
21426,1.567E+12,4.17715E-07
21427,1.5669E+12,4.1772E-07
21428,1.5669E+12,4.1772E-07
21429,1.5669E+12,4.1772E-07
21430,1.5669E+12,4.1772E-07
21431,1.5669E+12,4.1772E-07
21432,1.5668E+12,4.1772E-07
21433,1.5668E+12,4.1772E-07
21434,1.5668E+12,4.17725E-07
21435,1.5668E+12,4.17725E-07
21436,1.5668E+12,4.17725E-07
21437,1.5668E+12,4.17725E-07
21438,1.5667E+12,4.17725E-07
21439,1.5667E+12,4.17725E-07
21440,1.5667E+12,4.17725E-07
21441,1.5667E+12,4.1773E-07
21442,1.5667E+12,4.1773E-07
21443,1.5666E+12,4.1773E-07
21444,1.5666E+12,4.1773E-07
21445,1.5666E+12,4.1773E-07
21446,1.5666E+12,4.1773E-07
21447,1.5666E+12,4.1773E-07
21448,1.5665E+12,4.17735E-07
21449,1.5665E+12,4.17735E-07
21450,1.5665E+12,4.17735E-07
21451,1.5665E+12,4.17735E-07
21452,1.5665E+12,4.17735E-07
21453,1.5665E+12,4.17735E-07
21454,1.5664E+12,4.17735E-07
21455,1.5664E+12,4.1774E-07
21456,1.5664E+12,4.1774E-07
21457,1.5664E+12,4.1774E-07
21458,1.5664E+12,4.1774E-07
21459,1.5663E+12,4.1774E-07
21460,1.5663E+12,4.1774E-07
21461,1.5663E+12,4.1774E-07
21462,1.5663E+12,4.17745E-07
21463,1.5663E+12,4.17745E-07
21464,1.5662E+12,4.17745E-07
21465,1.5662E+12,4.17745E-07
21466,1.5662E+12,4.17745E-07
21467,1.5662E+12,4.17745E-07
21468,1.5662E+12,4.1775E-07
21469,1.5661E+12,4.1775E-07
21470,1.5661E+12,4.1775E-07
21471,1.5661E+12,4.1775E-07
21472,1.5661E+12,4.1775E-07
21473,1.5661E+12,4.1775E-07
21474,1.5661E+12,4.1775E-07
21475,1.566E+12,4.17755E-07
21476,1.566E+12,4.17755E-07
21477,1.566E+12,4.17755E-07
21478,1.566E+12,4.17755E-07
21479,1.566E+12,4.17755E-07
21480,1.5659E+12,4.17755E-07
21481,1.5659E+12,4.17755E-07
21482,1.5659E+12,4.1776E-07
21483,1.5659E+12,4.1776E-07
21484,1.5659E+12,4.1776E-07
21485,1.5658E+12,4.1776E-07
21486,1.5658E+12,4.1776E-07
21487,1.5658E+12,4.1776E-07
21488,1.5658E+12,4.1776E-07
21489,1.5658E+12,4.17765E-07
21490,1.5658E+12,4.17765E-07
21491,1.5657E+12,4.17765E-07
21492,1.5657E+12,4.17765E-07
21493,1.5657E+12,4.17765E-07
21494,1.5657E+12,4.17765E-07
21495,1.5657E+12,4.17765E-07
21496,1.5656E+12,4.1777E-07
21497,1.5656E+12,4.1777E-07
21498,1.5656E+12,4.1777E-07
21499,1.5656E+12,4.1777E-07
21500,1.5656E+12,4.1777E-07
21501,1.5655E+12,4.1777E-07
21502,1.5655E+12,4.1777E-07
21503,1.5655E+12,4.17775E-07
21504,1.5655E+12,4.17775E-07
21505,1.5655E+12,4.17775E-07
21506,1.5655E+12,4.17775E-07
21507,1.5654E+12,4.17775E-07
21508,1.5654E+12,4.17775E-07
21509,1.5654E+12,4.17775E-07
21510,1.5654E+12,4.1778E-07
21511,1.5654E+12,4.1778E-07
21512,1.5653E+12,4.1778E-07
21513,1.5653E+12,4.1778E-07
21514,1.5653E+12,4.1778E-07
21515,1.5653E+12,4.1778E-07
21516,1.5653E+12,4.1778E-07
21517,1.5652E+12,4.17785E-07
21518,1.5652E+12,4.17785E-07
21519,1.5652E+12,4.17785E-07
21520,1.5652E+12,4.17785E-07
21521,1.5652E+12,4.17785E-07
21522,1.5652E+12,4.17785E-07
21523,1.5651E+12,4.1779E-07
21524,1.5651E+12,4.1779E-07
21525,1.5651E+12,4.1779E-07
21526,1.5651E+12,4.1779E-07
21527,1.5651E+12,4.1779E-07
21528,1.565E+12,4.1779E-07
21529,1.565E+12,4.1779E-07
21530,1.565E+12,4.17795E-07
21531,1.565E+12,4.17795E-07
21532,1.565E+12,4.17795E-07
21533,1.5649E+12,4.17795E-07
21534,1.5649E+12,4.17795E-07
21535,1.5649E+12,4.17795E-07
21536,1.5649E+12,4.17795E-07
21537,1.5649E+12,4.178E-07
21538,1.5649E+12,4.178E-07
21539,1.5648E+12,4.178E-07
21540,1.5648E+12,4.178E-07
21541,1.5648E+12,4.178E-07
21542,1.5648E+12,4.178E-07
21543,1.5648E+12,4.178E-07
21544,1.5647E+12,4.17805E-07
21545,1.5647E+12,4.17805E-07
21546,1.5647E+12,4.17805E-07
21547,1.5647E+12,4.17805E-07
21548,1.5647E+12,4.17805E-07
21549,1.5646E+12,4.17805E-07
21550,1.5646E+12,4.17805E-07
21551,1.5646E+12,4.1781E-07
21552,1.5646E+12,4.1781E-07
21553,1.5646E+12,4.1781E-07
21554,1.5646E+12,4.1781E-07
21555,1.5645E+12,4.1781E-07
21556,1.5645E+12,4.1781E-07
21557,1.5645E+12,4.1781E-07
21558,1.5645E+12,4.17815E-07
21559,1.5645E+12,4.17815E-07
21560,1.5644E+12,4.17815E-07
21561,1.5644E+12,4.17815E-07
21562,1.5644E+12,4.17815E-07
21563,1.5644E+12,4.17815E-07
21564,1.5644E+12,4.17815E-07
21565,1.5643E+12,4.1782E-07
21566,1.5643E+12,4.1782E-07
21567,1.5643E+12,4.1782E-07
21568,1.5643E+12,4.1782E-07
21569,1.5643E+12,4.1782E-07
21570,1.5642E+12,4.1782E-07
21571,1.5642E+12,4.1782E-07
21572,1.5642E+12,4.17825E-07
21573,1.5642E+12,4.17825E-07
21574,1.5642E+12,4.17825E-07
21575,1.5642E+12,4.17825E-07
21576,1.5641E+12,4.17825E-07
21577,1.5641E+12,4.17825E-07
21578,1.5641E+12,4.17825E-07
21579,1.5641E+12,4.1783E-07
21580,1.5641E+12,4.1783E-07
21581,1.564E+12,4.1783E-07
21582,1.564E+12,4.1783E-07
21583,1.564E+12,4.1783E-07
21584,1.564E+12,4.1783E-07
21585,1.564E+12,4.1783E-07
21586,1.564E+12,4.17835E-07
21587,1.5639E+12,4.17835E-07
21588,1.5639E+12,4.17835E-07
21589,1.5639E+12,4.17835E-07
21590,1.5639E+12,4.17835E-07
21591,1.5639E+12,4.17835E-07
21592,1.5638E+12,4.17835E-07
21593,1.5638E+12,4.1784E-07
21594,1.5638E+12,4.1784E-07
21595,1.5638E+12,4.1784E-07
21596,1.5638E+12,4.1784E-07
21597,1.5637E+12,4.1784E-07
21598,1.5637E+12,4.1784E-07
21599,1.5637E+12,4.17845E-07
21600,1.5637E+12,4.17845E-07
21601,1.5637E+12,4.17845E-07
21602,1.5637E+12,4.17845E-07
21603,1.5636E+12,4.17845E-07
21604,1.5636E+12,4.17845E-07
21605,1.5636E+12,4.17845E-07
21606,1.5636E+12,4.1785E-07
21607,1.5636E+12,4.1785E-07
21608,1.5635E+12,4.1785E-07
21609,1.5635E+12,4.1785E-07
21610,1.5635E+12,4.1785E-07
21611,1.5635E+12,4.1785E-07
21612,1.5635E+12,4.1785E-07
21613,1.5634E+12,4.17855E-07
21614,1.5634E+12,4.17855E-07
21615,1.5634E+12,4.17855E-07
21616,1.5634E+12,4.17855E-07
21617,1.5634E+12,4.17855E-07
21618,1.5634E+12,4.17855E-07
21619,1.5633E+12,4.17855E-07
21620,1.5633E+12,4.1786E-07
21621,1.5633E+12,4.1786E-07
21622,1.5633E+12,4.1786E-07
21623,1.5633E+12,4.1786E-07
21624,1.5632E+12,4.1786E-07
21625,1.5632E+12,4.1786E-07
21626,1.5632E+12,4.1786E-07
21627,1.5632E+12,4.17865E-07
21628,1.5632E+12,4.17865E-07
21629,1.5631E+12,4.17865E-07
21630,1.5631E+12,4.17865E-07
21631,1.5631E+12,4.17865E-07
21632,1.5631E+12,4.17865E-07
21633,1.5631E+12,4.17865E-07
21634,1.5631E+12,4.1787E-07
21635,1.563E+12,4.1787E-07
21636,1.563E+12,4.1787E-07
21637,1.563E+12,4.1787E-07
21638,1.563E+12,4.1787E-07
21639,1.563E+12,4.1787E-07
21640,1.5629E+12,4.1787E-07
21641,1.5629E+12,4.17875E-07
21642,1.5629E+12,4.17875E-07
21643,1.5629E+12,4.17875E-07
21644,1.5629E+12,4.17875E-07
21645,1.5628E+12,4.17875E-07
21646,1.5628E+12,4.17875E-07
21647,1.5628E+12,4.17875E-07
21648,1.5628E+12,4.1788E-07
21649,1.5628E+12,4.1788E-07
21650,1.5628E+12,4.1788E-07
21651,1.5627E+12,4.1788E-07
21652,1.5627E+12,4.1788E-07
21653,1.5627E+12,4.1788E-07
21654,1.5627E+12,4.1788E-07
21655,1.5627E+12,4.17885E-07
21656,1.5626E+12,4.17885E-07
21657,1.5626E+12,4.17885E-07
21658,1.5626E+12,4.17885E-07
21659,1.5626E+12,4.17885E-07
21660,1.5626E+12,4.17885E-07
21661,1.5625E+12,4.17885E-07
21662,1.5625E+12,4.1789E-07
21663,1.5625E+12,4.1789E-07
21664,1.5625E+12,4.1789E-07
21665,1.5625E+12,4.1789E-07
21666,1.5625E+12,4.1789E-07
21667,1.5624E+12,4.1789E-07
21668,1.5624E+12,4.1789E-07
21669,1.5624E+12,4.17895E-07
21670,1.5624E+12,4.17895E-07
21671,1.5624E+12,4.17895E-07
21672,1.5623E+12,4.17895E-07
21673,1.5623E+12,4.17895E-07
21674,1.5623E+12,4.17895E-07
21675,1.5623E+12,4.17895E-07
21676,1.5623E+12,4.179E-07
21677,1.5623E+12,4.179E-07
21678,1.5622E+12,4.179E-07
21679,1.5622E+12,4.179E-07
21680,1.5622E+12,4.179E-07
21681,1.5622E+12,4.179E-07
21682,1.5622E+12,4.179E-07
21683,1.5621E+12,4.17905E-07
21684,1.5621E+12,4.17905E-07
21685,1.5621E+12,4.17905E-07
21686,1.5621E+12,4.17905E-07
21687,1.5621E+12,4.17905E-07
21688,1.562E+12,4.17905E-07
21689,1.562E+12,4.17905E-07
21690,1.562E+12,4.1791E-07
21691,1.562E+12,4.1791E-07
21692,1.562E+12,4.1791E-07
21693,1.562E+12,4.1791E-07
21694,1.5619E+12,4.1791E-07
21695,1.5619E+12,4.1791E-07
21696,1.5619E+12,4.1791E-07
21697,1.5619E+12,4.17915E-07
21698,1.5619E+12,4.17915E-07
21699,1.5618E+12,4.17915E-07
21700,1.5618E+12,4.17915E-07
21701,1.5618E+12,4.17915E-07
21702,1.5618E+12,4.17915E-07
21703,1.5618E+12,4.17915E-07
21704,1.5617E+12,4.1792E-07
21705,1.5617E+12,4.1792E-07
21706,1.5617E+12,4.1792E-07
21707,1.5617E+12,4.1792E-07
21708,1.5617E+12,4.1792E-07
21709,1.5617E+12,4.1792E-07
21710,1.5616E+12,4.1792E-07
21711,1.5616E+12,4.17925E-07
21712,1.5616E+12,4.17925E-07
21713,1.5616E+12,4.17925E-07
21714,1.5616E+12,4.17925E-07
21715,1.5615E+12,4.17925E-07
21716,1.5615E+12,4.17925E-07
21717,1.5615E+12,4.1793E-07
21718,1.5615E+12,4.1793E-07
21719,1.5615E+12,4.1793E-07
21720,1.5615E+12,4.1793E-07
21721,1.5614E+12,4.1793E-07
21722,1.5614E+12,4.1793E-07
21723,1.5614E+12,4.1793E-07
21724,1.5614E+12,4.17935E-07
21725,1.5614E+12,4.17935E-07
21726,1.5613E+12,4.17935E-07
21727,1.5613E+12,4.17935E-07
21728,1.5613E+12,4.17935E-07
21729,1.5613E+12,4.17935E-07
21730,1.5613E+12,4.17935E-07
21731,1.5612E+12,4.1794E-07
21732,1.5612E+12,4.1794E-07
21733,1.5612E+12,4.1794E-07
21734,1.5612E+12,4.1794E-07
21735,1.5612E+12,4.1794E-07
21736,1.5612E+12,4.1794E-07
21737,1.5611E+12,4.1794E-07
21738,1.5611E+12,4.17945E-07
21739,1.5611E+12,4.17945E-07
21740,1.5611E+12,4.17945E-07
21741,1.5611E+12,4.17945E-07
21742,1.561E+12,4.17945E-07
21743,1.561E+12,4.17945E-07
21744,1.561E+12,4.17945E-07
21745,1.561E+12,4.1795E-07
21746,1.561E+12,4.1795E-07
21747,1.5609E+12,4.1795E-07
21748,1.5609E+12,4.1795E-07
21749,1.5609E+12,4.1795E-07
21750,1.5609E+12,4.1795E-07
21751,1.5609E+12,4.1795E-07
21752,1.5609E+12,4.17955E-07
21753,1.5608E+12,4.17955E-07
21754,1.5608E+12,4.17955E-07
21755,1.5608E+12,4.17955E-07
21756,1.5608E+12,4.17955E-07
21757,1.5608E+12,4.17955E-07
21758,1.5607E+12,4.17955E-07
21759,1.5607E+12,4.1796E-07
21760,1.5607E+12,4.1796E-07
21761,1.5607E+12,4.1796E-07
21762,1.5607E+12,4.1796E-07
21763,1.5607E+12,4.1796E-07
21764,1.5606E+12,4.1796E-07
21765,1.5606E+12,4.1796E-07
21766,1.5606E+12,4.17965E-07
21767,1.5606E+12,4.17965E-07
21768,1.5606E+12,4.17965E-07
21769,1.5605E+12,4.17965E-07
21770,1.5605E+12,4.17965E-07
21771,1.5605E+12,4.17965E-07
21772,1.5605E+12,4.17965E-07
21773,1.5605E+12,4.1797E-07
21774,1.5604E+12,4.1797E-07
21775,1.5604E+12,4.1797E-07
21776,1.5604E+12,4.1797E-07
21777,1.5604E+12,4.1797E-07
21778,1.5604E+12,4.1797E-07
21779,1.5604E+12,4.1797E-07
21780,1.5603E+12,4.17975E-07
21781,1.5603E+12,4.17975E-07
21782,1.5603E+12,4.17975E-07
21783,1.5603E+12,4.17975E-07
21784,1.5603E+12,4.17975E-07
21785,1.5602E+12,4.17975E-07
21786,1.5602E+12,4.17975E-07
21787,1.5602E+12,4.1798E-07
21788,1.5602E+12,4.1798E-07
21789,1.5602E+12,4.1798E-07
21790,1.5602E+12,4.1798E-07
21791,1.5601E+12,4.1798E-07
21792,1.5601E+12,4.1798E-07
21793,1.5601E+12,4.1798E-07
21794,1.5601E+12,4.17985E-07
21795,1.5601E+12,4.17985E-07
21796,1.56E+12,4.17985E-07
21797,1.56E+12,4.17985E-07
21798,1.56E+12,4.17985E-07
21799,1.56E+12,4.17985E-07
21800,1.56E+12,4.17985E-07
21801,1.5599E+12,4.1799E-07
21802,1.5599E+12,4.1799E-07
21803,1.5599E+12,4.1799E-07
21804,1.5599E+12,4.1799E-07
21805,1.5599E+12,4.1799E-07
21806,1.5599E+12,4.1799E-07
21807,1.5598E+12,4.1799E-07
21808,1.5598E+12,4.17995E-07
21809,1.5598E+12,4.17995E-07
21810,1.5598E+12,4.17995E-07
21811,1.5598E+12,4.17995E-07
21812,1.5597E+12,4.17995E-07
21813,1.5597E+12,4.17995E-07
21814,1.5597E+12,4.17995E-07
21815,1.5597E+12,0.000000418
21816,1.5597E+12,0.000000418
21817,1.5597E+12,0.000000418
21818,1.5596E+12,0.000000418
21819,1.5596E+12,0.000000418
21820,1.5596E+12,0.000000418
21821,1.5596E+12,0.000000418
21822,1.5596E+12,4.18005E-07
21823,1.5595E+12,4.18005E-07
21824,1.5595E+12,4.18005E-07
21825,1.5595E+12,4.18005E-07
21826,1.5595E+12,4.18005E-07
21827,1.5595E+12,4.18005E-07
21828,1.5595E+12,4.18005E-07
21829,1.5594E+12,4.1801E-07
21830,1.5594E+12,4.1801E-07
21831,1.5594E+12,4.1801E-07
21832,1.5594E+12,4.1801E-07
21833,1.5594E+12,4.1801E-07
21834,1.5593E+12,4.1801E-07
21835,1.5593E+12,4.1801E-07
21836,1.5593E+12,4.18015E-07
21837,1.5593E+12,4.18015E-07
21838,1.5593E+12,4.18015E-07
21839,1.5592E+12,4.18015E-07
21840,1.5592E+12,4.18015E-07
21841,1.5592E+12,4.18015E-07
21842,1.5592E+12,4.18015E-07
21843,1.5592E+12,4.1802E-07
21844,1.5592E+12,4.1802E-07
21845,1.5591E+12,4.1802E-07
21846,1.5591E+12,4.1802E-07
21847,1.5591E+12,4.1802E-07
21848,1.5591E+12,4.1802E-07
21849,1.5591E+12,4.1802E-07
21850,1.559E+12,4.18025E-07
21851,1.559E+12,4.18025E-07
21852,1.559E+12,4.18025E-07
21853,1.559E+12,4.18025E-07
21854,1.559E+12,4.18025E-07
21855,1.559E+12,4.18025E-07
21856,1.5589E+12,4.18025E-07
21857,1.5589E+12,4.1803E-07
21858,1.5589E+12,4.1803E-07
21859,1.5589E+12,4.1803E-07
21860,1.5589E+12,4.1803E-07
21861,1.5588E+12,4.1803E-07
21862,1.5588E+12,4.1803E-07
21863,1.5588E+12,4.1803E-07
21864,1.5588E+12,4.18035E-07
21865,1.5588E+12,4.18035E-07
21866,1.5587E+12,4.18035E-07
21867,1.5587E+12,4.18035E-07
21868,1.5587E+12,4.18035E-07
21869,1.5587E+12,4.18035E-07
21870,1.5587E+12,4.18035E-07
21871,1.5587E+12,4.1804E-07
21872,1.5586E+12,4.1804E-07
21873,1.5586E+12,4.1804E-07
21874,1.5586E+12,4.1804E-07
21875,1.5586E+12,4.1804E-07
21876,1.5586E+12,4.1804E-07
21877,1.5585E+12,4.1804E-07
21878,1.5585E+12,4.18045E-07
21879,1.5585E+12,4.18045E-07
21880,1.5585E+12,4.18045E-07
21881,1.5585E+12,4.18045E-07
21882,1.5585E+12,4.18045E-07
21883,1.5584E+12,4.18045E-07
21884,1.5584E+12,4.18045E-07
21885,1.5584E+12,4.1805E-07
21886,1.5584E+12,4.1805E-07
21887,1.5584E+12,4.1805E-07
21888,1.5583E+12,4.1805E-07
21889,1.5583E+12,4.1805E-07
21890,1.5583E+12,4.1805E-07
21891,1.5583E+12,4.1805E-07
21892,1.5583E+12,4.18055E-07
21893,1.5583E+12,4.18055E-07
21894,1.5582E+12,4.18055E-07
21895,1.5582E+12,4.18055E-07
21896,1.5582E+12,4.18055E-07
21897,1.5582E+12,4.18055E-07
21898,1.5582E+12,4.18055E-07
21899,1.5581E+12,4.1806E-07
21900,1.5581E+12,4.1806E-07
21901,1.5581E+12,4.1806E-07
21902,1.5581E+12,4.1806E-07
21903,1.5581E+12,4.1806E-07
21904,1.5581E+12,4.1806E-07
21905,1.558E+12,4.1806E-07
21906,1.558E+12,4.18065E-07
21907,1.558E+12,4.18065E-07
21908,1.558E+12,4.18065E-07
21909,1.558E+12,4.18065E-07
21910,1.5579E+12,4.18065E-07
21911,1.5579E+12,4.18065E-07
21912,1.5579E+12,4.18065E-07
21913,1.5579E+12,4.1807E-07
21914,1.5579E+12,4.1807E-07
21915,1.5578E+12,4.1807E-07
21916,1.5578E+12,4.1807E-07
21917,1.5578E+12,4.1807E-07
21918,1.5578E+12,4.1807E-07
21919,1.5578E+12,4.1807E-07
21920,1.5578E+12,4.18075E-07
21921,1.5577E+12,4.18075E-07
21922,1.5577E+12,4.18075E-07
21923,1.5577E+12,4.18075E-07
21924,1.5577E+12,4.18075E-07
21925,1.5577E+12,4.18075E-07
21926,1.5576E+12,4.18075E-07
21927,1.5576E+12,4.1808E-07
21928,1.5576E+12,4.1808E-07
21929,1.5576E+12,4.1808E-07
21930,1.5576E+12,4.1808E-07
21931,1.5576E+12,4.1808E-07
21932,1.5575E+12,4.1808E-07
21933,1.5575E+12,4.1808E-07
21934,1.5575E+12,4.18085E-07
21935,1.5575E+12,4.18085E-07
21936,1.5575E+12,4.18085E-07
21937,1.5574E+12,4.18085E-07
21938,1.5574E+12,4.18085E-07
21939,1.5574E+12,4.18085E-07
21940,1.5574E+12,4.18085E-07
21941,1.5574E+12,4.18085E-07
21942,1.5574E+12,4.1809E-07
21943,1.5573E+12,4.1809E-07
21944,1.5573E+12,4.1809E-07
21945,1.5573E+12,4.1809E-07
21946,1.5573E+12,4.1809E-07
21947,1.5573E+12,4.1809E-07
21948,1.5572E+12,4.1809E-07
21949,1.5572E+12,4.18095E-07
21950,1.5572E+12,4.18095E-07
21951,1.5572E+12,4.18095E-07
21952,1.5572E+12,4.18095E-07
21953,1.5572E+12,4.18095E-07
21954,1.5571E+12,4.18095E-07
21955,1.5571E+12,4.18095E-07
21956,1.5571E+12,4.181E-07
21957,1.5571E+12,4.181E-07
21958,1.5571E+12,4.181E-07
21959,1.557E+12,4.181E-07
21960,1.557E+12,4.181E-07
21961,1.557E+12,4.181E-07
21962,1.557E+12,4.181E-07
21963,1.557E+12,4.18105E-07
21964,1.5569E+12,4.18105E-07
21965,1.5569E+12,4.18105E-07
21966,1.5569E+12,4.18105E-07
21967,1.5569E+12,4.18105E-07
21968,1.5569E+12,4.18105E-07
21969,1.5569E+12,4.18105E-07
21970,1.5568E+12,4.1811E-07
21971,1.5568E+12,4.1811E-07
21972,1.5568E+12,4.1811E-07
21973,1.5568E+12,4.1811E-07
21974,1.5568E+12,4.1811E-07
21975,1.5567E+12,4.1811E-07
21976,1.5567E+12,4.1811E-07
21977,1.5567E+12,4.18115E-07
21978,1.5567E+12,4.18115E-07
21979,1.5567E+12,4.18115E-07
21980,1.5567E+12,4.18115E-07
21981,1.5566E+12,4.18115E-07
21982,1.5566E+12,4.18115E-07
21983,1.5566E+12,4.18115E-07
21984,1.5566E+12,4.1812E-07
21985,1.5566E+12,4.1812E-07
21986,1.5565E+12,4.1812E-07
21987,1.5565E+12,4.1812E-07
21988,1.5565E+12,4.1812E-07
21989,1.5565E+12,4.1812E-07
21990,1.5565E+12,4.1812E-07
21991,1.5565E+12,4.18125E-07
21992,1.5564E+12,4.18125E-07
21993,1.5564E+12,4.18125E-07
21994,1.5564E+12,4.18125E-07
21995,1.5564E+12,4.18125E-07
21996,1.5564E+12,4.18125E-07
21997,1.5563E+12,4.18125E-07
21998,1.5563E+12,4.1813E-07
21999,1.5563E+12,4.1813E-07
22000,1.5563E+12,4.1813E-07
22001,1.5563E+12,4.1813E-07
22002,1.5563E+12,4.1813E-07
22003,1.5562E+12,4.1813E-07
22004,1.5562E+12,4.1813E-07
22005,1.5562E+12,4.18135E-07
22006,1.5562E+12,4.18135E-07
22007,1.5562E+12,4.18135E-07
22008,1.5561E+12,4.18135E-07
22009,1.5561E+12,4.18135E-07
22010,1.5561E+12,4.18135E-07
22011,1.5561E+12,4.18135E-07
22012,1.5561E+12,4.1814E-07
22013,1.5561E+12,4.1814E-07
22014,1.556E+12,4.1814E-07
22015,1.556E+12,4.1814E-07
22016,1.556E+12,4.1814E-07
22017,1.556E+12,4.1814E-07
22018,1.556E+12,4.1814E-07
22019,1.5559E+12,4.18145E-07
22020,1.5559E+12,4.18145E-07
22021,1.5559E+12,4.18145E-07
22022,1.5559E+12,4.18145E-07
22023,1.5559E+12,4.18145E-07
22024,1.5559E+12,4.18145E-07
22025,1.5558E+12,4.18145E-07
22026,1.5558E+12,4.1815E-07
22027,1.5558E+12,4.1815E-07
22028,1.5558E+12,4.1815E-07
22029,1.5558E+12,4.1815E-07
22030,1.5557E+12,4.1815E-07
22031,1.5557E+12,4.1815E-07
22032,1.5557E+12,4.1815E-07
22033,1.5557E+12,4.18155E-07
22034,1.5557E+12,4.18155E-07
22035,1.5557E+12,4.18155E-07
22036,1.5556E+12,4.18155E-07
22037,1.5556E+12,4.18155E-07
22038,1.5556E+12,4.18155E-07
22039,1.5556E+12,4.18155E-07
22040,1.5556E+12,4.1816E-07
22041,1.5555E+12,4.1816E-07
22042,1.5555E+12,4.1816E-07
22043,1.5555E+12,4.1816E-07
22044,1.5555E+12,4.1816E-07
22045,1.5555E+12,4.1816E-07
22046,1.5555E+12,4.1816E-07
22047,1.5554E+12,4.18165E-07
22048,1.5554E+12,4.18165E-07
22049,1.5554E+12,4.18165E-07
22050,1.5554E+12,4.18165E-07
22051,1.5554E+12,4.18165E-07
22052,1.5553E+12,4.18165E-07
22053,1.5553E+12,4.18165E-07
22054,1.5553E+12,4.1817E-07
22055,1.5553E+12,4.1817E-07
22056,1.5553E+12,4.1817E-07
22057,1.5553E+12,4.1817E-07
22058,1.5552E+12,4.1817E-07
22059,1.5552E+12,4.1817E-07
22060,1.5552E+12,4.1817E-07
22061,1.5552E+12,4.1817E-07
22062,1.5552E+12,4.18175E-07
22063,1.5551E+12,4.18175E-07
22064,1.5551E+12,4.18175E-07
22065,1.5551E+12,4.18175E-07
22066,1.5551E+12,4.18175E-07
22067,1.5551E+12,4.18175E-07
22068,1.5551E+12,4.18175E-07
22069,1.555E+12,4.1818E-07
22070,1.555E+12,4.1818E-07
22071,1.555E+12,4.1818E-07
22072,1.555E+12,4.1818E-07
22073,1.555E+12,4.1818E-07
22074,1.5549E+12,4.1818E-07
22075,1.5549E+12,4.1818E-07
22076,1.5549E+12,4.18185E-07
22077,1.5549E+12,4.18185E-07
22078,1.5549E+12,4.18185E-07
22079,1.5549E+12,4.18185E-07
22080,1.5548E+12,4.18185E-07
22081,1.5548E+12,4.18185E-07
22082,1.5548E+12,4.18185E-07
22083,1.5548E+12,4.1819E-07
22084,1.5548E+12,4.1819E-07
22085,1.5547E+12,4.1819E-07
22086,1.5547E+12,4.1819E-07
22087,1.5547E+12,4.1819E-07
22088,1.5547E+12,4.1819E-07
22089,1.5547E+12,4.1819E-07
22090,1.5547E+12,4.18195E-07
22091,1.5546E+12,4.18195E-07
22092,1.5546E+12,4.18195E-07
22093,1.5546E+12,4.18195E-07
22094,1.5546E+12,4.18195E-07
22095,1.5546E+12,4.18195E-07
22096,1.5545E+12,4.18195E-07
22097,1.5545E+12,4.182E-07
22098,1.5545E+12,4.182E-07
22099,1.5545E+12,4.182E-07
22100,1.5545E+12,4.182E-07
22101,1.5545E+12,4.182E-07
22102,1.5544E+12,4.182E-07
22103,1.5544E+12,4.182E-07
22104,1.5544E+12,4.18205E-07
22105,1.5544E+12,4.18205E-07
22106,1.5544E+12,4.18205E-07
22107,1.5543E+12,4.18205E-07
22108,1.5543E+12,4.18205E-07
22109,1.5543E+12,4.18205E-07
22110,1.5543E+12,4.18205E-07
22111,1.5543E+12,4.1821E-07
22112,1.5543E+12,4.1821E-07
22113,1.5542E+12,4.1821E-07
22114,1.5542E+12,4.1821E-07
22115,1.5542E+12,4.1821E-07
22116,1.5542E+12,4.1821E-07
22117,1.5542E+12,4.1821E-07
22118,1.5541E+12,4.18215E-07
22119,1.5541E+12,4.18215E-07
22120,1.5541E+12,4.18215E-07
22121,1.5541E+12,4.18215E-07
22122,1.5541E+12,4.18215E-07
22123,1.5541E+12,4.18215E-07
22124,1.554E+12,4.18215E-07
22125,1.554E+12,4.1822E-07
22126,1.554E+12,4.1822E-07
22127,1.554E+12,4.1822E-07
22128,1.554E+12,4.1822E-07
22129,1.5539E+12,4.1822E-07
22130,1.5539E+12,4.1822E-07
22131,1.5539E+12,4.1822E-07
22132,1.5539E+12,4.18225E-07
22133,1.5539E+12,4.18225E-07
22134,1.5539E+12,4.18225E-07
22135,1.5538E+12,4.18225E-07
22136,1.5538E+12,4.18225E-07
22137,1.5538E+12,4.18225E-07
22138,1.5538E+12,4.18225E-07
22139,1.5538E+12,4.18225E-07
22140,1.5537E+12,4.1823E-07
22141,1.5537E+12,4.1823E-07
22142,1.5537E+12,4.1823E-07
22143,1.5537E+12,4.1823E-07
22144,1.5537E+12,4.1823E-07
22145,1.5537E+12,4.1823E-07
22146,1.5536E+12,4.1823E-07
22147,1.5536E+12,4.18235E-07
22148,1.5536E+12,4.18235E-07
22149,1.5536E+12,4.18235E-07
22150,1.5536E+12,4.18235E-07
22151,1.5535E+12,4.18235E-07
22152,1.5535E+12,4.18235E-07
22153,1.5535E+12,4.18235E-07
22154,1.5535E+12,4.1824E-07
22155,1.5535E+12,4.1824E-07
22156,1.5535E+12,4.1824E-07
22157,1.5534E+12,4.1824E-07
22158,1.5534E+12,4.1824E-07
22159,1.5534E+12,4.1824E-07
22160,1.5534E+12,4.1824E-07
22161,1.5534E+12,4.18245E-07
22162,1.5533E+12,4.18245E-07
22163,1.5533E+12,4.18245E-07
22164,1.5533E+12,4.18245E-07
22165,1.5533E+12,4.18245E-07
22166,1.5533E+12,4.18245E-07
22167,1.5533E+12,4.18245E-07
22168,1.5532E+12,4.1825E-07
22169,1.5532E+12,4.1825E-07
22170,1.5532E+12,4.1825E-07
22171,1.5532E+12,4.1825E-07
22172,1.5532E+12,4.1825E-07
22173,1.5531E+12,4.1825E-07
22174,1.5531E+12,4.1825E-07
22175,1.5531E+12,4.18255E-07
22176,1.5531E+12,4.18255E-07
22177,1.5531E+12,4.18255E-07
22178,1.5531E+12,4.18255E-07
22179,1.553E+12,4.18255E-07
22180,1.553E+12,4.18255E-07
22181,1.553E+12,4.18255E-07
22182,1.553E+12,4.1826E-07
22183,1.553E+12,4.1826E-07
22184,1.5529E+12,4.1826E-07
22185,1.5529E+12,4.1826E-07
22186,1.5529E+12,4.1826E-07
22187,1.5529E+12,4.1826E-07
22188,1.5529E+12,4.1826E-07
22189,1.5529E+12,4.18265E-07
22190,1.5528E+12,4.18265E-07
22191,1.5528E+12,4.18265E-07
22192,1.5528E+12,4.18265E-07
22193,1.5528E+12,4.18265E-07
22194,1.5528E+12,4.18265E-07
22195,1.5527E+12,4.18265E-07
22196,1.5527E+12,4.1827E-07
22197,1.5527E+12,4.1827E-07
22198,1.5527E+12,4.1827E-07
22199,1.5527E+12,4.1827E-07
22200,1.5527E+12,4.1827E-07
22201,1.5526E+12,4.1827E-07
22202,1.5526E+12,4.1827E-07
22203,1.5526E+12,4.1827E-07
22204,1.5526E+12,4.18275E-07
22205,1.5526E+12,4.18275E-07
22206,1.5525E+12,4.18275E-07
22207,1.5525E+12,4.18275E-07
22208,1.5525E+12,4.18275E-07
22209,1.5525E+12,4.18275E-07
22210,1.5525E+12,4.18275E-07
22211,1.5525E+12,4.1828E-07
22212,1.5524E+12,4.1828E-07
22213,1.5524E+12,4.1828E-07
22214,1.5524E+12,4.1828E-07
22215,1.5524E+12,4.1828E-07
22216,1.5524E+12,4.1828E-07
22217,1.5523E+12,4.1828E-07
22218,1.5523E+12,4.18285E-07
22219,1.5523E+12,4.18285E-07
22220,1.5523E+12,4.18285E-07
22221,1.5523E+12,4.18285E-07
22222,1.5523E+12,4.18285E-07
22223,1.5522E+12,4.18285E-07
22224,1.5522E+12,4.18285E-07
22225,1.5522E+12,4.1829E-07
22226,1.5522E+12,4.1829E-07
22227,1.5522E+12,4.1829E-07
22228,1.5522E+12,4.1829E-07
22229,1.5521E+12,4.1829E-07
22230,1.5521E+12,4.1829E-07
22231,1.5521E+12,4.1829E-07
22232,1.5521E+12,4.18295E-07
22233,1.5521E+12,4.18295E-07
22234,1.552E+12,4.18295E-07
22235,1.552E+12,4.18295E-07
22236,1.552E+12,4.18295E-07
22237,1.552E+12,4.18295E-07
22238,1.552E+12,4.18295E-07
22239,1.552E+12,4.183E-07
22240,1.5519E+12,4.183E-07
22241,1.5519E+12,4.183E-07
22242,1.5519E+12,4.183E-07
22243,1.5519E+12,4.183E-07
22244,1.5519E+12,4.183E-07
22245,1.5518E+12,4.183E-07
22246,1.5518E+12,4.18305E-07
22247,1.5518E+12,4.18305E-07
22248,1.5518E+12,4.18305E-07
22249,1.5518E+12,4.18305E-07
22250,1.5518E+12,4.18305E-07
22251,1.5517E+12,4.18305E-07
22252,1.5517E+12,4.18305E-07
22253,1.5517E+12,4.18305E-07
22254,1.5517E+12,4.1831E-07
22255,1.5517E+12,4.1831E-07
22256,1.5516E+12,4.1831E-07
22257,1.5516E+12,4.1831E-07
22258,1.5516E+12,4.1831E-07
22259,1.5516E+12,4.1831E-07
22260,1.5516E+12,4.1831E-07
22261,1.5516E+12,4.18315E-07
22262,1.5515E+12,4.18315E-07
22263,1.5515E+12,4.18315E-07
22264,1.5515E+12,4.18315E-07
22265,1.5515E+12,4.18315E-07
22266,1.5515E+12,4.18315E-07
22267,1.5514E+12,4.18315E-07
22268,1.5514E+12,4.1832E-07
22269,1.5514E+12,4.1832E-07
22270,1.5514E+12,4.1832E-07
22271,1.5514E+12,4.1832E-07
22272,1.5514E+12,4.1832E-07
22273,1.5513E+12,4.1832E-07
22274,1.5513E+12,4.1832E-07
22275,1.5513E+12,4.18325E-07
22276,1.5513E+12,4.18325E-07
22277,1.5513E+12,4.18325E-07
22278,1.5513E+12,4.18325E-07
22279,1.5512E+12,4.18325E-07
22280,1.5512E+12,4.18325E-07
22281,1.5512E+12,4.18325E-07
22282,1.5512E+12,4.1833E-07
22283,1.5512E+12,4.1833E-07
22284,1.5511E+12,4.1833E-07
22285,1.5511E+12,4.1833E-07
22286,1.5511E+12,4.1833E-07
22287,1.5511E+12,4.1833E-07
22288,1.5511E+12,4.1833E-07
22289,1.5511E+12,4.18335E-07
22290,1.551E+12,4.18335E-07
22291,1.551E+12,4.18335E-07
22292,1.551E+12,4.18335E-07
22293,1.551E+12,4.18335E-07
22294,1.551E+12,4.18335E-07
22295,1.5509E+12,4.18335E-07
22296,1.5509E+12,4.1834E-07
22297,1.5509E+12,4.1834E-07
22298,1.5509E+12,4.1834E-07
22299,1.5509E+12,4.1834E-07
22300,1.5509E+12,4.1834E-07
22301,1.5508E+12,4.1834E-07
22302,1.5508E+12,4.1834E-07
22303,1.5508E+12,4.1834E-07
22304,1.5508E+12,4.18345E-07
22305,1.5508E+12,4.18345E-07
22306,1.5507E+12,4.18345E-07
22307,1.5507E+12,4.18345E-07
22308,1.5507E+12,4.18345E-07
22309,1.5507E+12,4.18345E-07
22310,1.5507E+12,4.18345E-07
22311,1.5507E+12,4.1835E-07
22312,1.5506E+12,4.1835E-07
22313,1.5506E+12,4.1835E-07
22314,1.5506E+12,4.1835E-07
22315,1.5506E+12,4.1835E-07
22316,1.5506E+12,4.1835E-07
22317,1.5506E+12,4.1835E-07
22318,1.5505E+12,4.18355E-07
22319,1.5505E+12,4.18355E-07
22320,1.5505E+12,4.18355E-07
22321,1.5505E+12,4.18355E-07
22322,1.5505E+12,4.18355E-07
22323,1.5504E+12,4.18355E-07
22324,1.5504E+12,4.18355E-07
22325,1.5504E+12,4.1836E-07
22326,1.5504E+12,4.1836E-07
22327,1.5504E+12,4.1836E-07
22328,1.5504E+12,4.1836E-07
22329,1.5503E+12,4.1836E-07
22330,1.5503E+12,4.1836E-07
22331,1.5503E+12,4.1836E-07
22332,1.5503E+12,4.18365E-07
22333,1.5503E+12,4.18365E-07
22334,1.5502E+12,4.18365E-07
22335,1.5502E+12,4.18365E-07
22336,1.5502E+12,4.18365E-07
22337,1.5502E+12,4.18365E-07
22338,1.5502E+12,4.18365E-07
22339,1.5502E+12,4.18365E-07
22340,1.5501E+12,4.1837E-07
22341,1.5501E+12,4.1837E-07
22342,1.5501E+12,4.1837E-07
22343,1.5501E+12,4.1837E-07
22344,1.5501E+12,4.1837E-07
22345,1.55E+12,4.1837E-07
22346,1.55E+12,4.1837E-07
22347,1.55E+12,4.18375E-07
22348,1.55E+12,4.18375E-07
22349,1.55E+12,4.18375E-07
22350,1.55E+12,4.18375E-07
22351,1.5499E+12,4.18375E-07
22352,1.5499E+12,4.18375E-07
22353,1.5499E+12,4.18375E-07
22354,1.5499E+12,4.1838E-07
22355,1.5499E+12,4.1838E-07
22356,1.5499E+12,4.1838E-07
22357,1.5498E+12,4.1838E-07
22358,1.5498E+12,4.1838E-07
22359,1.5498E+12,4.1838E-07
22360,1.5498E+12,4.1838E-07
22361,1.5498E+12,4.18385E-07
22362,1.5497E+12,4.18385E-07
22363,1.5497E+12,4.18385E-07
22364,1.5497E+12,4.18385E-07
22365,1.5497E+12,4.18385E-07
22366,1.5497E+12,4.18385E-07
22367,1.5497E+12,4.18385E-07
22368,1.5496E+12,4.1839E-07
22369,1.5496E+12,4.1839E-07
22370,1.5496E+12,4.1839E-07
22371,1.5496E+12,4.1839E-07
22372,1.5496E+12,4.1839E-07
22373,1.5495E+12,4.1839E-07
22374,1.5495E+12,4.1839E-07
22375,1.5495E+12,4.18395E-07
22376,1.5495E+12,4.18395E-07
22377,1.5495E+12,4.18395E-07
22378,1.5495E+12,4.18395E-07
22379,1.5494E+12,4.18395E-07
22380,1.5494E+12,4.18395E-07
22381,1.5494E+12,4.18395E-07
22382,1.5494E+12,4.18395E-07
22383,1.5494E+12,4.184E-07
22384,1.5494E+12,4.184E-07
22385,1.5493E+12,4.184E-07
22386,1.5493E+12,4.184E-07
22387,1.5493E+12,4.184E-07
22388,1.5493E+12,4.184E-07
22389,1.5493E+12,4.184E-07
22390,1.5492E+12,4.18405E-07
22391,1.5492E+12,4.18405E-07
22392,1.5492E+12,4.18405E-07
22393,1.5492E+12,4.18405E-07
22394,1.5492E+12,4.18405E-07
22395,1.5492E+12,4.18405E-07
22396,1.5491E+12,4.18405E-07
22397,1.5491E+12,4.1841E-07
22398,1.5491E+12,4.1841E-07
22399,1.5491E+12,4.1841E-07
22400,1.5491E+12,4.1841E-07
22401,1.549E+12,4.1841E-07
22402,1.549E+12,4.1841E-07
22403,1.549E+12,4.1841E-07
22404,1.549E+12,4.18415E-07
22405,1.549E+12,4.18415E-07
22406,1.549E+12,4.18415E-07
22407,1.5489E+12,4.18415E-07
22408,1.5489E+12,4.18415E-07
22409,1.5489E+12,4.18415E-07
22410,1.5489E+12,4.18415E-07
22411,1.5489E+12,4.1842E-07
22412,1.5489E+12,4.1842E-07
22413,1.5488E+12,4.1842E-07
22414,1.5488E+12,4.1842E-07
22415,1.5488E+12,4.1842E-07
22416,1.5488E+12,4.1842E-07
22417,1.5488E+12,4.1842E-07
22418,1.5487E+12,4.1842E-07
22419,1.5487E+12,4.18425E-07
22420,1.5487E+12,4.18425E-07
22421,1.5487E+12,4.18425E-07
22422,1.5487E+12,4.18425E-07
22423,1.5487E+12,4.18425E-07
22424,1.5486E+12,4.18425E-07
22425,1.5486E+12,4.18425E-07
22426,1.5486E+12,4.1843E-07
22427,1.5486E+12,4.1843E-07
22428,1.5486E+12,4.1843E-07
22429,1.5485E+12,4.1843E-07
22430,1.5485E+12,4.1843E-07
22431,1.5485E+12,4.1843E-07
22432,1.5485E+12,4.1843E-07
22433,1.5485E+12,4.18435E-07
22434,1.5485E+12,4.18435E-07
22435,1.5484E+12,4.18435E-07
22436,1.5484E+12,4.18435E-07
22437,1.5484E+12,4.18435E-07
22438,1.5484E+12,4.18435E-07
22439,1.5484E+12,4.18435E-07
22440,1.5484E+12,4.1844E-07
22441,1.5483E+12,4.1844E-07
22442,1.5483E+12,4.1844E-07
22443,1.5483E+12,4.1844E-07
22444,1.5483E+12,4.1844E-07
22445,1.5483E+12,4.1844E-07
22446,1.5482E+12,4.1844E-07
22447,1.5482E+12,4.18445E-07
22448,1.5482E+12,4.18445E-07
22449,1.5482E+12,4.18445E-07
22450,1.5482E+12,4.18445E-07
22451,1.5482E+12,4.18445E-07
22452,1.5481E+12,4.18445E-07
22453,1.5481E+12,4.18445E-07
22454,1.5481E+12,4.18445E-07
22455,1.5481E+12,4.1845E-07
22456,1.5481E+12,4.1845E-07
22457,1.548E+12,4.1845E-07
22458,1.548E+12,4.1845E-07
22459,1.548E+12,4.1845E-07
22460,1.548E+12,4.1845E-07
22461,1.548E+12,4.1845E-07
22462,1.548E+12,4.18455E-07
22463,1.5479E+12,4.18455E-07
22464,1.5479E+12,4.18455E-07
22465,1.5479E+12,4.18455E-07
22466,1.5479E+12,4.18455E-07
22467,1.5479E+12,4.18455E-07
22468,1.5479E+12,4.18455E-07
22469,1.5478E+12,4.1846E-07
22470,1.5478E+12,4.1846E-07
22471,1.5478E+12,4.1846E-07
22472,1.5478E+12,4.1846E-07
22473,1.5478E+12,4.1846E-07
22474,1.5477E+12,4.1846E-07
22475,1.5477E+12,4.1846E-07
22476,1.5477E+12,4.18465E-07
22477,1.5477E+12,4.18465E-07
22478,1.5477E+12,4.18465E-07
22479,1.5477E+12,4.18465E-07
22480,1.5476E+12,4.18465E-07
22481,1.5476E+12,4.18465E-07
22482,1.5476E+12,4.18465E-07
22483,1.5476E+12,4.18465E-07
22484,1.5476E+12,4.1847E-07
22485,1.5476E+12,4.1847E-07
22486,1.5475E+12,4.1847E-07
22487,1.5475E+12,4.1847E-07
22488,1.5475E+12,4.1847E-07
22489,1.5475E+12,4.1847E-07
22490,1.5475E+12,4.1847E-07
22491,1.5474E+12,4.18475E-07
22492,1.5474E+12,4.18475E-07
22493,1.5474E+12,4.18475E-07
22494,1.5474E+12,4.18475E-07
22495,1.5474E+12,4.18475E-07
22496,1.5474E+12,4.18475E-07
22497,1.5473E+12,4.18475E-07
22498,1.5473E+12,4.1848E-07
22499,1.5473E+12,4.1848E-07
22500,1.5473E+12,4.1848E-07
22501,1.5473E+12,4.1848E-07
22502,1.5472E+12,4.1848E-07
22503,1.5472E+12,4.1848E-07
22504,1.5472E+12,4.1848E-07
22505,1.5472E+12,4.18485E-07
22506,1.5472E+12,4.18485E-07
22507,1.5472E+12,4.18485E-07
22508,1.5471E+12,4.18485E-07
22509,1.5471E+12,4.18485E-07
22510,1.5471E+12,4.18485E-07
22511,1.5471E+12,4.18485E-07
22512,1.5471E+12,4.1849E-07
22513,1.5471E+12,4.1849E-07
22514,1.547E+12,4.1849E-07
22515,1.547E+12,4.1849E-07
22516,1.547E+12,4.1849E-07
22517,1.547E+12,4.1849E-07
22518,1.547E+12,4.1849E-07
22519,1.5469E+12,4.1849E-07
22520,1.5469E+12,4.18495E-07
22521,1.5469E+12,4.18495E-07
22522,1.5469E+12,4.18495E-07
22523,1.5469E+12,4.18495E-07
22524,1.5469E+12,4.18495E-07
22525,1.5468E+12,4.18495E-07
22526,1.5468E+12,4.18495E-07
22527,1.5468E+12,4.185E-07
22528,1.5468E+12,4.185E-07
22529,1.5468E+12,4.185E-07
22530,1.5468E+12,4.185E-07
22531,1.5467E+12,4.185E-07
22532,1.5467E+12,4.185E-07
22533,1.5467E+12,4.185E-07
22534,1.5467E+12,4.18505E-07
22535,1.5467E+12,4.18505E-07
22536,1.5466E+12,4.18505E-07
22537,1.5466E+12,4.18505E-07
22538,1.5466E+12,4.18505E-07
22539,1.5466E+12,4.18505E-07
22540,1.5466E+12,4.18505E-07
22541,1.5466E+12,4.1851E-07
22542,1.5465E+12,4.1851E-07
22543,1.5465E+12,4.1851E-07
22544,1.5465E+12,4.1851E-07
22545,1.5465E+12,4.1851E-07
22546,1.5465E+12,4.1851E-07
22547,1.5465E+12,4.1851E-07
22548,1.5464E+12,4.1851E-07
22549,1.5464E+12,4.18515E-07
22550,1.5464E+12,4.18515E-07
22551,1.5464E+12,4.18515E-07
22552,1.5464E+12,4.18515E-07
22553,1.5463E+12,4.18515E-07
22554,1.5463E+12,4.18515E-07
22555,1.5463E+12,4.18515E-07
22556,1.5463E+12,4.1852E-07
22557,1.5463E+12,4.1852E-07
22558,1.5463E+12,4.1852E-07
22559,1.5462E+12,4.1852E-07
22560,1.5462E+12,4.1852E-07
22561,1.5462E+12,4.1852E-07
22562,1.5462E+12,4.1852E-07
22563,1.5462E+12,4.18525E-07
22564,1.5461E+12,4.18525E-07
22565,1.5461E+12,4.18525E-07
22566,1.5461E+12,4.18525E-07
22567,1.5461E+12,4.18525E-07
22568,1.5461E+12,4.18525E-07
22569,1.5461E+12,4.18525E-07
22570,1.546E+12,4.1853E-07
22571,1.546E+12,4.1853E-07
22572,1.546E+12,4.1853E-07
22573,1.546E+12,4.1853E-07
22574,1.546E+12,4.1853E-07
22575,1.546E+12,4.1853E-07
22576,1.5459E+12,4.1853E-07
22577,1.5459E+12,4.1853E-07
22578,1.5459E+12,4.18535E-07
22579,1.5459E+12,4.18535E-07
22580,1.5459E+12,4.18535E-07
22581,1.5458E+12,4.18535E-07
22582,1.5458E+12,4.18535E-07
22583,1.5458E+12,4.18535E-07
22584,1.5458E+12,4.18535E-07
22585,1.5458E+12,4.1854E-07
22586,1.5458E+12,4.1854E-07
22587,1.5457E+12,4.1854E-07
22588,1.5457E+12,4.1854E-07
22589,1.5457E+12,4.1854E-07
22590,1.5457E+12,4.1854E-07
22591,1.5457E+12,4.1854E-07
22592,1.5457E+12,4.18545E-07
22593,1.5456E+12,4.18545E-07
22594,1.5456E+12,4.18545E-07
22595,1.5456E+12,4.18545E-07
22596,1.5456E+12,4.18545E-07
22597,1.5456E+12,4.18545E-07
22598,1.5455E+12,4.18545E-07
22599,1.5455E+12,4.1855E-07
22600,1.5455E+12,4.1855E-07
22601,1.5455E+12,4.1855E-07
22602,1.5455E+12,4.1855E-07
22603,1.5455E+12,4.1855E-07
22604,1.5454E+12,4.1855E-07
22605,1.5454E+12,4.1855E-07
22606,1.5454E+12,4.1855E-07
22607,1.5454E+12,4.18555E-07
22608,1.5454E+12,4.18555E-07
22609,1.5454E+12,4.18555E-07
22610,1.5453E+12,4.18555E-07
22611,1.5453E+12,4.18555E-07
22612,1.5453E+12,4.18555E-07
22613,1.5453E+12,4.18555E-07
22614,1.5453E+12,4.1856E-07
22615,1.5452E+12,4.1856E-07
22616,1.5452E+12,4.1856E-07
22617,1.5452E+12,4.1856E-07
22618,1.5452E+12,4.1856E-07
22619,1.5452E+12,4.1856E-07
22620,1.5452E+12,4.1856E-07
22621,1.5451E+12,4.18565E-07
22622,1.5451E+12,4.18565E-07
22623,1.5451E+12,4.18565E-07
22624,1.5451E+12,4.18565E-07
22625,1.5451E+12,4.18565E-07
22626,1.5451E+12,4.18565E-07
22627,1.545E+12,4.18565E-07
22628,1.545E+12,4.18565E-07
22629,1.545E+12,4.1857E-07
22630,1.545E+12,4.1857E-07
22631,1.545E+12,4.1857E-07
22632,1.5449E+12,4.1857E-07
22633,1.5449E+12,4.1857E-07
22634,1.5449E+12,4.1857E-07
22635,1.5449E+12,4.1857E-07
22636,1.5449E+12,4.18575E-07
22637,1.5449E+12,4.18575E-07
22638,1.5448E+12,4.18575E-07
22639,1.5448E+12,4.18575E-07
22640,1.5448E+12,4.18575E-07
22641,1.5448E+12,4.18575E-07
22642,1.5448E+12,4.18575E-07
22643,1.5448E+12,4.1858E-07
22644,1.5447E+12,4.1858E-07
22645,1.5447E+12,4.1858E-07
22646,1.5447E+12,4.1858E-07
22647,1.5447E+12,4.1858E-07
22648,1.5447E+12,4.1858E-07
22649,1.5446E+12,4.1858E-07
22650,1.5446E+12,4.18585E-07
22651,1.5446E+12,4.18585E-07
22652,1.5446E+12,4.18585E-07
22653,1.5446E+12,4.18585E-07
22654,1.5446E+12,4.18585E-07
22655,1.5445E+12,4.18585E-07
22656,1.5445E+12,4.18585E-07
22657,1.5445E+12,4.18585E-07
22658,1.5445E+12,4.1859E-07
22659,1.5445E+12,4.1859E-07
22660,1.5445E+12,4.1859E-07
22661,1.5444E+12,4.1859E-07
22662,1.5444E+12,4.1859E-07
22663,1.5444E+12,4.1859E-07
22664,1.5444E+12,4.1859E-07
22665,1.5444E+12,4.18595E-07
22666,1.5444E+12,4.18595E-07
22667,1.5443E+12,4.18595E-07
22668,1.5443E+12,4.18595E-07
22669,1.5443E+12,4.18595E-07
22670,1.5443E+12,4.18595E-07
22671,1.5443E+12,4.18595E-07
22672,1.5442E+12,4.186E-07
22673,1.5442E+12,4.186E-07
22674,1.5442E+12,4.186E-07
22675,1.5442E+12,4.186E-07
22676,1.5442E+12,4.186E-07
22677,1.5442E+12,4.186E-07
22678,1.5441E+12,4.186E-07
22679,1.5441E+12,4.186E-07
22680,1.5441E+12,4.18605E-07
22681,1.5441E+12,4.18605E-07
22682,1.5441E+12,4.18605E-07
22683,1.5441E+12,4.18605E-07
22684,1.544E+12,4.18605E-07
22685,1.544E+12,4.18605E-07
22686,1.544E+12,4.18605E-07
22687,1.544E+12,4.1861E-07
22688,1.544E+12,4.1861E-07
22689,1.5439E+12,4.1861E-07
22690,1.5439E+12,4.1861E-07
22691,1.5439E+12,4.1861E-07
22692,1.5439E+12,4.1861E-07
22693,1.5439E+12,4.1861E-07
22694,1.5439E+12,4.18615E-07
22695,1.5438E+12,4.18615E-07
22696,1.5438E+12,4.18615E-07
22697,1.5438E+12,4.18615E-07
22698,1.5438E+12,4.18615E-07
22699,1.5438E+12,4.18615E-07
22700,1.5438E+12,4.18615E-07
22701,1.5437E+12,4.1862E-07
22702,1.5437E+12,4.1862E-07
22703,1.5437E+12,4.1862E-07
22704,1.5437E+12,4.1862E-07
22705,1.5437E+12,4.1862E-07
22706,1.5436E+12,4.1862E-07
22707,1.5436E+12,4.1862E-07
22708,1.5436E+12,4.1862E-07
22709,1.5436E+12,4.18625E-07
22710,1.5436E+12,4.18625E-07
22711,1.5436E+12,4.18625E-07
22712,1.5435E+12,4.18625E-07
22713,1.5435E+12,4.18625E-07
22714,1.5435E+12,4.18625E-07
22715,1.5435E+12,4.18625E-07
22716,1.5435E+12,4.1863E-07
22717,1.5435E+12,4.1863E-07
22718,1.5434E+12,4.1863E-07
22719,1.5434E+12,4.1863E-07
22720,1.5434E+12,4.1863E-07
22721,1.5434E+12,4.1863E-07
22722,1.5434E+12,4.1863E-07
22723,1.5433E+12,4.18635E-07
22724,1.5433E+12,4.18635E-07
22725,1.5433E+12,4.18635E-07
22726,1.5433E+12,4.18635E-07
22727,1.5433E+12,4.18635E-07
22728,1.5433E+12,4.18635E-07
22729,1.5432E+12,4.18635E-07
22730,1.5432E+12,4.18635E-07
22731,1.5432E+12,4.1864E-07
22732,1.5432E+12,4.1864E-07
22733,1.5432E+12,4.1864E-07
22734,1.5432E+12,4.1864E-07
22735,1.5431E+12,4.1864E-07
22736,1.5431E+12,4.1864E-07
22737,1.5431E+12,4.1864E-07
22738,1.5431E+12,4.18645E-07
22739,1.5431E+12,4.18645E-07
22740,1.5431E+12,4.18645E-07
22741,1.543E+12,4.18645E-07
22742,1.543E+12,4.18645E-07
22743,1.543E+12,4.18645E-07
22744,1.543E+12,4.18645E-07
22745,1.543E+12,4.1865E-07
22746,1.5429E+12,4.1865E-07
22747,1.5429E+12,4.1865E-07
22748,1.5429E+12,4.1865E-07
22749,1.5429E+12,4.1865E-07
22750,1.5429E+12,4.1865E-07
22751,1.5429E+12,4.1865E-07
22752,1.5428E+12,4.1865E-07
22753,1.5428E+12,4.18655E-07
22754,1.5428E+12,4.18655E-07
22755,1.5428E+12,4.18655E-07
22756,1.5428E+12,4.18655E-07
22757,1.5428E+12,4.18655E-07
22758,1.5427E+12,4.18655E-07
22759,1.5427E+12,4.18655E-07
22760,1.5427E+12,4.1866E-07
22761,1.5427E+12,4.1866E-07
22762,1.5427E+12,4.1866E-07
22763,1.5426E+12,4.1866E-07
22764,1.5426E+12,4.1866E-07
22765,1.5426E+12,4.1866E-07
22766,1.5426E+12,4.1866E-07
22767,1.5426E+12,4.18665E-07
22768,1.5426E+12,4.18665E-07
22769,1.5425E+12,4.18665E-07
22770,1.5425E+12,4.18665E-07
22771,1.5425E+12,4.18665E-07
22772,1.5425E+12,4.18665E-07
22773,1.5425E+12,4.18665E-07
22774,1.5425E+12,4.18665E-07
22775,1.5424E+12,4.1867E-07
22776,1.5424E+12,4.1867E-07
22777,1.5424E+12,4.1867E-07
22778,1.5424E+12,4.1867E-07
22779,1.5424E+12,4.1867E-07
22780,1.5424E+12,4.1867E-07
22781,1.5423E+12,4.1867E-07
22782,1.5423E+12,4.18675E-07
22783,1.5423E+12,4.18675E-07
22784,1.5423E+12,4.18675E-07
22785,1.5423E+12,4.18675E-07
22786,1.5422E+12,4.18675E-07
22787,1.5422E+12,4.18675E-07
22788,1.5422E+12,4.18675E-07
22789,1.5422E+12,4.1868E-07
22790,1.5422E+12,4.1868E-07
22791,1.5422E+12,4.1868E-07
22792,1.5421E+12,4.1868E-07
22793,1.5421E+12,4.1868E-07
22794,1.5421E+12,4.1868E-07
22795,1.5421E+12,4.1868E-07
22796,1.5421E+12,4.1868E-07
22797,1.5421E+12,4.18685E-07
22798,1.542E+12,4.18685E-07
22799,1.542E+12,4.18685E-07
22800,1.542E+12,4.18685E-07
22801,1.542E+12,4.18685E-07
22802,1.542E+12,4.18685E-07
22803,1.542E+12,4.18685E-07
22804,1.5419E+12,4.1869E-07
22805,1.5419E+12,4.1869E-07
22806,1.5419E+12,4.1869E-07
22807,1.5419E+12,4.1869E-07
22808,1.5419E+12,4.1869E-07
22809,1.5418E+12,4.1869E-07
22810,1.5418E+12,4.1869E-07
22811,1.5418E+12,4.18695E-07
22812,1.5418E+12,4.18695E-07
22813,1.5418E+12,4.18695E-07
22814,1.5418E+12,4.18695E-07
22815,1.5417E+12,4.18695E-07
22816,1.5417E+12,4.18695E-07
22817,1.5417E+12,4.18695E-07
22818,1.5417E+12,4.18695E-07
22819,1.5417E+12,4.187E-07
22820,1.5417E+12,4.187E-07
22821,1.5416E+12,4.187E-07
22822,1.5416E+12,4.187E-07
22823,1.5416E+12,4.187E-07
22824,1.5416E+12,4.187E-07
22825,1.5416E+12,4.187E-07
22826,1.5415E+12,4.18705E-07
22827,1.5415E+12,4.18705E-07
22828,1.5415E+12,4.18705E-07
22829,1.5415E+12,4.18705E-07
22830,1.5415E+12,4.18705E-07
22831,1.5415E+12,4.18705E-07
22832,1.5414E+12,4.18705E-07
22833,1.5414E+12,4.1871E-07
22834,1.5414E+12,4.1871E-07
22835,1.5414E+12,4.1871E-07
22836,1.5414E+12,4.1871E-07
22837,1.5414E+12,4.1871E-07
22838,1.5413E+12,4.1871E-07
22839,1.5413E+12,4.1871E-07
22840,1.5413E+12,4.1871E-07
22841,1.5413E+12,4.18715E-07
22842,1.5413E+12,4.18715E-07
22843,1.5413E+12,4.18715E-07
22844,1.5412E+12,4.18715E-07
22845,1.5412E+12,4.18715E-07
22846,1.5412E+12,4.18715E-07
22847,1.5412E+12,4.18715E-07
22848,1.5412E+12,4.1872E-07
22849,1.5411E+12,4.1872E-07
22850,1.5411E+12,4.1872E-07
22851,1.5411E+12,4.1872E-07
22852,1.5411E+12,4.1872E-07
22853,1.5411E+12,4.1872E-07
22854,1.5411E+12,4.1872E-07
22855,1.541E+12,4.18725E-07
22856,1.541E+12,4.18725E-07
22857,1.541E+12,4.18725E-07
22858,1.541E+12,4.18725E-07
22859,1.541E+12,4.18725E-07
22860,1.541E+12,4.18725E-07
22861,1.5409E+12,4.18725E-07
22862,1.5409E+12,4.18725E-07
22863,1.5409E+12,4.1873E-07
22864,1.5409E+12,4.1873E-07
22865,1.5409E+12,4.1873E-07
22866,1.5409E+12,4.1873E-07
22867,1.5408E+12,4.1873E-07
22868,1.5408E+12,4.1873E-07
22869,1.5408E+12,4.1873E-07
22870,1.5408E+12,4.18735E-07
22871,1.5408E+12,4.18735E-07
22872,1.5407E+12,4.18735E-07
22873,1.5407E+12,4.18735E-07
22874,1.5407E+12,4.18735E-07
22875,1.5407E+12,4.18735E-07
22876,1.5407E+12,4.18735E-07
22877,1.5407E+12,4.1874E-07
22878,1.5406E+12,4.1874E-07
22879,1.5406E+12,4.1874E-07
22880,1.5406E+12,4.1874E-07
22881,1.5406E+12,4.1874E-07
22882,1.5406E+12,4.1874E-07
22883,1.5406E+12,4.1874E-07
22884,1.5405E+12,4.1874E-07
22885,1.5405E+12,4.18745E-07
22886,1.5405E+12,4.18745E-07
22887,1.5405E+12,4.18745E-07
22888,1.5405E+12,4.18745E-07
22889,1.5405E+12,4.18745E-07
22890,1.5404E+12,4.18745E-07
22891,1.5404E+12,4.18745E-07
22892,1.5404E+12,4.1875E-07
22893,1.5404E+12,4.1875E-07
22894,1.5404E+12,4.1875E-07
22895,1.5403E+12,4.1875E-07
22896,1.5403E+12,4.1875E-07
22897,1.5403E+12,4.1875E-07
22898,1.5403E+12,4.1875E-07
22899,1.5403E+12,4.18755E-07
22900,1.5403E+12,4.18755E-07
22901,1.5402E+12,4.18755E-07
22902,1.5402E+12,4.18755E-07
22903,1.5402E+12,4.18755E-07
22904,1.5402E+12,4.18755E-07
22905,1.5402E+12,4.18755E-07
22906,1.5402E+12,4.18755E-07
22907,1.5401E+12,4.1876E-07
22908,1.5401E+12,4.1876E-07
22909,1.5401E+12,4.1876E-07
22910,1.5401E+12,4.1876E-07
22911,1.5401E+12,4.1876E-07
22912,1.5401E+12,4.1876E-07
22913,1.54E+12,4.1876E-07
22914,1.54E+12,4.18765E-07
22915,1.54E+12,4.18765E-07
22916,1.54E+12,4.18765E-07
22917,1.54E+12,4.18765E-07
22918,1.5399E+12,4.18765E-07
22919,1.5399E+12,4.18765E-07
22920,1.5399E+12,4.18765E-07
22921,1.5399E+12,4.18765E-07
22922,1.5399E+12,4.1877E-07
22923,1.5399E+12,4.1877E-07
22924,1.5398E+12,4.1877E-07
22925,1.5398E+12,4.1877E-07
22926,1.5398E+12,4.1877E-07
22927,1.5398E+12,4.1877E-07
22928,1.5398E+12,4.1877E-07
22929,1.5398E+12,4.18775E-07
22930,1.5397E+12,4.18775E-07
22931,1.5397E+12,4.18775E-07
22932,1.5397E+12,4.18775E-07
22933,1.5397E+12,4.18775E-07
22934,1.5397E+12,4.18775E-07
22935,1.5397E+12,4.18775E-07
22936,1.5396E+12,4.1878E-07
22937,1.5396E+12,4.1878E-07
22938,1.5396E+12,4.1878E-07
22939,1.5396E+12,4.1878E-07
22940,1.5396E+12,4.1878E-07
22941,1.5396E+12,4.1878E-07
22942,1.5395E+12,4.1878E-07
22943,1.5395E+12,4.1878E-07
22944,1.5395E+12,4.18785E-07
22945,1.5395E+12,4.18785E-07
22946,1.5395E+12,4.18785E-07
22947,1.5394E+12,4.18785E-07
22948,1.5394E+12,4.18785E-07
22949,1.5394E+12,4.18785E-07
22950,1.5394E+12,4.18785E-07
22951,1.5394E+12,4.1879E-07
22952,1.5394E+12,4.1879E-07
22953,1.5393E+12,4.1879E-07
22954,1.5393E+12,4.1879E-07
22955,1.5393E+12,4.1879E-07
22956,1.5393E+12,4.1879E-07
22957,1.5393E+12,4.1879E-07
22958,1.5393E+12,4.18795E-07
22959,1.5392E+12,4.18795E-07
22960,1.5392E+12,4.18795E-07
22961,1.5392E+12,4.18795E-07
22962,1.5392E+12,4.18795E-07
22963,1.5392E+12,4.18795E-07
22964,1.5392E+12,4.18795E-07
22965,1.5391E+12,4.18795E-07
22966,1.5391E+12,4.188E-07
22967,1.5391E+12,4.188E-07
22968,1.5391E+12,4.188E-07
22969,1.5391E+12,4.188E-07
22970,1.539E+12,4.188E-07
22971,1.539E+12,4.188E-07
22972,1.539E+12,4.188E-07
22973,1.539E+12,4.18805E-07
22974,1.539E+12,4.18805E-07
22975,1.539E+12,4.18805E-07
22976,1.5389E+12,4.18805E-07
22977,1.5389E+12,4.18805E-07
22978,1.5389E+12,4.18805E-07
22979,1.5389E+12,4.18805E-07
22980,1.5389E+12,4.18805E-07
22981,1.5389E+12,4.1881E-07
22982,1.5388E+12,4.1881E-07
22983,1.5388E+12,4.1881E-07
22984,1.5388E+12,4.1881E-07
22985,1.5388E+12,4.1881E-07
22986,1.5388E+12,4.1881E-07
22987,1.5388E+12,4.1881E-07
22988,1.5387E+12,4.18815E-07
22989,1.5387E+12,4.18815E-07
22990,1.5387E+12,4.18815E-07
22991,1.5387E+12,4.18815E-07
22992,1.5387E+12,4.18815E-07
22993,1.5387E+12,4.18815E-07
22994,1.5386E+12,4.18815E-07
22995,1.5386E+12,4.1882E-07
22996,1.5386E+12,4.1882E-07
22997,1.5386E+12,4.1882E-07
22998,1.5386E+12,4.1882E-07
22999,1.5385E+12,4.1882E-07
23000,1.5385E+12,4.1882E-07
23001,1.5385E+12,4.1882E-07
23002,1.5385E+12,4.1882E-07
23003,1.5385E+12,4.18825E-07
23004,1.5385E+12,4.18825E-07
23005,1.5384E+12,4.18825E-07
23006,1.5384E+12,4.18825E-07
23007,1.5384E+12,4.18825E-07
23008,1.5384E+12,4.18825E-07
23009,1.5384E+12,4.18825E-07
23010,1.5384E+12,4.1883E-07
23011,1.5383E+12,4.1883E-07
23012,1.5383E+12,4.1883E-07
23013,1.5383E+12,4.1883E-07
23014,1.5383E+12,4.1883E-07
23015,1.5383E+12,4.1883E-07
23016,1.5383E+12,4.1883E-07
23017,1.5382E+12,4.1883E-07
23018,1.5382E+12,4.18835E-07
23019,1.5382E+12,4.18835E-07
23020,1.5382E+12,4.18835E-07
23021,1.5382E+12,4.18835E-07
23022,1.5382E+12,4.18835E-07
23023,1.5381E+12,4.18835E-07
23024,1.5381E+12,4.18835E-07
23025,1.5381E+12,4.1884E-07
23026,1.5381E+12,4.1884E-07
23027,1.5381E+12,4.1884E-07
23028,1.538E+12,4.1884E-07
23029,1.538E+12,4.1884E-07
23030,1.538E+12,4.1884E-07
23031,1.538E+12,4.1884E-07
23032,1.538E+12,4.1884E-07
23033,1.538E+12,4.18845E-07
23034,1.5379E+12,4.18845E-07
23035,1.5379E+12,4.18845E-07
23036,1.5379E+12,4.18845E-07
23037,1.5379E+12,4.18845E-07
23038,1.5379E+12,4.18845E-07
23039,1.5379E+12,4.18845E-07
23040,1.5378E+12,4.1885E-07
23041,1.5378E+12,4.1885E-07
23042,1.5378E+12,4.1885E-07
23043,1.5378E+12,4.1885E-07
23044,1.5378E+12,4.1885E-07
23045,1.5378E+12,4.1885E-07
23046,1.5377E+12,4.1885E-07
23047,1.5377E+12,4.18855E-07
23048,1.5377E+12,4.18855E-07
23049,1.5377E+12,4.18855E-07
23050,1.5377E+12,4.18855E-07
23051,1.5377E+12,4.18855E-07
23052,1.5376E+12,4.18855E-07
23053,1.5376E+12,4.18855E-07
23054,1.5376E+12,4.18855E-07
23055,1.5376E+12,4.1886E-07
23056,1.5376E+12,4.1886E-07
23057,1.5375E+12,4.1886E-07
23058,1.5375E+12,4.1886E-07
23059,1.5375E+12,4.1886E-07
23060,1.5375E+12,4.1886E-07
23061,1.5375E+12,4.1886E-07
23062,1.5375E+12,4.18865E-07
23063,1.5374E+12,4.18865E-07
23064,1.5374E+12,4.18865E-07
23065,1.5374E+12,4.18865E-07
23066,1.5374E+12,4.18865E-07
23067,1.5374E+12,4.18865E-07
23068,1.5374E+12,4.18865E-07
23069,1.5373E+12,4.18865E-07
23070,1.5373E+12,4.1887E-07
23071,1.5373E+12,4.1887E-07
23072,1.5373E+12,4.1887E-07
23073,1.5373E+12,4.1887E-07
23074,1.5373E+12,4.1887E-07
23075,1.5372E+12,4.1887E-07
23076,1.5372E+12,4.1887E-07
23077,1.5372E+12,4.18875E-07
23078,1.5372E+12,4.18875E-07
23079,1.5372E+12,4.18875E-07
23080,1.5372E+12,4.18875E-07
23081,1.5371E+12,4.18875E-07
23082,1.5371E+12,4.18875E-07
23083,1.5371E+12,4.18875E-07
23084,1.5371E+12,4.1888E-07
23085,1.5371E+12,4.1888E-07
23086,1.5371E+12,4.1888E-07
23087,1.537E+12,4.1888E-07
23088,1.537E+12,4.1888E-07
23089,1.537E+12,4.1888E-07
23090,1.537E+12,4.1888E-07
23091,1.537E+12,4.1888E-07
23092,1.5369E+12,4.18885E-07
23093,1.5369E+12,4.18885E-07
23094,1.5369E+12,4.18885E-07
23095,1.5369E+12,4.18885E-07
23096,1.5369E+12,4.18885E-07
23097,1.5369E+12,4.18885E-07
23098,1.5368E+12,4.18885E-07
23099,1.5368E+12,4.1889E-07
23100,1.5368E+12,4.1889E-07
23101,1.5368E+12,4.1889E-07
23102,1.5368E+12,4.1889E-07
23103,1.5368E+12,4.1889E-07
23104,1.5367E+12,4.1889E-07
23105,1.5367E+12,4.1889E-07
23106,1.5367E+12,4.1889E-07
23107,1.5367E+12,4.18895E-07
23108,1.5367E+12,4.18895E-07
23109,1.5367E+12,4.18895E-07
23110,1.5366E+12,4.18895E-07
23111,1.5366E+12,4.18895E-07
23112,1.5366E+12,4.18895E-07
23113,1.5366E+12,4.18895E-07
23114,1.5366E+12,4.189E-07
23115,1.5366E+12,4.189E-07
23116,1.5365E+12,4.189E-07
23117,1.5365E+12,4.189E-07
23118,1.5365E+12,4.189E-07
23119,1.5365E+12,4.189E-07
23120,1.5365E+12,4.189E-07
23121,1.5364E+12,4.189E-07
23122,1.5364E+12,4.18905E-07
23123,1.5364E+12,4.18905E-07
23124,1.5364E+12,4.18905E-07
23125,1.5364E+12,4.18905E-07
23126,1.5364E+12,4.18905E-07
23127,1.5363E+12,4.18905E-07
23128,1.5363E+12,4.18905E-07
23129,1.5363E+12,4.1891E-07
23130,1.5363E+12,4.1891E-07
23131,1.5363E+12,4.1891E-07
23132,1.5363E+12,4.1891E-07
23133,1.5362E+12,4.1891E-07
23134,1.5362E+12,4.1891E-07
23135,1.5362E+12,4.1891E-07
23136,1.5362E+12,4.1891E-07
23137,1.5362E+12,4.18915E-07
23138,1.5362E+12,4.18915E-07
23139,1.5361E+12,4.18915E-07
23140,1.5361E+12,4.18915E-07
23141,1.5361E+12,4.18915E-07
23142,1.5361E+12,4.18915E-07
23143,1.5361E+12,4.18915E-07
23144,1.5361E+12,4.1892E-07
23145,1.536E+12,4.1892E-07
23146,1.536E+12,4.1892E-07
23147,1.536E+12,4.1892E-07
23148,1.536E+12,4.1892E-07
23149,1.536E+12,4.1892E-07
23150,1.536E+12,4.1892E-07
23151,1.5359E+12,4.18925E-07
23152,1.5359E+12,4.18925E-07
23153,1.5359E+12,4.18925E-07
23154,1.5359E+12,4.18925E-07
23155,1.5359E+12,4.18925E-07
23156,1.5359E+12,4.18925E-07
23157,1.5358E+12,4.18925E-07
23158,1.5358E+12,4.18925E-07
23159,1.5358E+12,4.1893E-07
23160,1.5358E+12,4.1893E-07
23161,1.5358E+12,4.1893E-07
23162,1.5357E+12,4.1893E-07
23163,1.5357E+12,4.1893E-07
23164,1.5357E+12,4.1893E-07
23165,1.5357E+12,4.1893E-07
23166,1.5357E+12,4.18935E-07
23167,1.5357E+12,4.18935E-07
23168,1.5356E+12,4.18935E-07
23169,1.5356E+12,4.18935E-07
23170,1.5356E+12,4.18935E-07
23171,1.5356E+12,4.18935E-07
23172,1.5356E+12,4.18935E-07
23173,1.5356E+12,4.18935E-07
23174,1.5355E+12,4.1894E-07
23175,1.5355E+12,4.1894E-07
23176,1.5355E+12,4.1894E-07
23177,1.5355E+12,4.1894E-07
23178,1.5355E+12,4.1894E-07
23179,1.5355E+12,4.1894E-07
23180,1.5354E+12,4.1894E-07
23181,1.5354E+12,4.18945E-07
23182,1.5354E+12,4.18945E-07
23183,1.5354E+12,4.18945E-07
23184,1.5354E+12,4.18945E-07
23185,1.5354E+12,4.18945E-07
23186,1.5353E+12,4.18945E-07
23187,1.5353E+12,4.18945E-07
23188,1.5353E+12,4.18945E-07
23189,1.5353E+12,4.1895E-07
23190,1.5353E+12,4.1895E-07
23191,1.5353E+12,4.1895E-07
23192,1.5352E+12,4.1895E-07
23193,1.5352E+12,4.1895E-07
23194,1.5352E+12,4.1895E-07
23195,1.5352E+12,4.1895E-07
23196,1.5352E+12,4.18955E-07
23197,1.5351E+12,4.18955E-07
23198,1.5351E+12,4.18955E-07
23199,1.5351E+12,4.18955E-07
23200,1.5351E+12,4.18955E-07
23201,1.5351E+12,4.18955E-07
23202,1.5351E+12,4.18955E-07
23203,1.535E+12,4.18955E-07
23204,1.535E+12,4.1896E-07
23205,1.535E+12,4.1896E-07
23206,1.535E+12,4.1896E-07
23207,1.535E+12,4.1896E-07
23208,1.535E+12,4.1896E-07
23209,1.5349E+12,4.1896E-07
23210,1.5349E+12,4.1896E-07
23211,1.5349E+12,4.18965E-07
23212,1.5349E+12,4.18965E-07
23213,1.5349E+12,4.18965E-07
23214,1.5349E+12,4.18965E-07
23215,1.5348E+12,4.18965E-07
23216,1.5348E+12,4.18965E-07
23217,1.5348E+12,4.18965E-07
23218,1.5348E+12,4.18965E-07
23219,1.5348E+12,4.1897E-07
23220,1.5348E+12,4.1897E-07
23221,1.5347E+12,4.1897E-07
23222,1.5347E+12,4.1897E-07
23223,1.5347E+12,4.1897E-07
23224,1.5347E+12,4.1897E-07
23225,1.5347E+12,4.1897E-07
23226,1.5347E+12,4.18975E-07
23227,1.5346E+12,4.18975E-07
23228,1.5346E+12,4.18975E-07
23229,1.5346E+12,4.18975E-07
23230,1.5346E+12,4.18975E-07
23231,1.5346E+12,4.18975E-07
23232,1.5346E+12,4.18975E-07
23233,1.5345E+12,4.18975E-07
23234,1.5345E+12,4.1898E-07
23235,1.5345E+12,4.1898E-07
23236,1.5345E+12,4.1898E-07
23237,1.5345E+12,4.1898E-07
23238,1.5345E+12,4.1898E-07
23239,1.5344E+12,4.1898E-07
23240,1.5344E+12,4.1898E-07
23241,1.5344E+12,4.18985E-07
23242,1.5344E+12,4.18985E-07
23243,1.5344E+12,4.18985E-07
23244,1.5343E+12,4.18985E-07
23245,1.5343E+12,4.18985E-07
23246,1.5343E+12,4.18985E-07
23247,1.5343E+12,4.18985E-07
23248,1.5343E+12,4.18985E-07
23249,1.5343E+12,4.1899E-07
23250,1.5342E+12,4.1899E-07
23251,1.5342E+12,4.1899E-07
23252,1.5342E+12,4.1899E-07
23253,1.5342E+12,4.1899E-07
23254,1.5342E+12,4.1899E-07
23255,1.5342E+12,4.1899E-07
23256,1.5341E+12,4.18995E-07
23257,1.5341E+12,4.18995E-07
23258,1.5341E+12,4.18995E-07
23259,1.5341E+12,4.18995E-07
23260,1.5341E+12,4.18995E-07
23261,1.5341E+12,4.18995E-07
23262,1.534E+12,4.18995E-07
23263,1.534E+12,4.18995E-07
23264,1.534E+12,0.000000419
23265,1.534E+12,0.000000419
23266,1.534E+12,0.000000419
23267,1.534E+12,0.000000419
23268,1.5339E+12,0.000000419
23269,1.5339E+12,0.000000419
23270,1.5339E+12,0.000000419
23271,1.5339E+12,4.19005E-07
23272,1.5339E+12,4.19005E-07
23273,1.5339E+12,4.19005E-07
23274,1.5338E+12,4.19005E-07
23275,1.5338E+12,4.19005E-07
23276,1.5338E+12,4.19005E-07
23277,1.5338E+12,4.19005E-07
23278,1.5338E+12,4.19005E-07
23279,1.5338E+12,4.1901E-07
23280,1.5337E+12,4.1901E-07
23281,1.5337E+12,4.1901E-07
23282,1.5337E+12,4.1901E-07
23283,1.5337E+12,4.1901E-07
23284,1.5337E+12,4.1901E-07
23285,1.5337E+12,4.1901E-07
23286,1.5336E+12,4.19015E-07
23287,1.5336E+12,4.19015E-07
23288,1.5336E+12,4.19015E-07
23289,1.5336E+12,4.19015E-07
23290,1.5336E+12,4.19015E-07
23291,1.5335E+12,4.19015E-07
23292,1.5335E+12,4.19015E-07
23293,1.5335E+12,4.19015E-07
23294,1.5335E+12,4.1902E-07
23295,1.5335E+12,4.1902E-07
23296,1.5335E+12,4.1902E-07
23297,1.5334E+12,4.1902E-07
23298,1.5334E+12,4.1902E-07
23299,1.5334E+12,4.1902E-07
23300,1.5334E+12,4.1902E-07
23301,1.5334E+12,4.19025E-07
23302,1.5334E+12,4.19025E-07
23303,1.5333E+12,4.19025E-07
23304,1.5333E+12,4.19025E-07
23305,1.5333E+12,4.19025E-07
23306,1.5333E+12,4.19025E-07
23307,1.5333E+12,4.19025E-07
23308,1.5333E+12,4.19025E-07
23309,1.5332E+12,4.1903E-07
23310,1.5332E+12,4.1903E-07
23311,1.5332E+12,4.1903E-07
23312,1.5332E+12,4.1903E-07
23313,1.5332E+12,4.1903E-07
23314,1.5332E+12,4.1903E-07
23315,1.5331E+12,4.1903E-07
23316,1.5331E+12,4.19035E-07
23317,1.5331E+12,4.19035E-07
23318,1.5331E+12,4.19035E-07
23319,1.5331E+12,4.19035E-07
23320,1.5331E+12,4.19035E-07
23321,1.533E+12,4.19035E-07
23322,1.533E+12,4.19035E-07
23323,1.533E+12,4.19035E-07
23324,1.533E+12,4.1904E-07
23325,1.533E+12,4.1904E-07
23326,1.533E+12,4.1904E-07
23327,1.5329E+12,4.1904E-07
23328,1.5329E+12,4.1904E-07
23329,1.5329E+12,4.1904E-07
23330,1.5329E+12,4.1904E-07
23331,1.5329E+12,4.19045E-07
23332,1.5329E+12,4.19045E-07
23333,1.5328E+12,4.19045E-07
23334,1.5328E+12,4.19045E-07
23335,1.5328E+12,4.19045E-07
23336,1.5328E+12,4.19045E-07
23337,1.5328E+12,4.19045E-07
23338,1.5328E+12,4.19045E-07
23339,1.5327E+12,4.1905E-07
23340,1.5327E+12,4.1905E-07
23341,1.5327E+12,4.1905E-07
23342,1.5327E+12,4.1905E-07
23343,1.5327E+12,4.1905E-07
23344,1.5327E+12,4.1905E-07
23345,1.5326E+12,4.1905E-07
23346,1.5326E+12,4.19055E-07
23347,1.5326E+12,4.19055E-07
23348,1.5326E+12,4.19055E-07
23349,1.5326E+12,4.19055E-07
23350,1.5325E+12,4.19055E-07
23351,1.5325E+12,4.19055E-07
23352,1.5325E+12,4.19055E-07
23353,1.5325E+12,4.19055E-07
23354,1.5325E+12,4.1906E-07
23355,1.5325E+12,4.1906E-07
23356,1.5324E+12,4.1906E-07
23357,1.5324E+12,4.1906E-07
23358,1.5324E+12,4.1906E-07
23359,1.5324E+12,4.1906E-07
23360,1.5324E+12,4.1906E-07
23361,1.5324E+12,4.19065E-07
23362,1.5323E+12,4.19065E-07
23363,1.5323E+12,4.19065E-07
23364,1.5323E+12,4.19065E-07
23365,1.5323E+12,4.19065E-07
23366,1.5323E+12,4.19065E-07
23367,1.5323E+12,4.19065E-07
23368,1.5322E+12,4.19065E-07
23369,1.5322E+12,4.1907E-07
23370,1.5322E+12,4.1907E-07
23371,1.5322E+12,4.1907E-07
23372,1.5322E+12,4.1907E-07
23373,1.5322E+12,4.1907E-07
23374,1.5321E+12,4.1907E-07
23375,1.5321E+12,4.1907E-07
23376,1.5321E+12,4.19075E-07
23377,1.5321E+12,4.19075E-07
23378,1.5321E+12,4.19075E-07
23379,1.5321E+12,4.19075E-07
23380,1.532E+12,4.19075E-07
23381,1.532E+12,4.19075E-07
23382,1.532E+12,4.19075E-07
23383,1.532E+12,4.19075E-07
23384,1.532E+12,4.1908E-07
23385,1.532E+12,4.1908E-07
23386,1.5319E+12,4.1908E-07
23387,1.5319E+12,4.1908E-07
23388,1.5319E+12,4.1908E-07
23389,1.5319E+12,4.1908E-07
23390,1.5319E+12,4.1908E-07
23391,1.5319E+12,4.19085E-07
23392,1.5318E+12,4.19085E-07
23393,1.5318E+12,4.19085E-07
23394,1.5318E+12,4.19085E-07
23395,1.5318E+12,4.19085E-07
23396,1.5318E+12,4.19085E-07
23397,1.5318E+12,4.19085E-07
23398,1.5317E+12,4.19085E-07
23399,1.5317E+12,4.1909E-07
23400,1.5317E+12,4.1909E-07
23401,1.5317E+12,4.1909E-07
23402,1.5317E+12,4.1909E-07
23403,1.5317E+12,4.1909E-07
23404,1.5316E+12,4.1909E-07
23405,1.5316E+12,4.1909E-07
23406,1.5316E+12,4.19095E-07
23407,1.5316E+12,4.19095E-07
23408,1.5316E+12,4.19095E-07
23409,1.5316E+12,4.19095E-07
23410,1.5315E+12,4.19095E-07
23411,1.5315E+12,4.19095E-07
23412,1.5315E+12,4.19095E-07
23413,1.5315E+12,4.19095E-07
23414,1.5315E+12,4.191E-07
23415,1.5315E+12,4.191E-07
23416,1.5314E+12,4.191E-07
23417,1.5314E+12,4.191E-07
23418,1.5314E+12,4.191E-07
23419,1.5314E+12,4.191E-07
23420,1.5314E+12,4.191E-07
23421,1.5313E+12,4.191E-07
23422,1.5313E+12,4.19105E-07
23423,1.5313E+12,4.19105E-07
23424,1.5313E+12,4.19105E-07
23425,1.5313E+12,4.19105E-07
23426,1.5313E+12,4.19105E-07
23427,1.5312E+12,4.19105E-07
23428,1.5312E+12,4.19105E-07
23429,1.5312E+12,4.1911E-07
23430,1.5312E+12,4.1911E-07
23431,1.5312E+12,4.1911E-07
23432,1.5312E+12,4.1911E-07
23433,1.5311E+12,4.1911E-07
23434,1.5311E+12,4.1911E-07
23435,1.5311E+12,4.1911E-07
23436,1.5311E+12,4.1911E-07
23437,1.5311E+12,4.19115E-07
23438,1.5311E+12,4.19115E-07
23439,1.531E+12,4.19115E-07
23440,1.531E+12,4.19115E-07
23441,1.531E+12,4.19115E-07
23442,1.531E+12,4.19115E-07
23443,1.531E+12,4.19115E-07
23444,1.531E+12,4.1912E-07
23445,1.5309E+12,4.1912E-07
23446,1.5309E+12,4.1912E-07
23447,1.5309E+12,4.1912E-07
23448,1.5309E+12,4.1912E-07
23449,1.5309E+12,4.1912E-07
23450,1.5309E+12,4.1912E-07
23451,1.5308E+12,4.1912E-07
23452,1.5308E+12,4.19125E-07
23453,1.5308E+12,4.19125E-07
23454,1.5308E+12,4.19125E-07
23455,1.5308E+12,4.19125E-07
23456,1.5308E+12,4.19125E-07
23457,1.5307E+12,4.19125E-07
23458,1.5307E+12,4.19125E-07
23459,1.5307E+12,4.1913E-07
23460,1.5307E+12,4.1913E-07
23461,1.5307E+12,4.1913E-07
23462,1.5307E+12,4.1913E-07
23463,1.5306E+12,4.1913E-07
23464,1.5306E+12,4.1913E-07
23465,1.5306E+12,4.1913E-07
23466,1.5306E+12,4.1913E-07
23467,1.5306E+12,4.19135E-07
23468,1.5306E+12,4.19135E-07
23469,1.5305E+12,4.19135E-07
23470,1.5305E+12,4.19135E-07
23471,1.5305E+12,4.19135E-07
23472,1.5305E+12,4.19135E-07
23473,1.5305E+12,4.19135E-07
23474,1.5305E+12,4.1914E-07
23475,1.5304E+12,4.1914E-07
23476,1.5304E+12,4.1914E-07
23477,1.5304E+12,4.1914E-07
23478,1.5304E+12,4.1914E-07
23479,1.5304E+12,4.1914E-07
23480,1.5304E+12,4.1914E-07
23481,1.5303E+12,4.1914E-07
23482,1.5303E+12,4.19145E-07
23483,1.5303E+12,4.19145E-07
23484,1.5303E+12,4.19145E-07
23485,1.5303E+12,4.19145E-07
23486,1.5303E+12,4.19145E-07
23487,1.5302E+12,4.19145E-07
23488,1.5302E+12,4.19145E-07
23489,1.5302E+12,4.19145E-07
23490,1.5302E+12,4.1915E-07
23491,1.5302E+12,4.1915E-07
23492,1.5302E+12,4.1915E-07
23493,1.5301E+12,4.1915E-07
23494,1.5301E+12,4.1915E-07
23495,1.5301E+12,4.1915E-07
23496,1.5301E+12,4.1915E-07
23497,1.5301E+12,4.19155E-07
23498,1.5301E+12,4.19155E-07
23499,1.53E+12,4.19155E-07
23500,1.53E+12,4.19155E-07
23501,1.53E+12,4.19155E-07
23502,1.53E+12,4.19155E-07
23503,1.53E+12,4.19155E-07
23504,1.53E+12,4.19155E-07
23505,1.5299E+12,4.1916E-07
23506,1.5299E+12,4.1916E-07
23507,1.5299E+12,4.1916E-07
23508,1.5299E+12,4.1916E-07
23509,1.5299E+12,4.1916E-07
23510,1.5299E+12,4.1916E-07
23511,1.5298E+12,4.1916E-07
23512,1.5298E+12,4.19165E-07
23513,1.5298E+12,4.19165E-07
23514,1.5298E+12,4.19165E-07
23515,1.5298E+12,4.19165E-07
23516,1.5298E+12,4.19165E-07
23517,1.5297E+12,4.19165E-07
23518,1.5297E+12,4.19165E-07
23519,1.5297E+12,4.19165E-07
23520,1.5297E+12,4.1917E-07
23521,1.5297E+12,4.1917E-07
23522,1.5297E+12,4.1917E-07
23523,1.5296E+12,4.1917E-07
23524,1.5296E+12,4.1917E-07
23525,1.5296E+12,4.1917E-07
23526,1.5296E+12,4.1917E-07
23527,1.5296E+12,4.1917E-07
23528,1.5296E+12,4.19175E-07
23529,1.5295E+12,4.19175E-07
23530,1.5295E+12,4.19175E-07
23531,1.5295E+12,4.19175E-07
23532,1.5295E+12,4.19175E-07
23533,1.5295E+12,4.19175E-07
23534,1.5294E+12,4.19175E-07
23535,1.5294E+12,4.1918E-07
23536,1.5294E+12,4.1918E-07
23537,1.5294E+12,4.1918E-07
23538,1.5294E+12,4.1918E-07
23539,1.5294E+12,4.1918E-07
23540,1.5293E+12,4.1918E-07
23541,1.5293E+12,4.1918E-07
23542,1.5293E+12,4.1918E-07
23543,1.5293E+12,4.19185E-07
23544,1.5293E+12,4.19185E-07
23545,1.5293E+12,4.19185E-07
23546,1.5292E+12,4.19185E-07
23547,1.5292E+12,4.19185E-07
23548,1.5292E+12,4.19185E-07
23549,1.5292E+12,4.19185E-07
23550,1.5292E+12,4.1919E-07
23551,1.5292E+12,4.1919E-07
23552,1.5291E+12,4.1919E-07
23553,1.5291E+12,4.1919E-07
23554,1.5291E+12,4.1919E-07
23555,1.5291E+12,4.1919E-07
23556,1.5291E+12,4.1919E-07
23557,1.5291E+12,4.1919E-07
23558,1.529E+12,4.19195E-07
23559,1.529E+12,4.19195E-07
23560,1.529E+12,4.19195E-07
23561,1.529E+12,4.19195E-07
23562,1.529E+12,4.19195E-07
23563,1.529E+12,4.19195E-07
23564,1.5289E+12,4.19195E-07
23565,1.5289E+12,4.192E-07
23566,1.5289E+12,4.192E-07
23567,1.5289E+12,4.192E-07
23568,1.5289E+12,4.192E-07
23569,1.5289E+12,4.192E-07
23570,1.5288E+12,4.192E-07
23571,1.5288E+12,4.192E-07
23572,1.5288E+12,4.192E-07
23573,1.5288E+12,4.19205E-07
23574,1.5288E+12,4.19205E-07
23575,1.5288E+12,4.19205E-07
23576,1.5287E+12,4.19205E-07
23577,1.5287E+12,4.19205E-07
23578,1.5287E+12,4.19205E-07
23579,1.5287E+12,4.19205E-07
23580,1.5287E+12,4.19205E-07
23581,1.5287E+12,4.1921E-07
23582,1.5286E+12,4.1921E-07
23583,1.5286E+12,4.1921E-07
23584,1.5286E+12,4.1921E-07
23585,1.5286E+12,4.1921E-07
23586,1.5286E+12,4.1921E-07
23587,1.5286E+12,4.1921E-07
23588,1.5285E+12,4.19215E-07
23589,1.5285E+12,4.19215E-07
23590,1.5285E+12,4.19215E-07
23591,1.5285E+12,4.19215E-07
23592,1.5285E+12,4.19215E-07
23593,1.5285E+12,4.19215E-07
23594,1.5284E+12,4.19215E-07
23595,1.5284E+12,4.19215E-07
23596,1.5284E+12,4.1922E-07
23597,1.5284E+12,4.1922E-07
23598,1.5284E+12,4.1922E-07
23599,1.5284E+12,4.1922E-07
23600,1.5283E+12,4.1922E-07
23601,1.5283E+12,4.1922E-07
23602,1.5283E+12,4.1922E-07
23603,1.5283E+12,4.1922E-07
23604,1.5283E+12,4.19225E-07
23605,1.5283E+12,4.19225E-07
23606,1.5282E+12,4.19225E-07
23607,1.5282E+12,4.19225E-07
23608,1.5282E+12,4.19225E-07
23609,1.5282E+12,4.19225E-07
23610,1.5282E+12,4.19225E-07
23611,1.5282E+12,4.1923E-07
23612,1.5281E+12,4.1923E-07
23613,1.5281E+12,4.1923E-07
23614,1.5281E+12,4.1923E-07
23615,1.5281E+12,4.1923E-07
23616,1.5281E+12,4.1923E-07
23617,1.5281E+12,4.1923E-07
23618,1.528E+12,4.1923E-07
23619,1.528E+12,4.19235E-07
23620,1.528E+12,4.19235E-07
23621,1.528E+12,4.19235E-07
23622,1.528E+12,4.19235E-07
23623,1.528E+12,4.19235E-07
23624,1.5279E+12,4.19235E-07
23625,1.5279E+12,4.19235E-07
23626,1.5279E+12,4.1924E-07
23627,1.5279E+12,4.1924E-07
23628,1.5279E+12,4.1924E-07
23629,1.5279E+12,4.1924E-07
23630,1.5278E+12,4.1924E-07
23631,1.5278E+12,4.1924E-07
23632,1.5278E+12,4.1924E-07
23633,1.5278E+12,4.1924E-07
23634,1.5278E+12,4.19245E-07
23635,1.5278E+12,4.19245E-07
23636,1.5277E+12,4.19245E-07
23637,1.5277E+12,4.19245E-07
23638,1.5277E+12,4.19245E-07
23639,1.5277E+12,4.19245E-07
23640,1.5277E+12,4.19245E-07
23641,1.5277E+12,4.19245E-07
23642,1.5276E+12,4.1925E-07
23643,1.5276E+12,4.1925E-07
23644,1.5276E+12,4.1925E-07
23645,1.5276E+12,4.1925E-07
23646,1.5276E+12,4.1925E-07
23647,1.5276E+12,4.1925E-07
23648,1.5275E+12,4.1925E-07
23649,1.5275E+12,4.19255E-07
23650,1.5275E+12,4.19255E-07
23651,1.5275E+12,4.19255E-07
23652,1.5275E+12,4.19255E-07
23653,1.5275E+12,4.19255E-07
23654,1.5274E+12,4.19255E-07
23655,1.5274E+12,4.19255E-07
23656,1.5274E+12,4.19255E-07
23657,1.5274E+12,4.1926E-07
23658,1.5274E+12,4.1926E-07
23659,1.5274E+12,4.1926E-07
23660,1.5273E+12,4.1926E-07
23661,1.5273E+12,4.1926E-07
23662,1.5273E+12,4.1926E-07
23663,1.5273E+12,4.1926E-07
23664,1.5273E+12,4.1926E-07
23665,1.5273E+12,4.19265E-07
23666,1.5272E+12,4.19265E-07
23667,1.5272E+12,4.19265E-07
23668,1.5272E+12,4.19265E-07
23669,1.5272E+12,4.19265E-07
23670,1.5272E+12,4.19265E-07
23671,1.5272E+12,4.19265E-07
23672,1.5271E+12,4.1927E-07
23673,1.5271E+12,4.1927E-07
23674,1.5271E+12,4.1927E-07
23675,1.5271E+12,4.1927E-07
23676,1.5271E+12,4.1927E-07
23677,1.5271E+12,4.1927E-07
23678,1.527E+12,4.1927E-07
23679,1.527E+12,4.1927E-07
23680,1.527E+12,4.19275E-07
23681,1.527E+12,4.19275E-07
23682,1.527E+12,4.19275E-07
23683,1.527E+12,4.19275E-07
23684,1.5269E+12,4.19275E-07
23685,1.5269E+12,4.19275E-07
23686,1.5269E+12,4.19275E-07
23687,1.5269E+12,4.1928E-07
23688,1.5269E+12,4.1928E-07
23689,1.5269E+12,4.1928E-07
23690,1.5268E+12,4.1928E-07
23691,1.5268E+12,4.1928E-07
23692,1.5268E+12,4.1928E-07
23693,1.5268E+12,4.1928E-07
23694,1.5268E+12,4.1928E-07
23695,1.5268E+12,4.19285E-07
23696,1.5267E+12,4.19285E-07
23697,1.5267E+12,4.19285E-07
23698,1.5267E+12,4.19285E-07
23699,1.5267E+12,4.19285E-07
23700,1.5267E+12,4.19285E-07
23701,1.5267E+12,4.19285E-07
23702,1.5266E+12,4.19285E-07
23703,1.5266E+12,4.1929E-07
23704,1.5266E+12,4.1929E-07
23705,1.5266E+12,4.1929E-07
23706,1.5266E+12,4.1929E-07
23707,1.5266E+12,4.1929E-07
23708,1.5265E+12,4.1929E-07
23709,1.5265E+12,4.1929E-07
23710,1.5265E+12,4.19295E-07
23711,1.5265E+12,4.19295E-07
23712,1.5265E+12,4.19295E-07
23713,1.5265E+12,4.19295E-07
23714,1.5264E+12,4.19295E-07
23715,1.5264E+12,4.19295E-07
23716,1.5264E+12,4.19295E-07
23717,1.5264E+12,4.19295E-07
23718,1.5264E+12,4.193E-07
23719,1.5264E+12,4.193E-07
23720,1.5263E+12,4.193E-07
23721,1.5263E+12,4.193E-07
23722,1.5263E+12,4.193E-07
23723,1.5263E+12,4.193E-07
23724,1.5263E+12,4.193E-07
23725,1.5263E+12,4.193E-07
23726,1.5262E+12,4.19305E-07
23727,1.5262E+12,4.19305E-07
23728,1.5262E+12,4.19305E-07
23729,1.5262E+12,4.19305E-07
23730,1.5262E+12,4.19305E-07
23731,1.5262E+12,4.19305E-07
23732,1.5261E+12,4.19305E-07
23733,1.5261E+12,4.1931E-07
23734,1.5261E+12,4.1931E-07
23735,1.5261E+12,4.1931E-07
23736,1.5261E+12,4.1931E-07
23737,1.5261E+12,4.1931E-07
23738,1.526E+12,4.1931E-07
23739,1.526E+12,4.1931E-07
23740,1.526E+12,4.1931E-07
23741,1.526E+12,4.19315E-07
23742,1.526E+12,4.19315E-07
23743,1.526E+12,4.19315E-07
23744,1.526E+12,4.19315E-07
23745,1.5259E+12,4.19315E-07
23746,1.5259E+12,4.19315E-07
23747,1.5259E+12,4.19315E-07
23748,1.5259E+12,4.19315E-07
23749,1.5259E+12,4.1932E-07
23750,1.5259E+12,4.1932E-07
23751,1.5258E+12,4.1932E-07
23752,1.5258E+12,4.1932E-07
23753,1.5258E+12,4.1932E-07
23754,1.5258E+12,4.1932E-07
23755,1.5258E+12,4.1932E-07
23756,1.5258E+12,4.19325E-07
23757,1.5257E+12,4.19325E-07
23758,1.5257E+12,4.19325E-07
23759,1.5257E+12,4.19325E-07
23760,1.5257E+12,4.19325E-07
23761,1.5257E+12,4.19325E-07
23762,1.5257E+12,4.19325E-07
23763,1.5256E+12,4.19325E-07
23764,1.5256E+12,4.1933E-07
23765,1.5256E+12,4.1933E-07
23766,1.5256E+12,4.1933E-07
23767,1.5256E+12,4.1933E-07
23768,1.5256E+12,4.1933E-07
23769,1.5255E+12,4.1933E-07
23770,1.5255E+12,4.1933E-07
23771,1.5255E+12,4.1933E-07
23772,1.5255E+12,4.19335E-07
23773,1.5255E+12,4.19335E-07
23774,1.5255E+12,4.19335E-07
23775,1.5254E+12,4.19335E-07
23776,1.5254E+12,4.19335E-07
23777,1.5254E+12,4.19335E-07
23778,1.5254E+12,4.19335E-07
23779,1.5254E+12,4.1934E-07
23780,1.5254E+12,4.1934E-07
23781,1.5253E+12,4.1934E-07
23782,1.5253E+12,4.1934E-07
23783,1.5253E+12,4.1934E-07
23784,1.5253E+12,4.1934E-07
23785,1.5253E+12,4.1934E-07
23786,1.5253E+12,4.1934E-07
23787,1.5252E+12,4.19345E-07
23788,1.5252E+12,4.19345E-07
23789,1.5252E+12,4.19345E-07
23790,1.5252E+12,4.19345E-07
23791,1.5252E+12,4.19345E-07
23792,1.5252E+12,4.19345E-07
23793,1.5251E+12,4.19345E-07
23794,1.5251E+12,4.19345E-07
23795,1.5251E+12,4.1935E-07
23796,1.5251E+12,4.1935E-07
23797,1.5251E+12,4.1935E-07
23798,1.5251E+12,4.1935E-07
23799,1.525E+12,4.1935E-07
23800,1.525E+12,4.1935E-07
23801,1.525E+12,4.1935E-07
23802,1.525E+12,4.19355E-07
23803,1.525E+12,4.19355E-07
23804,1.525E+12,4.19355E-07
23805,1.5249E+12,4.19355E-07
23806,1.5249E+12,4.19355E-07
23807,1.5249E+12,4.19355E-07
23808,1.5249E+12,4.19355E-07
23809,1.5249E+12,4.19355E-07
23810,1.5249E+12,4.1936E-07
23811,1.5248E+12,4.1936E-07
23812,1.5248E+12,4.1936E-07
23813,1.5248E+12,4.1936E-07
23814,1.5248E+12,4.1936E-07
23815,1.5248E+12,4.1936E-07
23816,1.5248E+12,4.1936E-07
23817,1.5247E+12,4.1936E-07
23818,1.5247E+12,4.19365E-07
23819,1.5247E+12,4.19365E-07
23820,1.5247E+12,4.19365E-07
23821,1.5247E+12,4.19365E-07
23822,1.5247E+12,4.19365E-07
23823,1.5246E+12,4.19365E-07
23824,1.5246E+12,4.19365E-07
23825,1.5246E+12,4.1937E-07
23826,1.5246E+12,4.1937E-07
23827,1.5246E+12,4.1937E-07
23828,1.5246E+12,4.1937E-07
23829,1.5245E+12,4.1937E-07
23830,1.5245E+12,4.1937E-07
23831,1.5245E+12,4.1937E-07
23832,1.5245E+12,4.1937E-07
23833,1.5245E+12,4.19375E-07
23834,1.5245E+12,4.19375E-07
23835,1.5244E+12,4.19375E-07
23836,1.5244E+12,4.19375E-07
23837,1.5244E+12,4.19375E-07
23838,1.5244E+12,4.19375E-07
23839,1.5244E+12,4.19375E-07
23840,1.5244E+12,4.19375E-07
23841,1.5243E+12,4.1938E-07
23842,1.5243E+12,4.1938E-07
23843,1.5243E+12,4.1938E-07
23844,1.5243E+12,4.1938E-07
23845,1.5243E+12,4.1938E-07
23846,1.5243E+12,4.1938E-07
23847,1.5242E+12,4.1938E-07
23848,1.5242E+12,4.19385E-07
23849,1.5242E+12,4.19385E-07
23850,1.5242E+12,4.19385E-07
23851,1.5242E+12,4.19385E-07
23852,1.5242E+12,4.19385E-07
23853,1.5241E+12,4.19385E-07
23854,1.5241E+12,4.19385E-07
23855,1.5241E+12,4.19385E-07
23856,1.5241E+12,4.1939E-07
23857,1.5241E+12,4.1939E-07
23858,1.5241E+12,4.1939E-07
23859,1.5241E+12,4.1939E-07
23860,1.524E+12,4.1939E-07
23861,1.524E+12,4.1939E-07
23862,1.524E+12,4.1939E-07
23863,1.524E+12,4.1939E-07
23864,1.524E+12,4.19395E-07
23865,1.524E+12,4.19395E-07
23866,1.5239E+12,4.19395E-07
23867,1.5239E+12,4.19395E-07
23868,1.5239E+12,4.19395E-07
23869,1.5239E+12,4.19395E-07
23870,1.5239E+12,4.19395E-07
23871,1.5239E+12,4.19395E-07
23872,1.5238E+12,4.194E-07
23873,1.5238E+12,4.194E-07
23874,1.5238E+12,4.194E-07
23875,1.5238E+12,4.194E-07
23876,1.5238E+12,4.194E-07
23877,1.5238E+12,4.194E-07
23878,1.5237E+12,4.194E-07
23879,1.5237E+12,4.19405E-07
23880,1.5237E+12,4.19405E-07
23881,1.5237E+12,4.19405E-07
23882,1.5237E+12,4.19405E-07
23883,1.5237E+12,4.19405E-07
23884,1.5236E+12,4.19405E-07
23885,1.5236E+12,4.19405E-07
23886,1.5236E+12,4.19405E-07
23887,1.5236E+12,4.1941E-07
23888,1.5236E+12,4.1941E-07
23889,1.5236E+12,4.1941E-07
23890,1.5235E+12,4.1941E-07
23891,1.5235E+12,4.1941E-07
23892,1.5235E+12,4.1941E-07
23893,1.5235E+12,4.1941E-07
23894,1.5235E+12,4.1941E-07
23895,1.5235E+12,4.19415E-07
23896,1.5234E+12,4.19415E-07
23897,1.5234E+12,4.19415E-07
23898,1.5234E+12,4.19415E-07
23899,1.5234E+12,4.19415E-07
23900,1.5234E+12,4.19415E-07
23901,1.5234E+12,4.19415E-07
23902,1.5233E+12,4.1942E-07
23903,1.5233E+12,4.1942E-07
23904,1.5233E+12,4.1942E-07
23905,1.5233E+12,4.1942E-07
23906,1.5233E+12,4.1942E-07
23907,1.5233E+12,4.1942E-07
23908,1.5232E+12,4.1942E-07
23909,1.5232E+12,4.1942E-07
23910,1.5232E+12,4.19425E-07
23911,1.5232E+12,4.19425E-07
23912,1.5232E+12,4.19425E-07
23913,1.5232E+12,4.19425E-07
23914,1.5231E+12,4.19425E-07
23915,1.5231E+12,4.19425E-07
23916,1.5231E+12,4.19425E-07
23917,1.5231E+12,4.19425E-07
23918,1.5231E+12,4.1943E-07
23919,1.5231E+12,4.1943E-07
23920,1.523E+12,4.1943E-07
23921,1.523E+12,4.1943E-07
23922,1.523E+12,4.1943E-07
23923,1.523E+12,4.1943E-07
23924,1.523E+12,4.1943E-07
23925,1.523E+12,4.1943E-07
23926,1.5229E+12,4.19435E-07
23927,1.5229E+12,4.19435E-07
23928,1.5229E+12,4.19435E-07
23929,1.5229E+12,4.19435E-07
23930,1.5229E+12,4.19435E-07
23931,1.5229E+12,4.19435E-07
23932,1.5229E+12,4.19435E-07
23933,1.5228E+12,4.1944E-07
23934,1.5228E+12,4.1944E-07
23935,1.5228E+12,4.1944E-07
23936,1.5228E+12,4.1944E-07
23937,1.5228E+12,4.1944E-07
23938,1.5228E+12,4.1944E-07
23939,1.5227E+12,4.1944E-07
23940,1.5227E+12,4.1944E-07
23941,1.5227E+12,4.19445E-07
23942,1.5227E+12,4.19445E-07
23943,1.5227E+12,4.19445E-07
23944,1.5227E+12,4.19445E-07
23945,1.5226E+12,4.19445E-07
23946,1.5226E+12,4.19445E-07
23947,1.5226E+12,4.19445E-07
23948,1.5226E+12,4.19445E-07
23949,1.5226E+12,4.1945E-07
23950,1.5226E+12,4.1945E-07
23951,1.5225E+12,4.1945E-07
23952,1.5225E+12,4.1945E-07
23953,1.5225E+12,4.1945E-07
23954,1.5225E+12,4.1945E-07
23955,1.5225E+12,4.1945E-07
23956,1.5225E+12,4.19455E-07
23957,1.5224E+12,4.19455E-07
23958,1.5224E+12,4.19455E-07
23959,1.5224E+12,4.19455E-07
23960,1.5224E+12,4.19455E-07
23961,1.5224E+12,4.19455E-07
23962,1.5224E+12,4.19455E-07
23963,1.5223E+12,4.19455E-07
23964,1.5223E+12,4.1946E-07
23965,1.5223E+12,4.1946E-07
23966,1.5223E+12,4.1946E-07
23967,1.5223E+12,4.1946E-07
23968,1.5223E+12,4.1946E-07
23969,1.5222E+12,4.1946E-07
23970,1.5222E+12,4.1946E-07
23971,1.5222E+12,4.1946E-07
23972,1.5222E+12,4.19465E-07
23973,1.5222E+12,4.19465E-07
23974,1.5222E+12,4.19465E-07
23975,1.5221E+12,4.19465E-07
23976,1.5221E+12,4.19465E-07
23977,1.5221E+12,4.19465E-07
23978,1.5221E+12,4.19465E-07
23979,1.5221E+12,4.19465E-07
23980,1.5221E+12,4.1947E-07
23981,1.522E+12,4.1947E-07
23982,1.522E+12,4.1947E-07
23983,1.522E+12,4.1947E-07
23984,1.522E+12,4.1947E-07
23985,1.522E+12,4.1947E-07
23986,1.522E+12,4.1947E-07
23987,1.522E+12,4.19475E-07
23988,1.5219E+12,4.19475E-07
23989,1.5219E+12,4.19475E-07
23990,1.5219E+12,4.19475E-07
23991,1.5219E+12,4.19475E-07
23992,1.5219E+12,4.19475E-07
23993,1.5219E+12,4.19475E-07
23994,1.5218E+12,4.19475E-07
23995,1.5218E+12,4.1948E-07
23996,1.5218E+12,4.1948E-07
23997,1.5218E+12,4.1948E-07
23998,1.5218E+12,4.1948E-07
23999,1.5218E+12,4.1948E-07
24000,1.5217E+12,4.1948E-07
24001,1.5217E+12,4.1948E-07
24002,1.5217E+12,4.1948E-07
24003,1.5217E+12,4.19485E-07
24004,1.5217E+12,4.19485E-07
24005,1.5217E+12,4.19485E-07
24006,1.5216E+12,4.19485E-07
24007,1.5216E+12,4.19485E-07
24008,1.5216E+12,4.19485E-07
24009,1.5216E+12,4.19485E-07
24010,1.5216E+12,4.19485E-07
24011,1.5216E+12,4.1949E-07
24012,1.5215E+12,4.1949E-07
24013,1.5215E+12,4.1949E-07
24014,1.5215E+12,4.1949E-07
24015,1.5215E+12,4.1949E-07
24016,1.5215E+12,4.1949E-07
24017,1.5215E+12,4.1949E-07
24018,1.5214E+12,4.19495E-07
24019,1.5214E+12,4.19495E-07
24020,1.5214E+12,4.19495E-07
24021,1.5214E+12,4.19495E-07
24022,1.5214E+12,4.19495E-07
24023,1.5214E+12,4.19495E-07
24024,1.5213E+12,4.19495E-07
24025,1.5213E+12,4.19495E-07
24026,1.5213E+12,4.195E-07
24027,1.5213E+12,4.195E-07
24028,1.5213E+12,4.195E-07
24029,1.5213E+12,4.195E-07
24030,1.5212E+12,4.195E-07
24031,1.5212E+12,4.195E-07
24032,1.5212E+12,4.195E-07
24033,1.5212E+12,4.195E-07
24034,1.5212E+12,4.19505E-07
24035,1.5212E+12,4.19505E-07
24036,1.5212E+12,4.19505E-07
24037,1.5211E+12,4.19505E-07
24038,1.5211E+12,4.19505E-07
24039,1.5211E+12,4.19505E-07
24040,1.5211E+12,4.19505E-07
24041,1.5211E+12,4.19505E-07
24042,1.5211E+12,4.1951E-07
24043,1.521E+12,4.1951E-07
24044,1.521E+12,4.1951E-07
24045,1.521E+12,4.1951E-07
24046,1.521E+12,4.1951E-07
24047,1.521E+12,4.1951E-07
24048,1.521E+12,4.1951E-07
24049,1.5209E+12,4.1951E-07
24050,1.5209E+12,4.19515E-07
24051,1.5209E+12,4.19515E-07
24052,1.5209E+12,4.19515E-07
24053,1.5209E+12,4.19515E-07
24054,1.5209E+12,4.19515E-07
24055,1.5208E+12,4.19515E-07
24056,1.5208E+12,4.19515E-07
24057,1.5208E+12,4.1952E-07
24058,1.5208E+12,4.1952E-07
24059,1.5208E+12,4.1952E-07
24060,1.5208E+12,4.1952E-07
24061,1.5207E+12,4.1952E-07
24062,1.5207E+12,4.1952E-07
24063,1.5207E+12,4.1952E-07
24064,1.5207E+12,4.1952E-07
24065,1.5207E+12,4.19525E-07
24066,1.5207E+12,4.19525E-07
24067,1.5206E+12,4.19525E-07
24068,1.5206E+12,4.19525E-07
24069,1.5206E+12,4.19525E-07
24070,1.5206E+12,4.19525E-07
24071,1.5206E+12,4.19525E-07
24072,1.5206E+12,4.19525E-07
24073,1.5205E+12,4.1953E-07
24074,1.5205E+12,4.1953E-07
24075,1.5205E+12,4.1953E-07
24076,1.5205E+12,4.1953E-07
24077,1.5205E+12,4.1953E-07
24078,1.5205E+12,4.1953E-07
24079,1.5204E+12,4.1953E-07
24080,1.5204E+12,4.1953E-07
24081,1.5204E+12,4.19535E-07
24082,1.5204E+12,4.19535E-07
24083,1.5204E+12,4.19535E-07
24084,1.5204E+12,4.19535E-07
24085,1.5204E+12,4.19535E-07
24086,1.5203E+12,4.19535E-07
24087,1.5203E+12,4.19535E-07
24088,1.5203E+12,4.1954E-07
24089,1.5203E+12,4.1954E-07
24090,1.5203E+12,4.1954E-07
24091,1.5203E+12,4.1954E-07
24092,1.5202E+12,4.1954E-07
24093,1.5202E+12,4.1954E-07
24094,1.5202E+12,4.1954E-07
24095,1.5202E+12,4.1954E-07
24096,1.5202E+12,4.19545E-07
24097,1.5202E+12,4.19545E-07
24098,1.5201E+12,4.19545E-07
24099,1.5201E+12,4.19545E-07
24100,1.5201E+12,4.19545E-07
24101,1.5201E+12,4.19545E-07
24102,1.5201E+12,4.19545E-07
24103,1.5201E+12,4.19545E-07
24104,1.52E+12,4.1955E-07
24105,1.52E+12,4.1955E-07
24106,1.52E+12,4.1955E-07
24107,1.52E+12,4.1955E-07
24108,1.52E+12,4.1955E-07
24109,1.52E+12,4.1955E-07
24110,1.5199E+12,4.1955E-07
24111,1.5199E+12,4.1955E-07
24112,1.5199E+12,4.19555E-07
24113,1.5199E+12,4.19555E-07
24114,1.5199E+12,4.19555E-07
24115,1.5199E+12,4.19555E-07
24116,1.5198E+12,4.19555E-07
24117,1.5198E+12,4.19555E-07
24118,1.5198E+12,4.19555E-07
24119,1.5198E+12,4.19555E-07
24120,1.5198E+12,4.1956E-07
24121,1.5198E+12,4.1956E-07
24122,1.5198E+12,4.1956E-07
24123,1.5197E+12,4.1956E-07
24124,1.5197E+12,4.1956E-07
24125,1.5197E+12,4.1956E-07
24126,1.5197E+12,4.1956E-07
24127,1.5197E+12,4.19565E-07
24128,1.5197E+12,4.19565E-07
24129,1.5196E+12,4.19565E-07
24130,1.5196E+12,4.19565E-07
24131,1.5196E+12,4.19565E-07
24132,1.5196E+12,4.19565E-07
24133,1.5196E+12,4.19565E-07
24134,1.5196E+12,4.19565E-07
24135,1.5195E+12,4.1957E-07
24136,1.5195E+12,4.1957E-07
24137,1.5195E+12,4.1957E-07
24138,1.5195E+12,4.1957E-07
24139,1.5195E+12,4.1957E-07
24140,1.5195E+12,4.1957E-07
24141,1.5194E+12,4.1957E-07
24142,1.5194E+12,4.1957E-07
24143,1.5194E+12,4.19575E-07
24144,1.5194E+12,4.19575E-07
24145,1.5194E+12,4.19575E-07
24146,1.5194E+12,4.19575E-07
24147,1.5193E+12,4.19575E-07
24148,1.5193E+12,4.19575E-07
24149,1.5193E+12,4.19575E-07
24150,1.5193E+12,4.19575E-07
24151,1.5193E+12,4.1958E-07
24152,1.5193E+12,4.1958E-07
24153,1.5192E+12,4.1958E-07
24154,1.5192E+12,4.1958E-07
24155,1.5192E+12,4.1958E-07
24156,1.5192E+12,4.1958E-07
24157,1.5192E+12,4.1958E-07
24158,1.5192E+12,4.1958E-07
24159,1.5192E+12,4.19585E-07
24160,1.5191E+12,4.19585E-07
24161,1.5191E+12,4.19585E-07
24162,1.5191E+12,4.19585E-07
24163,1.5191E+12,4.19585E-07
24164,1.5191E+12,4.19585E-07
24165,1.5191E+12,4.19585E-07
24166,1.519E+12,4.1959E-07
24167,1.519E+12,4.1959E-07
24168,1.519E+12,4.1959E-07
24169,1.519E+12,4.1959E-07
24170,1.519E+12,4.1959E-07
24171,1.519E+12,4.1959E-07
24172,1.5189E+12,4.1959E-07
24173,1.5189E+12,4.1959E-07
24174,1.5189E+12,4.19595E-07
24175,1.5189E+12,4.19595E-07
24176,1.5189E+12,4.19595E-07
24177,1.5189E+12,4.19595E-07
24178,1.5188E+12,4.19595E-07
24179,1.5188E+12,4.19595E-07
24180,1.5188E+12,4.19595E-07
24181,1.5188E+12,4.19595E-07
24182,1.5188E+12,4.196E-07
24183,1.5188E+12,4.196E-07
24184,1.5187E+12,4.196E-07
24185,1.5187E+12,4.196E-07
24186,1.5187E+12,4.196E-07
24187,1.5187E+12,4.196E-07
24188,1.5187E+12,4.196E-07
24189,1.5187E+12,4.196E-07
24190,1.5186E+12,4.19605E-07
24191,1.5186E+12,4.19605E-07
24192,1.5186E+12,4.19605E-07
24193,1.5186E+12,4.19605E-07
24194,1.5186E+12,4.19605E-07
24195,1.5186E+12,4.19605E-07
24196,1.5186E+12,4.19605E-07
24197,1.5185E+12,4.19605E-07
24198,1.5185E+12,4.1961E-07
24199,1.5185E+12,4.1961E-07
24200,1.5185E+12,4.1961E-07
24201,1.5185E+12,4.1961E-07
24202,1.5185E+12,4.1961E-07
24203,1.5184E+12,4.1961E-07
24204,1.5184E+12,4.1961E-07
24205,1.5184E+12,4.19615E-07
24206,1.5184E+12,4.19615E-07
24207,1.5184E+12,4.19615E-07
24208,1.5184E+12,4.19615E-07
24209,1.5183E+12,4.19615E-07
24210,1.5183E+12,4.19615E-07
24211,1.5183E+12,4.19615E-07
24212,1.5183E+12,4.19615E-07
24213,1.5183E+12,4.1962E-07
24214,1.5183E+12,4.1962E-07
24215,1.5182E+12,4.1962E-07
24216,1.5182E+12,4.1962E-07
24217,1.5182E+12,4.1962E-07
24218,1.5182E+12,4.1962E-07
24219,1.5182E+12,4.1962E-07
24220,1.5182E+12,4.1962E-07
24221,1.5181E+12,4.19625E-07
24222,1.5181E+12,4.19625E-07
24223,1.5181E+12,4.19625E-07
24224,1.5181E+12,4.19625E-07
24225,1.5181E+12,4.19625E-07
24226,1.5181E+12,4.19625E-07
24227,1.5181E+12,4.19625E-07
24228,1.518E+12,4.19625E-07
24229,1.518E+12,4.1963E-07
24230,1.518E+12,4.1963E-07
24231,1.518E+12,4.1963E-07
24232,1.518E+12,4.1963E-07
24233,1.518E+12,4.1963E-07
24234,1.5179E+12,4.1963E-07
24235,1.5179E+12,4.1963E-07
24236,1.5179E+12,4.1963E-07
24237,1.5179E+12,4.19635E-07
24238,1.5179E+12,4.19635E-07
24239,1.5179E+12,4.19635E-07
24240,1.5178E+12,4.19635E-07
24241,1.5178E+12,4.19635E-07
24242,1.5178E+12,4.19635E-07
24243,1.5178E+12,4.19635E-07
24244,1.5178E+12,4.19635E-07
24245,1.5178E+12,4.1964E-07
24246,1.5177E+12,4.1964E-07
24247,1.5177E+12,4.1964E-07
24248,1.5177E+12,4.1964E-07
24249,1.5177E+12,4.1964E-07
24250,1.5177E+12,4.1964E-07
24251,1.5177E+12,4.1964E-07
24252,1.5176E+12,4.19645E-07
24253,1.5176E+12,4.19645E-07
24254,1.5176E+12,4.19645E-07
24255,1.5176E+12,4.19645E-07
24256,1.5176E+12,4.19645E-07
24257,1.5176E+12,4.19645E-07
24258,1.5176E+12,4.19645E-07
24259,1.5175E+12,4.19645E-07
24260,1.5175E+12,4.1965E-07
24261,1.5175E+12,4.1965E-07
24262,1.5175E+12,4.1965E-07
24263,1.5175E+12,4.1965E-07
24264,1.5175E+12,4.1965E-07
24265,1.5174E+12,4.1965E-07
24266,1.5174E+12,4.1965E-07
24267,1.5174E+12,4.1965E-07
24268,1.5174E+12,4.19655E-07
24269,1.5174E+12,4.19655E-07
24270,1.5174E+12,4.19655E-07
24271,1.5173E+12,4.19655E-07
24272,1.5173E+12,4.19655E-07
24273,1.5173E+12,4.19655E-07
24274,1.5173E+12,4.19655E-07
24275,1.5173E+12,4.19655E-07
24276,1.5173E+12,4.1966E-07
24277,1.5172E+12,4.1966E-07
24278,1.5172E+12,4.1966E-07
24279,1.5172E+12,4.1966E-07
24280,1.5172E+12,4.1966E-07
24281,1.5172E+12,4.1966E-07
24282,1.5172E+12,4.1966E-07
24283,1.5171E+12,4.1966E-07
24284,1.5171E+12,4.19665E-07
24285,1.5171E+12,4.19665E-07
24286,1.5171E+12,4.19665E-07
24287,1.5171E+12,4.19665E-07
24288,1.5171E+12,4.19665E-07
24289,1.5171E+12,4.19665E-07
24290,1.517E+12,4.19665E-07
24291,1.517E+12,4.19665E-07
24292,1.517E+12,4.1967E-07
24293,1.517E+12,4.1967E-07
24294,1.517E+12,4.1967E-07
24295,1.517E+12,4.1967E-07
24296,1.5169E+12,4.1967E-07
24297,1.5169E+12,4.1967E-07
24298,1.5169E+12,4.1967E-07
24299,1.5169E+12,4.19675E-07
24300,1.5169E+12,4.19675E-07
24301,1.5169E+12,4.19675E-07
24302,1.5168E+12,4.19675E-07
24303,1.5168E+12,4.19675E-07
24304,1.5168E+12,4.19675E-07
24305,1.5168E+12,4.19675E-07
24306,1.5168E+12,4.19675E-07
24307,1.5168E+12,4.1968E-07
24308,1.5167E+12,4.1968E-07
24309,1.5167E+12,4.1968E-07
24310,1.5167E+12,4.1968E-07
24311,1.5167E+12,4.1968E-07
24312,1.5167E+12,4.1968E-07
24313,1.5167E+12,4.1968E-07
24314,1.5166E+12,4.1968E-07
24315,1.5166E+12,4.19685E-07
24316,1.5166E+12,4.19685E-07
24317,1.5166E+12,4.19685E-07
24318,1.5166E+12,4.19685E-07
24319,1.5166E+12,4.19685E-07
24320,1.5166E+12,4.19685E-07
24321,1.5165E+12,4.19685E-07
24322,1.5165E+12,4.19685E-07
24323,1.5165E+12,4.1969E-07
24324,1.5165E+12,4.1969E-07
24325,1.5165E+12,4.1969E-07
24326,1.5165E+12,4.1969E-07
24327,1.5164E+12,4.1969E-07
24328,1.5164E+12,4.1969E-07
24329,1.5164E+12,4.1969E-07
24330,1.5164E+12,4.1969E-07
24331,1.5164E+12,4.19695E-07
24332,1.5164E+12,4.19695E-07
24333,1.5163E+12,4.19695E-07
24334,1.5163E+12,4.19695E-07
24335,1.5163E+12,4.19695E-07
24336,1.5163E+12,4.19695E-07
24337,1.5163E+12,4.19695E-07
24338,1.5163E+12,4.19695E-07
24339,1.5162E+12,4.197E-07
24340,1.5162E+12,4.197E-07
24341,1.5162E+12,4.197E-07
24342,1.5162E+12,4.197E-07
24343,1.5162E+12,4.197E-07
24344,1.5162E+12,4.197E-07
24345,1.5162E+12,4.197E-07
24346,1.5161E+12,4.197E-07
24347,1.5161E+12,4.19705E-07
24348,1.5161E+12,4.19705E-07
24349,1.5161E+12,4.19705E-07
24350,1.5161E+12,4.19705E-07
24351,1.5161E+12,4.19705E-07
24352,1.516E+12,4.19705E-07
24353,1.516E+12,4.19705E-07
24354,1.516E+12,4.1971E-07
24355,1.516E+12,4.1971E-07
24356,1.516E+12,4.1971E-07
24357,1.516E+12,4.1971E-07
24358,1.5159E+12,4.1971E-07
24359,1.5159E+12,4.1971E-07
24360,1.5159E+12,4.1971E-07
24361,1.5159E+12,4.1971E-07
24362,1.5159E+12,4.19715E-07
24363,1.5159E+12,4.19715E-07
24364,1.5158E+12,4.19715E-07
24365,1.5158E+12,4.19715E-07
24366,1.5158E+12,4.19715E-07
24367,1.5158E+12,4.19715E-07
24368,1.5158E+12,4.19715E-07
24369,1.5158E+12,4.19715E-07
24370,1.5158E+12,4.1972E-07
24371,1.5157E+12,4.1972E-07
24372,1.5157E+12,4.1972E-07
24373,1.5157E+12,4.1972E-07
24374,1.5157E+12,4.1972E-07
24375,1.5157E+12,4.1972E-07
24376,1.5157E+12,4.1972E-07
24377,1.5156E+12,4.1972E-07
24378,1.5156E+12,4.19725E-07
24379,1.5156E+12,4.19725E-07
24380,1.5156E+12,4.19725E-07
24381,1.5156E+12,4.19725E-07
24382,1.5156E+12,4.19725E-07
24383,1.5155E+12,4.19725E-07
24384,1.5155E+12,4.19725E-07
24385,1.5155E+12,4.19725E-07
24386,1.5155E+12,4.1973E-07
24387,1.5155E+12,4.1973E-07
24388,1.5155E+12,4.1973E-07
24389,1.5154E+12,4.1973E-07
24390,1.5154E+12,4.1973E-07
24391,1.5154E+12,4.1973E-07
24392,1.5154E+12,4.1973E-07
24393,1.5154E+12,4.1973E-07
24394,1.5154E+12,4.19735E-07
24395,1.5154E+12,4.19735E-07
24396,1.5153E+12,4.19735E-07
24397,1.5153E+12,4.19735E-07
24398,1.5153E+12,4.19735E-07
24399,1.5153E+12,4.19735E-07
24400,1.5153E+12,4.19735E-07
24401,1.5153E+12,4.19735E-07
24402,1.5152E+12,4.1974E-07
24403,1.5152E+12,4.1974E-07
24404,1.5152E+12,4.1974E-07
24405,1.5152E+12,4.1974E-07
24406,1.5152E+12,4.1974E-07
24407,1.5152E+12,4.1974E-07
24408,1.5151E+12,4.1974E-07
24409,1.5151E+12,4.1974E-07
24410,1.5151E+12,4.19745E-07
24411,1.5151E+12,4.19745E-07
24412,1.5151E+12,4.19745E-07
24413,1.5151E+12,4.19745E-07
24414,1.515E+12,4.19745E-07
24415,1.515E+12,4.19745E-07
24416,1.515E+12,4.19745E-07
24417,1.515E+12,4.19745E-07
24418,1.515E+12,4.1975E-07
24419,1.515E+12,4.1975E-07
24420,1.515E+12,4.1975E-07
24421,1.5149E+12,4.1975E-07
24422,1.5149E+12,4.1975E-07
24423,1.5149E+12,4.1975E-07
24424,1.5149E+12,4.1975E-07
24425,1.5149E+12,4.19755E-07
24426,1.5149E+12,4.19755E-07
24427,1.5148E+12,4.19755E-07
24428,1.5148E+12,4.19755E-07
24429,1.5148E+12,4.19755E-07
24430,1.5148E+12,4.19755E-07
24431,1.5148E+12,4.19755E-07
24432,1.5148E+12,4.19755E-07
24433,1.5147E+12,4.1976E-07
24434,1.5147E+12,4.1976E-07
24435,1.5147E+12,4.1976E-07
24436,1.5147E+12,4.1976E-07
24437,1.5147E+12,4.1976E-07
24438,1.5147E+12,4.1976E-07
24439,1.5146E+12,4.1976E-07
24440,1.5146E+12,4.1976E-07
24441,1.5146E+12,4.19765E-07
24442,1.5146E+12,4.19765E-07
24443,1.5146E+12,4.19765E-07
24444,1.5146E+12,4.19765E-07
24445,1.5146E+12,4.19765E-07
24446,1.5145E+12,4.19765E-07
24447,1.5145E+12,4.19765E-07
24448,1.5145E+12,4.19765E-07
24449,1.5145E+12,4.1977E-07
24450,1.5145E+12,4.1977E-07
24451,1.5145E+12,4.1977E-07
24452,1.5144E+12,4.1977E-07
24453,1.5144E+12,4.1977E-07
24454,1.5144E+12,4.1977E-07
24455,1.5144E+12,4.1977E-07
24456,1.5144E+12,4.1977E-07
24457,1.5144E+12,4.19775E-07
24458,1.5143E+12,4.19775E-07
24459,1.5143E+12,4.19775E-07
24460,1.5143E+12,4.19775E-07
24461,1.5143E+12,4.19775E-07
24462,1.5143E+12,4.19775E-07
24463,1.5143E+12,4.19775E-07
24464,1.5142E+12,4.19775E-07
24465,1.5142E+12,4.1978E-07
24466,1.5142E+12,4.1978E-07
24467,1.5142E+12,4.1978E-07
24468,1.5142E+12,4.1978E-07
24469,1.5142E+12,4.1978E-07
24470,1.5142E+12,4.1978E-07
24471,1.5141E+12,4.1978E-07
24472,1.5141E+12,4.1978E-07
24473,1.5141E+12,4.19785E-07
24474,1.5141E+12,4.19785E-07
24475,1.5141E+12,4.19785E-07
24476,1.5141E+12,4.19785E-07
24477,1.514E+12,4.19785E-07
24478,1.514E+12,4.19785E-07
24479,1.514E+12,4.19785E-07
24480,1.514E+12,4.19785E-07
24481,1.514E+12,4.1979E-07
24482,1.514E+12,4.1979E-07
24483,1.5139E+12,4.1979E-07
24484,1.5139E+12,4.1979E-07
24485,1.5139E+12,4.1979E-07
24486,1.5139E+12,4.1979E-07
24487,1.5139E+12,4.1979E-07
24488,1.5139E+12,4.1979E-07
24489,1.5138E+12,4.19795E-07
24490,1.5138E+12,4.19795E-07
24491,1.5138E+12,4.19795E-07
24492,1.5138E+12,4.19795E-07
24493,1.5138E+12,4.19795E-07
24494,1.5138E+12,4.19795E-07
24495,1.5138E+12,4.19795E-07
24496,1.5137E+12,4.19795E-07
24497,1.5137E+12,4.198E-07
24498,1.5137E+12,4.198E-07
24499,1.5137E+12,4.198E-07
24500,1.5137E+12,4.198E-07
24501,1.5137E+12,4.198E-07
24502,1.5136E+12,4.198E-07
24503,1.5136E+12,4.198E-07
24504,1.5136E+12,4.198E-07
24505,1.5136E+12,4.19805E-07
24506,1.5136E+12,4.19805E-07
24507,1.5136E+12,4.19805E-07
24508,1.5135E+12,4.19805E-07
24509,1.5135E+12,4.19805E-07
24510,1.5135E+12,4.19805E-07
24511,1.5135E+12,4.19805E-07
24512,1.5135E+12,4.1981E-07
24513,1.5135E+12,4.1981E-07
24514,1.5135E+12,4.1981E-07
24515,1.5134E+12,4.1981E-07
24516,1.5134E+12,4.1981E-07
24517,1.5134E+12,4.1981E-07
24518,1.5134E+12,4.1981E-07
24519,1.5134E+12,4.1981E-07
24520,1.5134E+12,4.19815E-07
24521,1.5133E+12,4.19815E-07
24522,1.5133E+12,4.19815E-07
24523,1.5133E+12,4.19815E-07
24524,1.5133E+12,4.19815E-07
24525,1.5133E+12,4.19815E-07
24526,1.5133E+12,4.19815E-07
24527,1.5132E+12,4.19815E-07
24528,1.5132E+12,4.1982E-07
24529,1.5132E+12,4.1982E-07
24530,1.5132E+12,4.1982E-07
24531,1.5132E+12,4.1982E-07
24532,1.5132E+12,4.1982E-07
24533,1.5132E+12,4.1982E-07
24534,1.5131E+12,4.1982E-07
24535,1.5131E+12,4.1982E-07
24536,1.5131E+12,4.19825E-07
24537,1.5131E+12,4.19825E-07
24538,1.5131E+12,4.19825E-07
24539,1.5131E+12,4.19825E-07
24540,1.513E+12,4.19825E-07
24541,1.513E+12,4.19825E-07
24542,1.513E+12,4.19825E-07
24543,1.513E+12,4.19825E-07
24544,1.513E+12,4.1983E-07
24545,1.513E+12,4.1983E-07
24546,1.5129E+12,4.1983E-07
24547,1.5129E+12,4.1983E-07
24548,1.5129E+12,4.1983E-07
24549,1.5129E+12,4.1983E-07
24550,1.5129E+12,4.1983E-07
24551,1.5129E+12,4.1983E-07
24552,1.5128E+12,4.19835E-07
24553,1.5128E+12,4.19835E-07
24554,1.5128E+12,4.19835E-07
24555,1.5128E+12,4.19835E-07
24556,1.5128E+12,4.19835E-07
24557,1.5128E+12,4.19835E-07
24558,1.5128E+12,4.19835E-07
24559,1.5127E+12,4.19835E-07
24560,1.5127E+12,4.1984E-07
24561,1.5127E+12,4.1984E-07
24562,1.5127E+12,4.1984E-07
24563,1.5127E+12,4.1984E-07
24564,1.5127E+12,4.1984E-07
24565,1.5126E+12,4.1984E-07
24566,1.5126E+12,4.1984E-07
24567,1.5126E+12,4.1984E-07
24568,1.5126E+12,4.19845E-07
24569,1.5126E+12,4.19845E-07
24570,1.5126E+12,4.19845E-07
24571,1.5125E+12,4.19845E-07
24572,1.5125E+12,4.19845E-07
24573,1.5125E+12,4.19845E-07
24574,1.5125E+12,4.19845E-07
24575,1.5125E+12,4.19845E-07
24576,1.5125E+12,4.1985E-07
24577,1.5125E+12,4.1985E-07
24578,1.5124E+12,4.1985E-07
24579,1.5124E+12,4.1985E-07
24580,1.5124E+12,4.1985E-07
24581,1.5124E+12,4.1985E-07
24582,1.5124E+12,4.1985E-07
24583,1.5124E+12,4.1985E-07
24584,1.5123E+12,4.19855E-07
24585,1.5123E+12,4.19855E-07
24586,1.5123E+12,4.19855E-07
24587,1.5123E+12,4.19855E-07
24588,1.5123E+12,4.19855E-07
24589,1.5123E+12,4.19855E-07
24590,1.5122E+12,4.19855E-07
24591,1.5122E+12,4.19855E-07
24592,1.5122E+12,4.1986E-07
24593,1.5122E+12,4.1986E-07
24594,1.5122E+12,4.1986E-07
24595,1.5122E+12,4.1986E-07
24596,1.5122E+12,4.1986E-07
24597,1.5121E+12,4.1986E-07
24598,1.5121E+12,4.1986E-07
24599,1.5121E+12,4.1986E-07
24600,1.5121E+12,4.19865E-07
24601,1.5121E+12,4.19865E-07
24602,1.5121E+12,4.19865E-07
24603,1.512E+12,4.19865E-07
24604,1.512E+12,4.19865E-07
24605,1.512E+12,4.19865E-07
24606,1.512E+12,4.19865E-07
24607,1.512E+12,4.19865E-07
24608,1.512E+12,4.1987E-07
24609,1.5119E+12,4.1987E-07
24610,1.5119E+12,4.1987E-07
24611,1.5119E+12,4.1987E-07
24612,1.5119E+12,4.1987E-07
24613,1.5119E+12,4.1987E-07
24614,1.5119E+12,4.1987E-07
24615,1.5119E+12,4.1987E-07
24616,1.5118E+12,4.19875E-07
24617,1.5118E+12,4.19875E-07
24618,1.5118E+12,4.19875E-07
24619,1.5118E+12,4.19875E-07
24620,1.5118E+12,4.19875E-07
24621,1.5118E+12,4.19875E-07
24622,1.5117E+12,4.19875E-07
24623,1.5117E+12,4.19875E-07
24624,1.5117E+12,4.1988E-07
24625,1.5117E+12,4.1988E-07
24626,1.5117E+12,4.1988E-07
24627,1.5117E+12,4.1988E-07
24628,1.5116E+12,4.1988E-07
24629,1.5116E+12,4.1988E-07
24630,1.5116E+12,4.1988E-07
24631,1.5116E+12,4.1988E-07
24632,1.5116E+12,4.19885E-07
24633,1.5116E+12,4.19885E-07
24634,1.5115E+12,4.19885E-07
24635,1.5115E+12,4.19885E-07
24636,1.5115E+12,4.19885E-07
24637,1.5115E+12,4.19885E-07
24638,1.5115E+12,4.19885E-07
24639,1.5115E+12,4.19885E-07
24640,1.5115E+12,4.1989E-07
24641,1.5114E+12,4.1989E-07
24642,1.5114E+12,4.1989E-07
24643,1.5114E+12,4.1989E-07
24644,1.5114E+12,4.1989E-07
24645,1.5114E+12,4.1989E-07
24646,1.5114E+12,4.1989E-07
24647,1.5113E+12,4.1989E-07
24648,1.5113E+12,4.19895E-07
24649,1.5113E+12,4.19895E-07
24650,1.5113E+12,4.19895E-07
24651,1.5113E+12,4.19895E-07
24652,1.5113E+12,4.19895E-07
24653,1.5112E+12,4.19895E-07
24654,1.5112E+12,4.19895E-07
24655,1.5112E+12,4.19895E-07
24656,1.5112E+12,4.199E-07
24657,1.5112E+12,4.199E-07
24658,1.5112E+12,4.199E-07
24659,1.5112E+12,4.199E-07
24660,1.5111E+12,4.199E-07
24661,1.5111E+12,4.199E-07
24662,1.5111E+12,4.199E-07
24663,1.5111E+12,4.199E-07
24664,1.5111E+12,4.19905E-07
24665,1.5111E+12,4.19905E-07
24666,1.511E+12,4.19905E-07
24667,1.511E+12,4.19905E-07
24668,1.511E+12,4.19905E-07
24669,1.511E+12,4.19905E-07
24670,1.511E+12,4.19905E-07
24671,1.511E+12,4.19905E-07
24672,1.5109E+12,4.1991E-07
24673,1.5109E+12,4.1991E-07
24674,1.5109E+12,4.1991E-07
24675,1.5109E+12,4.1991E-07
24676,1.5109E+12,4.1991E-07
24677,1.5109E+12,4.1991E-07
24678,1.5109E+12,4.1991E-07
24679,1.5108E+12,4.1991E-07
24680,1.5108E+12,4.19915E-07
24681,1.5108E+12,4.19915E-07
24682,1.5108E+12,4.19915E-07
24683,1.5108E+12,4.19915E-07
24684,1.5108E+12,4.19915E-07
24685,1.5107E+12,4.19915E-07
24686,1.5107E+12,4.19915E-07
24687,1.5107E+12,4.19915E-07
24688,1.5107E+12,4.1992E-07
24689,1.5107E+12,4.1992E-07
24690,1.5107E+12,4.1992E-07
24691,1.5107E+12,4.1992E-07
24692,1.5106E+12,4.1992E-07
24693,1.5106E+12,4.1992E-07
24694,1.5106E+12,4.1992E-07
24695,1.5106E+12,4.1992E-07
24696,1.5106E+12,4.19925E-07
24697,1.5106E+12,4.19925E-07
24698,1.5105E+12,4.19925E-07
24699,1.5105E+12,4.19925E-07
24700,1.5105E+12,4.19925E-07
24701,1.5105E+12,4.19925E-07
24702,1.5105E+12,4.19925E-07
24703,1.5105E+12,4.19925E-07
24704,1.5104E+12,4.1993E-07
24705,1.5104E+12,4.1993E-07
24706,1.5104E+12,4.1993E-07
24707,1.5104E+12,4.1993E-07
24708,1.5104E+12,4.1993E-07
24709,1.5104E+12,4.1993E-07
24710,1.5104E+12,4.1993E-07
24711,1.5103E+12,4.1993E-07
24712,1.5103E+12,4.19935E-07
24713,1.5103E+12,4.19935E-07
24714,1.5103E+12,4.19935E-07
24715,1.5103E+12,4.19935E-07
24716,1.5103E+12,4.19935E-07
24717,1.5102E+12,4.19935E-07
24718,1.5102E+12,4.19935E-07
24719,1.5102E+12,4.19935E-07
24720,1.5102E+12,4.1994E-07
24721,1.5102E+12,4.1994E-07
24722,1.5102E+12,4.1994E-07
24723,1.5101E+12,4.1994E-07
24724,1.5101E+12,4.1994E-07
24725,1.5101E+12,4.1994E-07
24726,1.5101E+12,4.1994E-07
24727,1.5101E+12,4.1994E-07
24728,1.5101E+12,4.19945E-07
24729,1.5101E+12,4.19945E-07
24730,1.51E+12,4.19945E-07
24731,1.51E+12,4.19945E-07
24732,1.51E+12,4.19945E-07
24733,1.51E+12,4.19945E-07
24734,1.51E+12,4.19945E-07
24735,1.51E+12,4.19945E-07
24736,1.5099E+12,4.1995E-07
24737,1.5099E+12,4.1995E-07
24738,1.5099E+12,4.1995E-07
24739,1.5099E+12,4.1995E-07
24740,1.5099E+12,4.1995E-07
24741,1.5099E+12,4.1995E-07
24742,1.5098E+12,4.1995E-07
24743,1.5098E+12,4.1995E-07
24744,1.5098E+12,4.19955E-07
24745,1.5098E+12,4.19955E-07
24746,1.5098E+12,4.19955E-07
24747,1.5098E+12,4.19955E-07
24748,1.5098E+12,4.19955E-07
24749,1.5097E+12,4.19955E-07
24750,1.5097E+12,4.19955E-07
24751,1.5097E+12,4.19955E-07
24752,1.5097E+12,4.1996E-07
24753,1.5097E+12,4.1996E-07
24754,1.5097E+12,4.1996E-07
24755,1.5096E+12,4.1996E-07
24756,1.5096E+12,4.1996E-07
24757,1.5096E+12,4.1996E-07
24758,1.5096E+12,4.1996E-07
24759,1.5096E+12,4.1996E-07
24760,1.5096E+12,4.19965E-07
24761,1.5095E+12,4.19965E-07
24762,1.5095E+12,4.19965E-07
24763,1.5095E+12,4.19965E-07
24764,1.5095E+12,4.19965E-07
24765,1.5095E+12,4.19965E-07
24766,1.5095E+12,4.19965E-07
24767,1.5095E+12,4.19965E-07
24768,1.5094E+12,4.1997E-07
24769,1.5094E+12,4.1997E-07
24770,1.5094E+12,4.1997E-07
24771,1.5094E+12,4.1997E-07
24772,1.5094E+12,4.1997E-07
24773,1.5094E+12,4.1997E-07
24774,1.5093E+12,4.1997E-07
24775,1.5093E+12,4.1997E-07
24776,1.5093E+12,4.19975E-07
24777,1.5093E+12,4.19975E-07
24778,1.5093E+12,4.19975E-07
24779,1.5093E+12,4.19975E-07
24780,1.5093E+12,4.19975E-07
24781,1.5092E+12,4.19975E-07
24782,1.5092E+12,4.19975E-07
24783,1.5092E+12,4.19975E-07
24784,1.5092E+12,4.1998E-07
24785,1.5092E+12,4.1998E-07
24786,1.5092E+12,4.1998E-07
24787,1.5091E+12,4.1998E-07
24788,1.5091E+12,4.1998E-07
24789,1.5091E+12,4.1998E-07
24790,1.5091E+12,4.1998E-07
24791,1.5091E+12,4.1998E-07
24792,1.5091E+12,4.19985E-07
24793,1.509E+12,4.19985E-07
24794,1.509E+12,4.19985E-07
24795,1.509E+12,4.19985E-07
24796,1.509E+12,4.19985E-07
24797,1.509E+12,4.19985E-07
24798,1.509E+12,4.19985E-07
24799,1.509E+12,4.19985E-07
24800,1.5089E+12,4.1999E-07
24801,1.5089E+12,4.1999E-07
24802,1.5089E+12,4.1999E-07
24803,1.5089E+12,4.1999E-07
24804,1.5089E+12,4.1999E-07
24805,1.5089E+12,4.1999E-07
24806,1.5088E+12,4.1999E-07
24807,1.5088E+12,4.1999E-07
24808,1.5088E+12,4.19995E-07
24809,1.5088E+12,4.19995E-07
24810,1.5088E+12,4.19995E-07
24811,1.5088E+12,4.19995E-07
24812,1.5087E+12,4.19995E-07
24813,1.5087E+12,4.19995E-07
24814,1.5087E+12,4.19995E-07
24815,1.5087E+12,4.19995E-07
24816,1.5087E+12,0.00000042
24817,1.5087E+12,0.00000042
24818,1.5087E+12,0.00000042
24819,1.5086E+12,0.00000042
24820,1.5086E+12,0.00000042
24821,1.5086E+12,0.00000042
24822,1.5086E+12,0.00000042
24823,1.5086E+12,0.00000042
24824,1.5086E+12,4.20005E-07
24825,1.5085E+12,4.20005E-07
24826,1.5085E+12,4.20005E-07
24827,1.5085E+12,4.20005E-07
24828,1.5085E+12,4.20005E-07
24829,1.5085E+12,4.20005E-07
24830,1.5085E+12,4.20005E-07
24831,1.5085E+12,4.20005E-07
24832,1.5084E+12,4.2001E-07
24833,1.5084E+12,4.2001E-07
24834,1.5084E+12,4.2001E-07
24835,1.5084E+12,4.2001E-07
24836,1.5084E+12,4.2001E-07
24837,1.5084E+12,4.2001E-07
24838,1.5083E+12,4.2001E-07
24839,1.5083E+12,4.2001E-07
24840,1.5083E+12,4.20015E-07
24841,1.5083E+12,4.20015E-07
24842,1.5083E+12,4.20015E-07
24843,1.5083E+12,4.20015E-07
24844,1.5082E+12,4.20015E-07
24845,1.5082E+12,4.20015E-07
24846,1.5082E+12,4.20015E-07
24847,1.5082E+12,4.20015E-07
24848,1.5082E+12,4.2002E-07
24849,1.5082E+12,4.2002E-07
24850,1.5082E+12,4.2002E-07
24851,1.5081E+12,4.2002E-07
24852,1.5081E+12,4.2002E-07
24853,1.5081E+12,4.2002E-07
24854,1.5081E+12,4.2002E-07
24855,1.5081E+12,4.2002E-07
24856,1.5081E+12,4.20025E-07
24857,1.508E+12,4.20025E-07
24858,1.508E+12,4.20025E-07
24859,1.508E+12,4.20025E-07
24860,1.508E+12,4.20025E-07
24861,1.508E+12,4.20025E-07
24862,1.508E+12,4.20025E-07
24863,1.508E+12,4.20025E-07
24864,1.5079E+12,4.2003E-07
24865,1.5079E+12,4.2003E-07
24866,1.5079E+12,4.2003E-07
24867,1.5079E+12,4.2003E-07
24868,1.5079E+12,4.2003E-07
24869,1.5079E+12,4.2003E-07
24870,1.5078E+12,4.2003E-07
24871,1.5078E+12,4.2003E-07
24872,1.5078E+12,4.20035E-07
24873,1.5078E+12,4.20035E-07
24874,1.5078E+12,4.20035E-07
24875,1.5078E+12,4.20035E-07
24876,1.5077E+12,4.20035E-07
24877,1.5077E+12,4.20035E-07
24878,1.5077E+12,4.20035E-07
24879,1.5077E+12,4.20035E-07
24880,1.5077E+12,4.2004E-07
24881,1.5077E+12,4.2004E-07
24882,1.5077E+12,4.2004E-07
24883,1.5076E+12,4.2004E-07
24884,1.5076E+12,4.2004E-07
24885,1.5076E+12,4.2004E-07
24886,1.5076E+12,4.2004E-07
24887,1.5076E+12,4.2004E-07
24888,1.5076E+12,4.20045E-07
24889,1.5075E+12,4.20045E-07
24890,1.5075E+12,4.20045E-07
24891,1.5075E+12,4.20045E-07
24892,1.5075E+12,4.20045E-07
24893,1.5075E+12,4.20045E-07
24894,1.5075E+12,4.20045E-07
24895,1.5075E+12,4.20045E-07
24896,1.5074E+12,4.2005E-07
24897,1.5074E+12,4.2005E-07
24898,1.5074E+12,4.2005E-07
24899,1.5074E+12,4.2005E-07
24900,1.5074E+12,4.2005E-07
24901,1.5074E+12,4.2005E-07
24902,1.5073E+12,4.2005E-07
24903,1.5073E+12,4.2005E-07
24904,1.5073E+12,4.20055E-07
24905,1.5073E+12,4.20055E-07
24906,1.5073E+12,4.20055E-07
24907,1.5073E+12,4.20055E-07
24908,1.5073E+12,4.20055E-07
24909,1.5072E+12,4.20055E-07
24910,1.5072E+12,4.20055E-07
24911,1.5072E+12,4.20055E-07
24912,1.5072E+12,4.2006E-07
24913,1.5072E+12,4.2006E-07
24914,1.5072E+12,4.2006E-07
24915,1.5071E+12,4.2006E-07
24916,1.5071E+12,4.2006E-07
24917,1.5071E+12,4.2006E-07
24918,1.5071E+12,4.2006E-07
24919,1.5071E+12,4.2006E-07
24920,1.5071E+12,4.20065E-07
24921,1.507E+12,4.20065E-07
24922,1.507E+12,4.20065E-07
24923,1.507E+12,4.20065E-07
24924,1.507E+12,4.20065E-07
24925,1.507E+12,4.20065E-07
24926,1.507E+12,4.20065E-07
24927,1.507E+12,4.20065E-07
24928,1.5069E+12,4.2007E-07
24929,1.5069E+12,4.2007E-07
24930,1.5069E+12,4.2007E-07
24931,1.5069E+12,4.2007E-07
24932,1.5069E+12,4.2007E-07
24933,1.5069E+12,4.2007E-07
24934,1.5068E+12,4.2007E-07
24935,1.5068E+12,4.2007E-07
24936,1.5068E+12,4.2007E-07
24937,1.5068E+12,4.20075E-07
24938,1.5068E+12,4.20075E-07
24939,1.5068E+12,4.20075E-07
24940,1.5068E+12,4.20075E-07
24941,1.5067E+12,4.20075E-07
24942,1.5067E+12,4.20075E-07
24943,1.5067E+12,4.20075E-07
24944,1.5067E+12,4.20075E-07
24945,1.5067E+12,4.2008E-07
24946,1.5067E+12,4.2008E-07
24947,1.5066E+12,4.2008E-07
24948,1.5066E+12,4.2008E-07
24949,1.5066E+12,4.2008E-07
24950,1.5066E+12,4.2008E-07
24951,1.5066E+12,4.2008E-07
24952,1.5066E+12,4.2008E-07
24953,1.5065E+12,4.20085E-07
24954,1.5065E+12,4.20085E-07
24955,1.5065E+12,4.20085E-07
24956,1.5065E+12,4.20085E-07
24957,1.5065E+12,4.20085E-07
24958,1.5065E+12,4.20085E-07
24959,1.5065E+12,4.20085E-07
24960,1.5064E+12,4.20085E-07
24961,1.5064E+12,4.2009E-07
24962,1.5064E+12,4.2009E-07
24963,1.5064E+12,4.2009E-07
24964,1.5064E+12,4.2009E-07
24965,1.5064E+12,4.2009E-07
24966,1.5063E+12,4.2009E-07
24967,1.5063E+12,4.2009E-07
24968,1.5063E+12,4.2009E-07
24969,1.5063E+12,4.20095E-07
24970,1.5063E+12,4.20095E-07
24971,1.5063E+12,4.20095E-07
24972,1.5063E+12,4.20095E-07
24973,1.5062E+12,4.20095E-07
24974,1.5062E+12,4.20095E-07
24975,1.5062E+12,4.20095E-07
24976,1.5062E+12,4.20095E-07
24977,1.5062E+12,4.201E-07
24978,1.5062E+12,4.201E-07
24979,1.5061E+12,4.201E-07
24980,1.5061E+12,4.201E-07
24981,1.5061E+12,4.201E-07
24982,1.5061E+12,4.201E-07
24983,1.5061E+12,4.201E-07
24984,1.5061E+12,4.201E-07
24985,1.5061E+12,4.20105E-07
24986,1.506E+12,4.20105E-07
24987,1.506E+12,4.20105E-07
24988,1.506E+12,4.20105E-07
24989,1.506E+12,4.20105E-07
24990,1.506E+12,4.20105E-07
24991,1.506E+12,4.20105E-07
24992,1.5059E+12,4.20105E-07
24993,1.5059E+12,4.2011E-07
24994,1.5059E+12,4.2011E-07
24995,1.5059E+12,4.2011E-07
24996,1.5059E+12,4.2011E-07
24997,1.5059E+12,4.2011E-07
24998,1.5059E+12,4.2011E-07
24999,1.5058E+12,4.2011E-07
25000,1.5058E+12,4.2011E-07
25001,1.5058E+12,4.20115E-07
25002,1.5058E+12,4.20115E-07
25003,1.5058E+12,4.20115E-07
25004,1.5058E+12,4.20115E-07
25005,1.5057E+12,4.20115E-07
25006,1.5057E+12,4.20115E-07
25007,1.5057E+12,4.20115E-07
25008,1.5057E+12,4.20115E-07
25009,1.5057E+12,4.2012E-07
25010,1.5057E+12,4.2012E-07
25011,1.5056E+12,4.2012E-07
25012,1.5056E+12,4.2012E-07
25013,1.5056E+12,4.2012E-07
25014,1.5056E+12,4.2012E-07
25015,1.5056E+12,4.2012E-07
25016,1.5056E+12,4.2012E-07
25017,1.5056E+12,4.20125E-07
25018,1.5055E+12,4.20125E-07
25019,1.5055E+12,4.20125E-07
25020,1.5055E+12,4.20125E-07
25021,1.5055E+12,4.20125E-07
25022,1.5055E+12,4.20125E-07
25023,1.5055E+12,4.20125E-07
25024,1.5054E+12,4.20125E-07
25025,1.5054E+12,4.2013E-07
25026,1.5054E+12,4.2013E-07
25027,1.5054E+12,4.2013E-07
25028,1.5054E+12,4.2013E-07
25029,1.5054E+12,4.2013E-07
25030,1.5054E+12,4.2013E-07
25031,1.5053E+12,4.2013E-07
25032,1.5053E+12,4.2013E-07
25033,1.5053E+12,4.2013E-07
25034,1.5053E+12,4.20135E-07
25035,1.5053E+12,4.20135E-07
25036,1.5053E+12,4.20135E-07
25037,1.5052E+12,4.20135E-07
25038,1.5052E+12,4.20135E-07
25039,1.5052E+12,4.20135E-07
25040,1.5052E+12,4.20135E-07
25041,1.5052E+12,4.20135E-07
25042,1.5052E+12,4.2014E-07
25043,1.5052E+12,4.2014E-07
25044,1.5051E+12,4.2014E-07
25045,1.5051E+12,4.2014E-07
25046,1.5051E+12,4.2014E-07
25047,1.5051E+12,4.2014E-07
25048,1.5051E+12,4.2014E-07
25049,1.5051E+12,4.2014E-07
25050,1.505E+12,4.20145E-07
25051,1.505E+12,4.20145E-07
25052,1.505E+12,4.20145E-07
25053,1.505E+12,4.20145E-07
25054,1.505E+12,4.20145E-07
25055,1.505E+12,4.20145E-07
25056,1.505E+12,4.20145E-07
25057,1.5049E+12,4.20145E-07
25058,1.5049E+12,4.2015E-07
25059,1.5049E+12,4.2015E-07
25060,1.5049E+12,4.2015E-07
25061,1.5049E+12,4.2015E-07
25062,1.5049E+12,4.2015E-07
25063,1.5048E+12,4.2015E-07
25064,1.5048E+12,4.2015E-07
25065,1.5048E+12,4.2015E-07
25066,1.5048E+12,4.20155E-07
25067,1.5048E+12,4.20155E-07
25068,1.5048E+12,4.20155E-07
25069,1.5048E+12,4.20155E-07
25070,1.5047E+12,4.20155E-07
25071,1.5047E+12,4.20155E-07
25072,1.5047E+12,4.20155E-07
25073,1.5047E+12,4.20155E-07
25074,1.5047E+12,4.2016E-07
25075,1.5047E+12,4.2016E-07
25076,1.5046E+12,4.2016E-07
25077,1.5046E+12,4.2016E-07
25078,1.5046E+12,4.2016E-07
25079,1.5046E+12,4.2016E-07
25080,1.5046E+12,4.2016E-07
25081,1.5046E+12,4.2016E-07
25082,1.5046E+12,4.20165E-07
25083,1.5045E+12,4.20165E-07
25084,1.5045E+12,4.20165E-07
25085,1.5045E+12,4.20165E-07
25086,1.5045E+12,4.20165E-07
25087,1.5045E+12,4.20165E-07
25088,1.5045E+12,4.20165E-07
25089,1.5044E+12,4.20165E-07
25090,1.5044E+12,4.2017E-07
25091,1.5044E+12,4.2017E-07
25092,1.5044E+12,4.2017E-07
25093,1.5044E+12,4.2017E-07
25094,1.5044E+12,4.2017E-07
25095,1.5044E+12,4.2017E-07
25096,1.5043E+12,4.2017E-07
25097,1.5043E+12,4.2017E-07
25098,1.5043E+12,4.2017E-07
25099,1.5043E+12,4.20175E-07
25100,1.5043E+12,4.20175E-07
25101,1.5043E+12,4.20175E-07
25102,1.5042E+12,4.20175E-07
25103,1.5042E+12,4.20175E-07
25104,1.5042E+12,4.20175E-07
25105,1.5042E+12,4.20175E-07
25106,1.5042E+12,4.20175E-07
25107,1.5042E+12,4.2018E-07
25108,1.5041E+12,4.2018E-07
25109,1.5041E+12,4.2018E-07
25110,1.5041E+12,4.2018E-07
25111,1.5041E+12,4.2018E-07
25112,1.5041E+12,4.2018E-07
25113,1.5041E+12,4.2018E-07
25114,1.5041E+12,4.2018E-07
25115,1.504E+12,4.20185E-07
25116,1.504E+12,4.20185E-07
25117,1.504E+12,4.20185E-07
25118,1.504E+12,4.20185E-07
25119,1.504E+12,4.20185E-07
25120,1.504E+12,4.20185E-07
25121,1.5039E+12,4.20185E-07
25122,1.5039E+12,4.20185E-07
25123,1.5039E+12,4.2019E-07
25124,1.5039E+12,4.2019E-07
25125,1.5039E+12,4.2019E-07
25126,1.5039E+12,4.2019E-07
25127,1.5039E+12,4.2019E-07
25128,1.5038E+12,4.2019E-07
25129,1.5038E+12,4.2019E-07
25130,1.5038E+12,4.2019E-07
25131,1.5038E+12,4.20195E-07
25132,1.5038E+12,4.20195E-07
25133,1.5038E+12,4.20195E-07
25134,1.5037E+12,4.20195E-07
25135,1.5037E+12,4.20195E-07
25136,1.5037E+12,4.20195E-07
25137,1.5037E+12,4.20195E-07
25138,1.5037E+12,4.20195E-07
25139,1.5037E+12,4.202E-07
25140,1.5037E+12,4.202E-07
25141,1.5036E+12,4.202E-07
25142,1.5036E+12,4.202E-07
25143,1.5036E+12,4.202E-07
25144,1.5036E+12,4.202E-07
25145,1.5036E+12,4.202E-07
25146,1.5036E+12,4.202E-07
25147,1.5035E+12,4.20205E-07
25148,1.5035E+12,4.20205E-07
25149,1.5035E+12,4.20205E-07
25150,1.5035E+12,4.20205E-07
25151,1.5035E+12,4.20205E-07
25152,1.5035E+12,4.20205E-07
25153,1.5035E+12,4.20205E-07
25154,1.5034E+12,4.20205E-07
25155,1.5034E+12,4.20205E-07
25156,1.5034E+12,4.2021E-07
25157,1.5034E+12,4.2021E-07
25158,1.5034E+12,4.2021E-07
25159,1.5034E+12,4.2021E-07
25160,1.5033E+12,4.2021E-07
25161,1.5033E+12,4.2021E-07
25162,1.5033E+12,4.2021E-07
25163,1.5033E+12,4.2021E-07
25164,1.5033E+12,4.20215E-07
25165,1.5033E+12,4.20215E-07
25166,1.5033E+12,4.20215E-07
25167,1.5032E+12,4.20215E-07
25168,1.5032E+12,4.20215E-07
25169,1.5032E+12,4.20215E-07
25170,1.5032E+12,4.20215E-07
25171,1.5032E+12,4.20215E-07
25172,1.5032E+12,4.2022E-07
25173,1.5031E+12,4.2022E-07
25174,1.5031E+12,4.2022E-07
25175,1.5031E+12,4.2022E-07
25176,1.5031E+12,4.2022E-07
25177,1.5031E+12,4.2022E-07
25178,1.5031E+12,4.2022E-07
25179,1.5031E+12,4.2022E-07
25180,1.503E+12,4.20225E-07
25181,1.503E+12,4.20225E-07
25182,1.503E+12,4.20225E-07
25183,1.503E+12,4.20225E-07
25184,1.503E+12,4.20225E-07
25185,1.503E+12,4.20225E-07
25186,1.5029E+12,4.20225E-07
25187,1.5029E+12,4.20225E-07
25188,1.5029E+12,4.2023E-07
25189,1.5029E+12,4.2023E-07
25190,1.5029E+12,4.2023E-07
25191,1.5029E+12,4.2023E-07
25192,1.5029E+12,4.2023E-07
25193,1.5028E+12,4.2023E-07
25194,1.5028E+12,4.2023E-07
25195,1.5028E+12,4.2023E-07
25196,1.5028E+12,4.20235E-07
25197,1.5028E+12,4.20235E-07
25198,1.5028E+12,4.20235E-07
25199,1.5027E+12,4.20235E-07
25200,1.5027E+12,4.20235E-07
25201,1.5027E+12,4.20235E-07
25202,1.5027E+12,4.20235E-07
25203,1.5027E+12,4.20235E-07
25204,1.5027E+12,4.20235E-07
25205,1.5027E+12,4.2024E-07
25206,1.5026E+12,4.2024E-07
25207,1.5026E+12,4.2024E-07
25208,1.5026E+12,4.2024E-07
25209,1.5026E+12,4.2024E-07
25210,1.5026E+12,4.2024E-07
25211,1.5026E+12,4.2024E-07
25212,1.5026E+12,4.2024E-07
25213,1.5025E+12,4.20245E-07
25214,1.5025E+12,4.20245E-07
25215,1.5025E+12,4.20245E-07
25216,1.5025E+12,4.20245E-07
25217,1.5025E+12,4.20245E-07
25218,1.5025E+12,4.20245E-07
25219,1.5024E+12,4.20245E-07
25220,1.5024E+12,4.20245E-07
25221,1.5024E+12,4.2025E-07
25222,1.5024E+12,4.2025E-07
25223,1.5024E+12,4.2025E-07
25224,1.5024E+12,4.2025E-07
25225,1.5024E+12,4.2025E-07
25226,1.5023E+12,4.2025E-07
25227,1.5023E+12,4.2025E-07
25228,1.5023E+12,4.2025E-07
25229,1.5023E+12,4.20255E-07
25230,1.5023E+12,4.20255E-07
25231,1.5023E+12,4.20255E-07
25232,1.5022E+12,4.20255E-07
25233,1.5022E+12,4.20255E-07
25234,1.5022E+12,4.20255E-07
25235,1.5022E+12,4.20255E-07
25236,1.5022E+12,4.20255E-07
25237,1.5022E+12,4.2026E-07
25238,1.5022E+12,4.2026E-07
25239,1.5021E+12,4.2026E-07
25240,1.5021E+12,4.2026E-07
25241,1.5021E+12,4.2026E-07
25242,1.5021E+12,4.2026E-07
25243,1.5021E+12,4.2026E-07
25244,1.5021E+12,4.2026E-07
25245,1.502E+12,4.20265E-07
25246,1.502E+12,4.20265E-07
25247,1.502E+12,4.20265E-07
25248,1.502E+12,4.20265E-07
25249,1.502E+12,4.20265E-07
25250,1.502E+12,4.20265E-07
25251,1.502E+12,4.20265E-07
25252,1.5019E+12,4.20265E-07
25253,1.5019E+12,4.20265E-07
25254,1.5019E+12,4.2027E-07
25255,1.5019E+12,4.2027E-07
25256,1.5019E+12,4.2027E-07
25257,1.5019E+12,4.2027E-07
25258,1.5018E+12,4.2027E-07
25259,1.5018E+12,4.2027E-07
25260,1.5018E+12,4.2027E-07
25261,1.5018E+12,4.2027E-07
25262,1.5018E+12,4.20275E-07
25263,1.5018E+12,4.20275E-07
25264,1.5018E+12,4.20275E-07
25265,1.5017E+12,4.20275E-07
25266,1.5017E+12,4.20275E-07
25267,1.5017E+12,4.20275E-07
25268,1.5017E+12,4.20275E-07
25269,1.5017E+12,4.20275E-07
25270,1.5017E+12,4.2028E-07
25271,1.5016E+12,4.2028E-07
25272,1.5016E+12,4.2028E-07
25273,1.5016E+12,4.2028E-07
25274,1.5016E+12,4.2028E-07
25275,1.5016E+12,4.2028E-07
25276,1.5016E+12,4.2028E-07
25277,1.5016E+12,4.2028E-07
25278,1.5015E+12,4.20285E-07
25279,1.5015E+12,4.20285E-07
25280,1.5015E+12,4.20285E-07
25281,1.5015E+12,4.20285E-07
25282,1.5015E+12,4.20285E-07
25283,1.5015E+12,4.20285E-07
25284,1.5014E+12,4.20285E-07
25285,1.5014E+12,4.20285E-07
25286,1.5014E+12,4.2029E-07
25287,1.5014E+12,4.2029E-07
25288,1.5014E+12,4.2029E-07
25289,1.5014E+12,4.2029E-07
25290,1.5014E+12,4.2029E-07
25291,1.5013E+12,4.2029E-07
25292,1.5013E+12,4.2029E-07
25293,1.5013E+12,4.2029E-07
25294,1.5013E+12,4.2029E-07
25295,1.5013E+12,4.20295E-07
25296,1.5013E+12,4.20295E-07
25297,1.5012E+12,4.20295E-07
25298,1.5012E+12,4.20295E-07
25299,1.5012E+12,4.20295E-07
25300,1.5012E+12,4.20295E-07
25301,1.5012E+12,4.20295E-07
25302,1.5012E+12,4.20295E-07
25303,1.5012E+12,4.203E-07
25304,1.5011E+12,4.203E-07
25305,1.5011E+12,4.203E-07
25306,1.5011E+12,4.203E-07
25307,1.5011E+12,4.203E-07
25308,1.5011E+12,4.203E-07
25309,1.5011E+12,4.203E-07
25310,1.5011E+12,4.203E-07
25311,1.501E+12,4.20305E-07
25312,1.501E+12,4.20305E-07
25313,1.501E+12,4.20305E-07
25314,1.501E+12,4.20305E-07
25315,1.501E+12,4.20305E-07
25316,1.501E+12,4.20305E-07
25317,1.5009E+12,4.20305E-07
25318,1.5009E+12,4.20305E-07
25319,1.5009E+12,4.2031E-07
25320,1.5009E+12,4.2031E-07
25321,1.5009E+12,4.2031E-07
25322,1.5009E+12,4.2031E-07
25323,1.5009E+12,4.2031E-07
25324,1.5008E+12,4.2031E-07
25325,1.5008E+12,4.2031E-07
25326,1.5008E+12,4.2031E-07
25327,1.5008E+12,4.20315E-07
25328,1.5008E+12,4.20315E-07
25329,1.5008E+12,4.20315E-07
25330,1.5007E+12,4.20315E-07
25331,1.5007E+12,4.20315E-07
25332,1.5007E+12,4.20315E-07
25333,1.5007E+12,4.20315E-07
25334,1.5007E+12,4.20315E-07
25335,1.5007E+12,4.20315E-07
25336,1.5007E+12,4.2032E-07
25337,1.5006E+12,4.2032E-07
25338,1.5006E+12,4.2032E-07
25339,1.5006E+12,4.2032E-07
25340,1.5006E+12,4.2032E-07
25341,1.5006E+12,4.2032E-07
25342,1.5006E+12,4.2032E-07
25343,1.5005E+12,4.2032E-07
25344,1.5005E+12,4.20325E-07
25345,1.5005E+12,4.20325E-07
25346,1.5005E+12,4.20325E-07
25347,1.5005E+12,4.20325E-07
25348,1.5005E+12,4.20325E-07
25349,1.5005E+12,4.20325E-07
25350,1.5004E+12,4.20325E-07
25351,1.5004E+12,4.20325E-07
25352,1.5004E+12,4.2033E-07
25353,1.5004E+12,4.2033E-07
25354,1.5004E+12,4.2033E-07
25355,1.5004E+12,4.2033E-07
25356,1.5003E+12,4.2033E-07
25357,1.5003E+12,4.2033E-07
25358,1.5003E+12,4.2033E-07
25359,1.5003E+12,4.2033E-07
25360,1.5003E+12,4.20335E-07
25361,1.5003E+12,4.20335E-07
25362,1.5003E+12,4.20335E-07
25363,1.5002E+12,4.20335E-07
25364,1.5002E+12,4.20335E-07
25365,1.5002E+12,4.20335E-07
25366,1.5002E+12,4.20335E-07
25367,1.5002E+12,4.20335E-07
25368,1.5002E+12,4.2034E-07
25369,1.5002E+12,4.2034E-07
25370,1.5001E+12,4.2034E-07
25371,1.5001E+12,4.2034E-07
25372,1.5001E+12,4.2034E-07
25373,1.5001E+12,4.2034E-07
25374,1.5001E+12,4.2034E-07
25375,1.5001E+12,4.2034E-07
25376,1.5E+12,4.2034E-07
25377,1.5E+12,4.20345E-07
25378,1.5E+12,4.20345E-07
25379,1.5E+12,4.20345E-07
25380,1.5E+12,4.20345E-07
25381,1.5E+12,4.20345E-07
25382,1.5E+12,4.20345E-07
25383,1.4999E+12,4.20345E-07
25384,1.4999E+12,4.20345E-07
25385,1.4999E+12,4.2035E-07
25386,1.4999E+12,4.2035E-07
25387,1.4999E+12,4.2035E-07
25388,1.4999E+12,4.2035E-07
25389,1.4998E+12,4.2035E-07
25390,1.4998E+12,4.2035E-07
25391,1.4998E+12,4.2035E-07
25392,1.4998E+12,4.2035E-07
25393,1.4998E+12,4.20355E-07
25394,1.4998E+12,4.20355E-07
25395,1.4998E+12,4.20355E-07
25396,1.4997E+12,4.20355E-07
25397,1.4997E+12,4.20355E-07
25398,1.4997E+12,4.20355E-07
25399,1.4997E+12,4.20355E-07
25400,1.4997E+12,4.20355E-07
25401,1.4997E+12,4.2036E-07
25402,1.4996E+12,4.2036E-07
25403,1.4996E+12,4.2036E-07
25404,1.4996E+12,4.2036E-07
25405,1.4996E+12,4.2036E-07
25406,1.4996E+12,4.2036E-07
25407,1.4996E+12,4.2036E-07
25408,1.4996E+12,4.2036E-07
25409,1.4995E+12,4.2036E-07
25410,1.4995E+12,4.20365E-07
25411,1.4995E+12,4.20365E-07
25412,1.4995E+12,4.20365E-07
25413,1.4995E+12,4.20365E-07
25414,1.4995E+12,4.20365E-07
25415,1.4995E+12,4.20365E-07
25416,1.4994E+12,4.20365E-07
25417,1.4994E+12,4.20365E-07
25418,1.4994E+12,4.2037E-07
25419,1.4994E+12,4.2037E-07
25420,1.4994E+12,4.2037E-07
25421,1.4994E+12,4.2037E-07
25422,1.4993E+12,4.2037E-07
25423,1.4993E+12,4.2037E-07
25424,1.4993E+12,4.2037E-07
25425,1.4993E+12,4.2037E-07
25426,1.4993E+12,4.20375E-07
25427,1.4993E+12,4.20375E-07
25428,1.4993E+12,4.20375E-07
25429,1.4992E+12,4.20375E-07
25430,1.4992E+12,4.20375E-07
25431,1.4992E+12,4.20375E-07
25432,1.4992E+12,4.20375E-07
25433,1.4992E+12,4.20375E-07
25434,1.4992E+12,4.2038E-07
25435,1.4991E+12,4.2038E-07
25436,1.4991E+12,4.2038E-07
25437,1.4991E+12,4.2038E-07
25438,1.4991E+12,4.2038E-07
25439,1.4991E+12,4.2038E-07
25440,1.4991E+12,4.2038E-07
25441,1.4991E+12,4.2038E-07
25442,1.499E+12,4.2038E-07
25443,1.499E+12,4.20385E-07
25444,1.499E+12,4.20385E-07
25445,1.499E+12,4.20385E-07
25446,1.499E+12,4.20385E-07
25447,1.499E+12,4.20385E-07
25448,1.499E+12,4.20385E-07
25449,1.4989E+12,4.20385E-07
25450,1.4989E+12,4.20385E-07
25451,1.4989E+12,4.2039E-07
25452,1.4989E+12,4.2039E-07
25453,1.4989E+12,4.2039E-07
25454,1.4989E+12,4.2039E-07
25455,1.4988E+12,4.2039E-07
25456,1.4988E+12,4.2039E-07
25457,1.4988E+12,4.2039E-07
25458,1.4988E+12,4.2039E-07
25459,1.4988E+12,4.20395E-07
25460,1.4988E+12,4.20395E-07
25461,1.4988E+12,4.20395E-07
25462,1.4987E+12,4.20395E-07
25463,1.4987E+12,4.20395E-07
25464,1.4987E+12,4.20395E-07
25465,1.4987E+12,4.20395E-07
25466,1.4987E+12,4.20395E-07
25467,1.4987E+12,4.204E-07
25468,1.4986E+12,4.204E-07
25469,1.4986E+12,4.204E-07
25470,1.4986E+12,4.204E-07
25471,1.4986E+12,4.204E-07
25472,1.4986E+12,4.204E-07
25473,1.4986E+12,4.204E-07
25474,1.4986E+12,4.204E-07
25475,1.4985E+12,4.204E-07
25476,1.4985E+12,4.20405E-07
25477,1.4985E+12,4.20405E-07
25478,1.4985E+12,4.20405E-07
25479,1.4985E+12,4.20405E-07
25480,1.4985E+12,4.20405E-07
25481,1.4985E+12,4.20405E-07
25482,1.4984E+12,4.20405E-07
25483,1.4984E+12,4.20405E-07
25484,1.4984E+12,4.2041E-07
25485,1.4984E+12,4.2041E-07
25486,1.4984E+12,4.2041E-07
25487,1.4984E+12,4.2041E-07
25488,1.4983E+12,4.2041E-07
25489,1.4983E+12,4.2041E-07
25490,1.4983E+12,4.2041E-07
25491,1.4983E+12,4.2041E-07
25492,1.4983E+12,4.20415E-07
25493,1.4983E+12,4.20415E-07
25494,1.4983E+12,4.20415E-07
25495,1.4982E+12,4.20415E-07
25496,1.4982E+12,4.20415E-07
25497,1.4982E+12,4.20415E-07
25498,1.4982E+12,4.20415E-07
25499,1.4982E+12,4.20415E-07
25500,1.4982E+12,4.2042E-07
25501,1.4981E+12,4.2042E-07
25502,1.4981E+12,4.2042E-07
25503,1.4981E+12,4.2042E-07
25504,1.4981E+12,4.2042E-07
25505,1.4981E+12,4.2042E-07
25506,1.4981E+12,4.2042E-07
25507,1.4981E+12,4.2042E-07
25508,1.498E+12,4.2042E-07
25509,1.498E+12,4.20425E-07
25510,1.498E+12,4.20425E-07
25511,1.498E+12,4.20425E-07
25512,1.498E+12,4.20425E-07
25513,1.498E+12,4.20425E-07
25514,1.498E+12,4.20425E-07
25515,1.4979E+12,4.20425E-07
25516,1.4979E+12,4.20425E-07
25517,1.4979E+12,4.2043E-07
25518,1.4979E+12,4.2043E-07
25519,1.4979E+12,4.2043E-07
25520,1.4979E+12,4.2043E-07
25521,1.4978E+12,4.2043E-07
25522,1.4978E+12,4.2043E-07
25523,1.4978E+12,4.2043E-07
25524,1.4978E+12,4.2043E-07
25525,1.4978E+12,4.20435E-07
25526,1.4978E+12,4.20435E-07
25527,1.4978E+12,4.20435E-07
25528,1.4977E+12,4.20435E-07
25529,1.4977E+12,4.20435E-07
25530,1.4977E+12,4.20435E-07
25531,1.4977E+12,4.20435E-07
25532,1.4977E+12,4.20435E-07
25533,1.4977E+12,4.20435E-07
25534,1.4977E+12,4.2044E-07
25535,1.4976E+12,4.2044E-07
25536,1.4976E+12,4.2044E-07
25537,1.4976E+12,4.2044E-07
25538,1.4976E+12,4.2044E-07
25539,1.4976E+12,4.2044E-07
25540,1.4976E+12,4.2044E-07
25541,1.4975E+12,4.2044E-07
25542,1.4975E+12,4.20445E-07
25543,1.4975E+12,4.20445E-07
25544,1.4975E+12,4.20445E-07
25545,1.4975E+12,4.20445E-07
25546,1.4975E+12,4.20445E-07
25547,1.4975E+12,4.20445E-07
25548,1.4974E+12,4.20445E-07
25549,1.4974E+12,4.20445E-07
25550,1.4974E+12,4.2045E-07
25551,1.4974E+12,4.2045E-07
25552,1.4974E+12,4.2045E-07
25553,1.4974E+12,4.2045E-07
25554,1.4973E+12,4.2045E-07
25555,1.4973E+12,4.2045E-07
25556,1.4973E+12,4.2045E-07
25557,1.4973E+12,4.2045E-07
25558,1.4973E+12,4.20455E-07
25559,1.4973E+12,4.20455E-07
25560,1.4973E+12,4.20455E-07
25561,1.4972E+12,4.20455E-07
25562,1.4972E+12,4.20455E-07
25563,1.4972E+12,4.20455E-07
25564,1.4972E+12,4.20455E-07
25565,1.4972E+12,4.20455E-07
25566,1.4972E+12,4.20455E-07
25567,1.4972E+12,4.2046E-07
25568,1.4971E+12,4.2046E-07
25569,1.4971E+12,4.2046E-07
25570,1.4971E+12,4.2046E-07
25571,1.4971E+12,4.2046E-07
25572,1.4971E+12,4.2046E-07
25573,1.4971E+12,4.2046E-07
25574,1.497E+12,4.2046E-07
25575,1.497E+12,4.20465E-07
25576,1.497E+12,4.20465E-07
25577,1.497E+12,4.20465E-07
25578,1.497E+12,4.20465E-07
25579,1.497E+12,4.20465E-07
25580,1.497E+12,4.20465E-07
25581,1.4969E+12,4.20465E-07
25582,1.4969E+12,4.20465E-07
25583,1.4969E+12,4.2047E-07
25584,1.4969E+12,4.2047E-07
25585,1.4969E+12,4.2047E-07
25586,1.4969E+12,4.2047E-07
25587,1.4969E+12,4.2047E-07
25588,1.4968E+12,4.2047E-07
25589,1.4968E+12,4.2047E-07
25590,1.4968E+12,4.2047E-07
25591,1.4968E+12,4.2047E-07
25592,1.4968E+12,4.20475E-07
25593,1.4968E+12,4.20475E-07
25594,1.4967E+12,4.20475E-07
25595,1.4967E+12,4.20475E-07
25596,1.4967E+12,4.20475E-07
25597,1.4967E+12,4.20475E-07
25598,1.4967E+12,4.20475E-07
25599,1.4967E+12,4.20475E-07
25600,1.4967E+12,4.2048E-07
25601,1.4966E+12,4.2048E-07
25602,1.4966E+12,4.2048E-07
25603,1.4966E+12,4.2048E-07
25604,1.4966E+12,4.2048E-07
25605,1.4966E+12,4.2048E-07
25606,1.4966E+12,4.2048E-07
25607,1.4966E+12,4.2048E-07
25608,1.4965E+12,4.20485E-07
25609,1.4965E+12,4.20485E-07
25610,1.4965E+12,4.20485E-07
25611,1.4965E+12,4.20485E-07
25612,1.4965E+12,4.20485E-07
25613,1.4965E+12,4.20485E-07
25614,1.4964E+12,4.20485E-07
25615,1.4964E+12,4.20485E-07
25616,1.4964E+12,4.2049E-07
25617,1.4964E+12,4.2049E-07
25618,1.4964E+12,4.2049E-07
25619,1.4964E+12,4.2049E-07
25620,1.4964E+12,4.2049E-07
25621,1.4963E+12,4.2049E-07
25622,1.4963E+12,4.2049E-07
25623,1.4963E+12,4.2049E-07
25624,1.4963E+12,4.2049E-07
25625,1.4963E+12,4.20495E-07
25626,1.4963E+12,4.20495E-07
25627,1.4963E+12,4.20495E-07
25628,1.4962E+12,4.20495E-07
25629,1.4962E+12,4.20495E-07
25630,1.4962E+12,4.20495E-07
25631,1.4962E+12,4.20495E-07
25632,1.4962E+12,4.20495E-07
25633,1.4962E+12,4.205E-07
25634,1.4961E+12,4.205E-07
25635,1.4961E+12,4.205E-07
25636,1.4961E+12,4.205E-07
25637,1.4961E+12,4.205E-07
25638,1.4961E+12,4.205E-07
25639,1.4961E+12,4.205E-07
25640,1.4961E+12,4.205E-07
25641,1.496E+12,4.20505E-07
25642,1.496E+12,4.20505E-07
25643,1.496E+12,4.20505E-07
25644,1.496E+12,4.20505E-07
25645,1.496E+12,4.20505E-07
25646,1.496E+12,4.20505E-07
25647,1.496E+12,4.20505E-07
25648,1.4959E+12,4.20505E-07
25649,1.4959E+12,4.20505E-07
25650,1.4959E+12,4.2051E-07
25651,1.4959E+12,4.2051E-07
25652,1.4959E+12,4.2051E-07
25653,1.4959E+12,4.2051E-07
25654,1.4958E+12,4.2051E-07
25655,1.4958E+12,4.2051E-07
25656,1.4958E+12,4.2051E-07
25657,1.4958E+12,4.2051E-07
25658,1.4958E+12,4.20515E-07
25659,1.4958E+12,4.20515E-07
25660,1.4958E+12,4.20515E-07
25661,1.4957E+12,4.20515E-07
25662,1.4957E+12,4.20515E-07
25663,1.4957E+12,4.20515E-07
25664,1.4957E+12,4.20515E-07
25665,1.4957E+12,4.20515E-07
25666,1.4957E+12,4.2052E-07
25667,1.4957E+12,4.2052E-07
25668,1.4956E+12,4.2052E-07
25669,1.4956E+12,4.2052E-07
25670,1.4956E+12,4.2052E-07
25671,1.4956E+12,4.2052E-07
25672,1.4956E+12,4.2052E-07
25673,1.4956E+12,4.2052E-07
25674,1.4955E+12,4.2052E-07
25675,1.4955E+12,4.20525E-07
25676,1.4955E+12,4.20525E-07
25677,1.4955E+12,4.20525E-07
25678,1.4955E+12,4.20525E-07
25679,1.4955E+12,4.20525E-07
25680,1.4955E+12,4.20525E-07
25681,1.4954E+12,4.20525E-07
25682,1.4954E+12,4.20525E-07
25683,1.4954E+12,4.2053E-07
25684,1.4954E+12,4.2053E-07
25685,1.4954E+12,4.2053E-07
25686,1.4954E+12,4.2053E-07
25687,1.4954E+12,4.2053E-07
25688,1.4953E+12,4.2053E-07
25689,1.4953E+12,4.2053E-07
25690,1.4953E+12,4.2053E-07
25691,1.4953E+12,4.20535E-07
25692,1.4953E+12,4.20535E-07
25693,1.4953E+12,4.20535E-07
25694,1.4952E+12,4.20535E-07
25695,1.4952E+12,4.20535E-07
25696,1.4952E+12,4.20535E-07
25697,1.4952E+12,4.20535E-07
25698,1.4952E+12,4.20535E-07
25699,1.4952E+12,4.20535E-07
25700,1.4952E+12,4.2054E-07
25701,1.4951E+12,4.2054E-07
25702,1.4951E+12,4.2054E-07
25703,1.4951E+12,4.2054E-07
25704,1.4951E+12,4.2054E-07
25705,1.4951E+12,4.2054E-07
25706,1.4951E+12,4.2054E-07
25707,1.4951E+12,4.2054E-07
25708,1.495E+12,4.20545E-07
25709,1.495E+12,4.20545E-07
25710,1.495E+12,4.20545E-07
25711,1.495E+12,4.20545E-07
25712,1.495E+12,4.20545E-07
25713,1.495E+12,4.20545E-07
25714,1.4949E+12,4.20545E-07
25715,1.4949E+12,4.20545E-07
25716,1.4949E+12,4.2055E-07
25717,1.4949E+12,4.2055E-07
25718,1.4949E+12,4.2055E-07
25719,1.4949E+12,4.2055E-07
25720,1.4949E+12,4.2055E-07
25721,1.4948E+12,4.2055E-07
25722,1.4948E+12,4.2055E-07
25723,1.4948E+12,4.2055E-07
25724,1.4948E+12,4.2055E-07
25725,1.4948E+12,4.20555E-07
25726,1.4948E+12,4.20555E-07
25727,1.4948E+12,4.20555E-07
25728,1.4947E+12,4.20555E-07
25729,1.4947E+12,4.20555E-07
25730,1.4947E+12,4.20555E-07
25731,1.4947E+12,4.20555E-07
25732,1.4947E+12,4.20555E-07
25733,1.4947E+12,4.2056E-07
25734,1.4946E+12,4.2056E-07
25735,1.4946E+12,4.2056E-07
25736,1.4946E+12,4.2056E-07
25737,1.4946E+12,4.2056E-07
25738,1.4946E+12,4.2056E-07
25739,1.4946E+12,4.2056E-07
25740,1.4946E+12,4.2056E-07
25741,1.4945E+12,4.20565E-07
25742,1.4945E+12,4.20565E-07
25743,1.4945E+12,4.20565E-07
25744,1.4945E+12,4.20565E-07
25745,1.4945E+12,4.20565E-07
25746,1.4945E+12,4.20565E-07
25747,1.4945E+12,4.20565E-07
25748,1.4944E+12,4.20565E-07
25749,1.4944E+12,4.20565E-07
25750,1.4944E+12,4.2057E-07
25751,1.4944E+12,4.2057E-07
25752,1.4944E+12,4.2057E-07
25753,1.4944E+12,4.2057E-07
25754,1.4943E+12,4.2057E-07
25755,1.4943E+12,4.2057E-07
25756,1.4943E+12,4.2057E-07
25757,1.4943E+12,4.2057E-07
25758,1.4943E+12,4.20575E-07
25759,1.4943E+12,4.20575E-07
25760,1.4943E+12,4.20575E-07
25761,1.4942E+12,4.20575E-07
25762,1.4942E+12,4.20575E-07
25763,1.4942E+12,4.20575E-07
25764,1.4942E+12,4.20575E-07
25765,1.4942E+12,4.20575E-07
25766,1.4942E+12,4.20575E-07
25767,1.4942E+12,4.2058E-07
25768,1.4941E+12,4.2058E-07
25769,1.4941E+12,4.2058E-07
25770,1.4941E+12,4.2058E-07
25771,1.4941E+12,4.2058E-07
25772,1.4941E+12,4.2058E-07
25773,1.4941E+12,4.2058E-07
25774,1.4941E+12,4.2058E-07
25775,1.494E+12,4.20585E-07
25776,1.494E+12,4.20585E-07
25777,1.494E+12,4.20585E-07
25778,1.494E+12,4.20585E-07
25779,1.494E+12,4.20585E-07
25780,1.494E+12,4.20585E-07
25781,1.4939E+12,4.20585E-07
25782,1.4939E+12,4.20585E-07
25783,1.4939E+12,4.2059E-07
25784,1.4939E+12,4.2059E-07
25785,1.4939E+12,4.2059E-07
25786,1.4939E+12,4.2059E-07
25787,1.4939E+12,4.2059E-07
25788,1.4938E+12,4.2059E-07
25789,1.4938E+12,4.2059E-07
25790,1.4938E+12,4.2059E-07
25791,1.4938E+12,4.2059E-07
25792,1.4938E+12,4.20595E-07
25793,1.4938E+12,4.20595E-07
25794,1.4938E+12,4.20595E-07
25795,1.4937E+12,4.20595E-07
25796,1.4937E+12,4.20595E-07
25797,1.4937E+12,4.20595E-07
25798,1.4937E+12,4.20595E-07
25799,1.4937E+12,4.20595E-07
25800,1.4937E+12,4.206E-07
25801,1.4936E+12,4.206E-07
25802,1.4936E+12,4.206E-07
25803,1.4936E+12,4.206E-07
25804,1.4936E+12,4.206E-07
25805,1.4936E+12,4.206E-07
25806,1.4936E+12,4.206E-07
25807,1.4936E+12,4.206E-07
25808,1.4935E+12,4.20605E-07
25809,1.4935E+12,4.20605E-07
25810,1.4935E+12,4.20605E-07
25811,1.4935E+12,4.20605E-07
25812,1.4935E+12,4.20605E-07
25813,1.4935E+12,4.20605E-07
25814,1.4935E+12,4.20605E-07
25815,1.4934E+12,4.20605E-07
25816,1.4934E+12,4.20605E-07
25817,1.4934E+12,4.2061E-07
25818,1.4934E+12,4.2061E-07
25819,1.4934E+12,4.2061E-07
25820,1.4934E+12,4.2061E-07
25821,1.4934E+12,4.2061E-07
25822,1.4933E+12,4.2061E-07
25823,1.4933E+12,4.2061E-07
25824,1.4933E+12,4.2061E-07
25825,1.4933E+12,4.20615E-07
25826,1.4933E+12,4.20615E-07
25827,1.4933E+12,4.20615E-07
25828,1.4932E+12,4.20615E-07
25829,1.4932E+12,4.20615E-07
25830,1.4932E+12,4.20615E-07
25831,1.4932E+12,4.20615E-07
25832,1.4932E+12,4.20615E-07
25833,1.4932E+12,4.20615E-07
25834,1.4932E+12,4.2062E-07
25835,1.4931E+12,4.2062E-07
25836,1.4931E+12,4.2062E-07
25837,1.4931E+12,4.2062E-07
25838,1.4931E+12,4.2062E-07
25839,1.4931E+12,4.2062E-07
25840,1.4931E+12,4.2062E-07
25841,1.4931E+12,4.2062E-07
25842,1.493E+12,4.20625E-07
25843,1.493E+12,4.20625E-07
25844,1.493E+12,4.20625E-07
25845,1.493E+12,4.20625E-07
25846,1.493E+12,4.20625E-07
25847,1.493E+12,4.20625E-07
25848,1.4929E+12,4.20625E-07
25849,1.4929E+12,4.20625E-07
25850,1.4929E+12,4.2063E-07
25851,1.4929E+12,4.2063E-07
25852,1.4929E+12,4.2063E-07
25853,1.4929E+12,4.2063E-07
25854,1.4929E+12,4.2063E-07
25855,1.4928E+12,4.2063E-07
25856,1.4928E+12,4.2063E-07
25857,1.4928E+12,4.2063E-07
25858,1.4928E+12,4.2063E-07
25859,1.4928E+12,4.20635E-07
25860,1.4928E+12,4.20635E-07
25861,1.4928E+12,4.20635E-07
25862,1.4927E+12,4.20635E-07
25863,1.4927E+12,4.20635E-07
25864,1.4927E+12,4.20635E-07
25865,1.4927E+12,4.20635E-07
25866,1.4927E+12,4.20635E-07
25867,1.4927E+12,4.2064E-07
25868,1.4927E+12,4.2064E-07
25869,1.4926E+12,4.2064E-07
25870,1.4926E+12,4.2064E-07
25871,1.4926E+12,4.2064E-07
25872,1.4926E+12,4.2064E-07
25873,1.4926E+12,4.2064E-07
25874,1.4926E+12,4.2064E-07
25875,1.4925E+12,4.2064E-07
25876,1.4925E+12,4.20645E-07
25877,1.4925E+12,4.20645E-07
25878,1.4925E+12,4.20645E-07
25879,1.4925E+12,4.20645E-07
25880,1.4925E+12,4.20645E-07
25881,1.4925E+12,4.20645E-07
25882,1.4924E+12,4.20645E-07
25883,1.4924E+12,4.20645E-07
25884,1.4924E+12,4.2065E-07
25885,1.4924E+12,4.2065E-07
25886,1.4924E+12,4.2065E-07
25887,1.4924E+12,4.2065E-07
25888,1.4924E+12,4.2065E-07
25889,1.4923E+12,4.2065E-07
25890,1.4923E+12,4.2065E-07
25891,1.4923E+12,4.2065E-07
25892,1.4923E+12,4.20655E-07
25893,1.4923E+12,4.20655E-07
25894,1.4923E+12,4.20655E-07
25895,1.4923E+12,4.20655E-07
25896,1.4922E+12,4.20655E-07
25897,1.4922E+12,4.20655E-07
25898,1.4922E+12,4.20655E-07
25899,1.4922E+12,4.20655E-07
25900,1.4922E+12,4.20655E-07
25901,1.4922E+12,4.2066E-07
25902,1.4921E+12,4.2066E-07
25903,1.4921E+12,4.2066E-07
25904,1.4921E+12,4.2066E-07
25905,1.4921E+12,4.2066E-07
25906,1.4921E+12,4.2066E-07
25907,1.4921E+12,4.2066E-07
25908,1.4921E+12,4.2066E-07
25909,1.492E+12,4.20665E-07
25910,1.492E+12,4.20665E-07
25911,1.492E+12,4.20665E-07
25912,1.492E+12,4.20665E-07
25913,1.492E+12,4.20665E-07
25914,1.492E+12,4.20665E-07
25915,1.492E+12,4.20665E-07
25916,1.4919E+12,4.20665E-07
25917,1.4919E+12,4.20665E-07
25918,1.4919E+12,4.2067E-07
25919,1.4919E+12,4.2067E-07
25920,1.4919E+12,4.2067E-07
25921,1.4919E+12,4.2067E-07
25922,1.4919E+12,4.2067E-07
25923,1.4918E+12,4.2067E-07
25924,1.4918E+12,4.2067E-07
25925,1.4918E+12,4.2067E-07
25926,1.4918E+12,4.20675E-07
25927,1.4918E+12,4.20675E-07
25928,1.4918E+12,4.20675E-07
25929,1.4917E+12,4.20675E-07
25930,1.4917E+12,4.20675E-07
25931,1.4917E+12,4.20675E-07
25932,1.4917E+12,4.20675E-07
25933,1.4917E+12,4.20675E-07
25934,1.4917E+12,4.2068E-07
25935,1.4917E+12,4.2068E-07
25936,1.4916E+12,4.2068E-07
25937,1.4916E+12,4.2068E-07
25938,1.4916E+12,4.2068E-07
25939,1.4916E+12,4.2068E-07
25940,1.4916E+12,4.2068E-07
25941,1.4916E+12,4.2068E-07
25942,1.4916E+12,4.2068E-07
25943,1.4915E+12,4.20685E-07
25944,1.4915E+12,4.20685E-07
25945,1.4915E+12,4.20685E-07
25946,1.4915E+12,4.20685E-07
25947,1.4915E+12,4.20685E-07
25948,1.4915E+12,4.20685E-07
25949,1.4915E+12,4.20685E-07
25950,1.4914E+12,4.20685E-07
25951,1.4914E+12,4.2069E-07
25952,1.4914E+12,4.2069E-07
25953,1.4914E+12,4.2069E-07
25954,1.4914E+12,4.2069E-07
25955,1.4914E+12,4.2069E-07
25956,1.4913E+12,4.2069E-07
25957,1.4913E+12,4.2069E-07
25958,1.4913E+12,4.2069E-07
25959,1.4913E+12,4.2069E-07
25960,1.4913E+12,4.20695E-07
25961,1.4913E+12,4.20695E-07
25962,1.4913E+12,4.20695E-07
25963,1.4912E+12,4.20695E-07
25964,1.4912E+12,4.20695E-07
25965,1.4912E+12,4.20695E-07
25966,1.4912E+12,4.20695E-07
25967,1.4912E+12,4.20695E-07
25968,1.4912E+12,4.207E-07
25969,1.4912E+12,4.207E-07
25970,1.4911E+12,4.207E-07
25971,1.4911E+12,4.207E-07
25972,1.4911E+12,4.207E-07
25973,1.4911E+12,4.207E-07
25974,1.4911E+12,4.207E-07
25975,1.4911E+12,4.207E-07
25976,1.4911E+12,4.207E-07
25977,1.491E+12,4.20705E-07
25978,1.491E+12,4.20705E-07
25979,1.491E+12,4.20705E-07
25980,1.491E+12,4.20705E-07
25981,1.491E+12,4.20705E-07
25982,1.491E+12,4.20705E-07
25983,1.4909E+12,4.20705E-07
25984,1.4909E+12,4.20705E-07
25985,1.4909E+12,4.2071E-07
25986,1.4909E+12,4.2071E-07
25987,1.4909E+12,4.2071E-07
25988,1.4909E+12,4.2071E-07
25989,1.4909E+12,4.2071E-07
25990,1.4908E+12,4.2071E-07
25991,1.4908E+12,4.2071E-07
25992,1.4908E+12,4.2071E-07
25993,1.4908E+12,4.20715E-07
25994,1.4908E+12,4.20715E-07
25995,1.4908E+12,4.20715E-07
25996,1.4908E+12,4.20715E-07
25997,1.4907E+12,4.20715E-07
25998,1.4907E+12,4.20715E-07
25999,1.4907E+12,4.20715E-07
26000,1.4907E+12,4.20715E-07
26001,1.4907E+12,4.20715E-07
26002,1.4907E+12,4.2072E-07
26003,1.4907E+12,4.2072E-07
26004,1.4906E+12,4.2072E-07
26005,1.4906E+12,4.2072E-07
26006,1.4906E+12,4.2072E-07
26007,1.4906E+12,4.2072E-07
26008,1.4906E+12,4.2072E-07
26009,1.4906E+12,4.2072E-07
26010,1.4906E+12,4.20725E-07
26011,1.4905E+12,4.20725E-07
26012,1.4905E+12,4.20725E-07
26013,1.4905E+12,4.20725E-07
26014,1.4905E+12,4.20725E-07
26015,1.4905E+12,4.20725E-07
26016,1.4905E+12,4.20725E-07
26017,1.4904E+12,4.20725E-07
26018,1.4904E+12,4.20725E-07
26019,1.4904E+12,4.2073E-07
26020,1.4904E+12,4.2073E-07
26021,1.4904E+12,4.2073E-07
26022,1.4904E+12,4.2073E-07
26023,1.4904E+12,4.2073E-07
26024,1.4903E+12,4.2073E-07
26025,1.4903E+12,4.2073E-07
26026,1.4903E+12,4.2073E-07
26027,1.4903E+12,4.20735E-07
26028,1.4903E+12,4.20735E-07
26029,1.4903E+12,4.20735E-07
26030,1.4903E+12,4.20735E-07
26031,1.4902E+12,4.20735E-07
26032,1.4902E+12,4.20735E-07
26033,1.4902E+12,4.20735E-07
26034,1.4902E+12,4.20735E-07
26035,1.4902E+12,4.20735E-07
26036,1.4902E+12,4.2074E-07
26037,1.4902E+12,4.2074E-07
26038,1.4901E+12,4.2074E-07
26039,1.4901E+12,4.2074E-07
26040,1.4901E+12,4.2074E-07
26041,1.4901E+12,4.2074E-07
26042,1.4901E+12,4.2074E-07
26043,1.4901E+12,4.2074E-07
26044,1.4901E+12,4.20745E-07
26045,1.49E+12,4.20745E-07
26046,1.49E+12,4.20745E-07
26047,1.49E+12,4.20745E-07
26048,1.49E+12,4.20745E-07
26049,1.49E+12,4.20745E-07
26050,1.49E+12,4.20745E-07
26051,1.4899E+12,4.20745E-07
26052,1.4899E+12,4.20745E-07
26053,1.4899E+12,4.2075E-07
26054,1.4899E+12,4.2075E-07
26055,1.4899E+12,4.2075E-07
26056,1.4899E+12,4.2075E-07
26057,1.4899E+12,4.2075E-07
26058,1.4898E+12,4.2075E-07
26059,1.4898E+12,4.2075E-07
26060,1.4898E+12,4.2075E-07
26061,1.4898E+12,4.20755E-07
26062,1.4898E+12,4.20755E-07
26063,1.4898E+12,4.20755E-07
26064,1.4898E+12,4.20755E-07
26065,1.4897E+12,4.20755E-07
26066,1.4897E+12,4.20755E-07
26067,1.4897E+12,4.20755E-07
26068,1.4897E+12,4.20755E-07
26069,1.4897E+12,4.20755E-07
26070,1.4897E+12,4.2076E-07
26071,1.4897E+12,4.2076E-07
26072,1.4896E+12,4.2076E-07
26073,1.4896E+12,4.2076E-07
26074,1.4896E+12,4.2076E-07
26075,1.4896E+12,4.2076E-07
26076,1.4896E+12,4.2076E-07
26077,1.4896E+12,4.2076E-07
26078,1.4896E+12,4.20765E-07
26079,1.4895E+12,4.20765E-07
26080,1.4895E+12,4.20765E-07
26081,1.4895E+12,4.20765E-07
26082,1.4895E+12,4.20765E-07
26083,1.4895E+12,4.20765E-07
26084,1.4895E+12,4.20765E-07
26085,1.4894E+12,4.20765E-07
26086,1.4894E+12,4.2077E-07
26087,1.4894E+12,4.2077E-07
26088,1.4894E+12,4.2077E-07
26089,1.4894E+12,4.2077E-07
26090,1.4894E+12,4.2077E-07
26091,1.4894E+12,4.2077E-07
26092,1.4893E+12,4.2077E-07
26093,1.4893E+12,4.2077E-07
26094,1.4893E+12,4.2077E-07
26095,1.4893E+12,4.20775E-07
26096,1.4893E+12,4.20775E-07
26097,1.4893E+12,4.20775E-07
26098,1.4893E+12,4.20775E-07
26099,1.4892E+12,4.20775E-07
26100,1.4892E+12,4.20775E-07
26101,1.4892E+12,4.20775E-07
26102,1.4892E+12,4.20775E-07
26103,1.4892E+12,4.2078E-07
26104,1.4892E+12,4.2078E-07
26105,1.4892E+12,4.2078E-07
26106,1.4891E+12,4.2078E-07
26107,1.4891E+12,4.2078E-07
26108,1.4891E+12,4.2078E-07
26109,1.4891E+12,4.2078E-07
26110,1.4891E+12,4.2078E-07
26111,1.4891E+12,4.2078E-07
26112,1.4891E+12,4.20785E-07
26113,1.489E+12,4.20785E-07
26114,1.489E+12,4.20785E-07
26115,1.489E+12,4.20785E-07
26116,1.489E+12,4.20785E-07
26117,1.489E+12,4.20785E-07
26118,1.489E+12,4.20785E-07
26119,1.4889E+12,4.20785E-07
26120,1.4889E+12,4.2079E-07
26121,1.4889E+12,4.2079E-07
26122,1.4889E+12,4.2079E-07
26123,1.4889E+12,4.2079E-07
26124,1.4889E+12,4.2079E-07
26125,1.4889E+12,4.2079E-07
26126,1.4888E+12,4.2079E-07
26127,1.4888E+12,4.2079E-07
26128,1.4888E+12,4.2079E-07
26129,1.4888E+12,4.20795E-07
26130,1.4888E+12,4.20795E-07
26131,1.4888E+12,4.20795E-07
26132,1.4888E+12,4.20795E-07
26133,1.4887E+12,4.20795E-07
26134,1.4887E+12,4.20795E-07
26135,1.4887E+12,4.20795E-07
26136,1.4887E+12,4.20795E-07
26137,1.4887E+12,4.208E-07
26138,1.4887E+12,4.208E-07
26139,1.4887E+12,4.208E-07
26140,1.4886E+12,4.208E-07
26141,1.4886E+12,4.208E-07
26142,1.4886E+12,4.208E-07
26143,1.4886E+12,4.208E-07
26144,1.4886E+12,4.208E-07
26145,1.4886E+12,4.208E-07
26146,1.4886E+12,4.20805E-07
26147,1.4885E+12,4.20805E-07
26148,1.4885E+12,4.20805E-07
26149,1.4885E+12,4.20805E-07
26150,1.4885E+12,4.20805E-07
26151,1.4885E+12,4.20805E-07
26152,1.4885E+12,4.20805E-07
26153,1.4885E+12,4.20805E-07
26154,1.4884E+12,4.2081E-07
26155,1.4884E+12,4.2081E-07
26156,1.4884E+12,4.2081E-07
26157,1.4884E+12,4.2081E-07
26158,1.4884E+12,4.2081E-07
26159,1.4884E+12,4.2081E-07
26160,1.4883E+12,4.2081E-07
26161,1.4883E+12,4.2081E-07
26162,1.4883E+12,4.2081E-07
26163,1.4883E+12,4.20815E-07
26164,1.4883E+12,4.20815E-07
26165,1.4883E+12,4.20815E-07
26166,1.4883E+12,4.20815E-07
26167,1.4882E+12,4.20815E-07
26168,1.4882E+12,4.20815E-07
26169,1.4882E+12,4.20815E-07
26170,1.4882E+12,4.20815E-07
26171,1.4882E+12,4.2082E-07
26172,1.4882E+12,4.2082E-07
26173,1.4882E+12,4.2082E-07
26174,1.4881E+12,4.2082E-07
26175,1.4881E+12,4.2082E-07
26176,1.4881E+12,4.2082E-07
26177,1.4881E+12,4.2082E-07
26178,1.4881E+12,4.2082E-07
26179,1.4881E+12,4.2082E-07
26180,1.4881E+12,4.20825E-07
26181,1.488E+12,4.20825E-07
26182,1.488E+12,4.20825E-07
26183,1.488E+12,4.20825E-07
26184,1.488E+12,4.20825E-07
26185,1.488E+12,4.20825E-07
26186,1.488E+12,4.20825E-07
26187,1.488E+12,4.20825E-07
26188,1.4879E+12,4.2083E-07
26189,1.4879E+12,4.2083E-07
26190,1.4879E+12,4.2083E-07
26191,1.4879E+12,4.2083E-07
26192,1.4879E+12,4.2083E-07
26193,1.4879E+12,4.2083E-07
26194,1.4879E+12,4.2083E-07
26195,1.4878E+12,4.2083E-07
26196,1.4878E+12,4.2083E-07
26197,1.4878E+12,4.20835E-07
26198,1.4878E+12,4.20835E-07
26199,1.4878E+12,4.20835E-07
26200,1.4878E+12,4.20835E-07
26201,1.4877E+12,4.20835E-07
26202,1.4877E+12,4.20835E-07
26203,1.4877E+12,4.20835E-07
26204,1.4877E+12,4.20835E-07
26205,1.4877E+12,4.2084E-07
26206,1.4877E+12,4.2084E-07
26207,1.4877E+12,4.2084E-07
26208,1.4876E+12,4.2084E-07
26209,1.4876E+12,4.2084E-07
26210,1.4876E+12,4.2084E-07
26211,1.4876E+12,4.2084E-07
26212,1.4876E+12,4.2084E-07
26213,1.4876E+12,4.2084E-07
26214,1.4876E+12,4.20845E-07
26215,1.4875E+12,4.20845E-07
26216,1.4875E+12,4.20845E-07
26217,1.4875E+12,4.20845E-07
26218,1.4875E+12,4.20845E-07
26219,1.4875E+12,4.20845E-07
26220,1.4875E+12,4.20845E-07
26221,1.4875E+12,4.20845E-07
26222,1.4874E+12,4.2085E-07
26223,1.4874E+12,4.2085E-07
26224,1.4874E+12,4.2085E-07
26225,1.4874E+12,4.2085E-07
26226,1.4874E+12,4.2085E-07
26227,1.4874E+12,4.2085E-07
26228,1.4874E+12,4.2085E-07
26229,1.4873E+12,4.2085E-07
26230,1.4873E+12,4.2085E-07
26231,1.4873E+12,4.20855E-07
26232,1.4873E+12,4.20855E-07
26233,1.4873E+12,4.20855E-07
26234,1.4873E+12,4.20855E-07
26235,1.4873E+12,4.20855E-07
26236,1.4872E+12,4.20855E-07
26237,1.4872E+12,4.20855E-07
26238,1.4872E+12,4.20855E-07
26239,1.4872E+12,4.20855E-07
26240,1.4872E+12,4.2086E-07
26241,1.4872E+12,4.2086E-07
26242,1.4872E+12,4.2086E-07
26243,1.4871E+12,4.2086E-07
26244,1.4871E+12,4.2086E-07
26245,1.4871E+12,4.2086E-07
26246,1.4871E+12,4.2086E-07
26247,1.4871E+12,4.2086E-07
26248,1.4871E+12,4.20865E-07
26249,1.487E+12,4.20865E-07
26250,1.487E+12,4.20865E-07
26251,1.487E+12,4.20865E-07
26252,1.487E+12,4.20865E-07
26253,1.487E+12,4.20865E-07
26254,1.487E+12,4.20865E-07
26255,1.487E+12,4.20865E-07
26256,1.4869E+12,4.20865E-07
26257,1.4869E+12,4.2087E-07
26258,1.4869E+12,4.2087E-07
26259,1.4869E+12,4.2087E-07
26260,1.4869E+12,4.2087E-07
26261,1.4869E+12,4.2087E-07
26262,1.4869E+12,4.2087E-07
26263,1.4868E+12,4.2087E-07
26264,1.4868E+12,4.2087E-07
26265,1.4868E+12,4.20875E-07
26266,1.4868E+12,4.20875E-07
26267,1.4868E+12,4.20875E-07
26268,1.4868E+12,4.20875E-07
26269,1.4868E+12,4.20875E-07
26270,1.4867E+12,4.20875E-07
26271,1.4867E+12,4.20875E-07
26272,1.4867E+12,4.20875E-07
26273,1.4867E+12,4.20875E-07
26274,1.4867E+12,4.2088E-07
26275,1.4867E+12,4.2088E-07
26276,1.4867E+12,4.2088E-07
26277,1.4866E+12,4.2088E-07
26278,1.4866E+12,4.2088E-07
26279,1.4866E+12,4.2088E-07
26280,1.4866E+12,4.2088E-07
26281,1.4866E+12,4.2088E-07
26282,1.4866E+12,4.20885E-07
26283,1.4866E+12,4.20885E-07
26284,1.4865E+12,4.20885E-07
26285,1.4865E+12,4.20885E-07
26286,1.4865E+12,4.20885E-07
26287,1.4865E+12,4.20885E-07
26288,1.4865E+12,4.20885E-07
26289,1.4865E+12,4.20885E-07
26290,1.4865E+12,4.20885E-07
26291,1.4864E+12,4.2089E-07
26292,1.4864E+12,4.2089E-07
26293,1.4864E+12,4.2089E-07
26294,1.4864E+12,4.2089E-07
26295,1.4864E+12,4.2089E-07
26296,1.4864E+12,4.2089E-07
26297,1.4864E+12,4.2089E-07
26298,1.4863E+12,4.2089E-07
26299,1.4863E+12,4.20895E-07
26300,1.4863E+12,4.20895E-07
26301,1.4863E+12,4.20895E-07
26302,1.4863E+12,4.20895E-07
26303,1.4863E+12,4.20895E-07
26304,1.4862E+12,4.20895E-07
26305,1.4862E+12,4.20895E-07
26306,1.4862E+12,4.20895E-07
26307,1.4862E+12,4.20895E-07
26308,1.4862E+12,4.209E-07
26309,1.4862E+12,4.209E-07
26310,1.4862E+12,4.209E-07
26311,1.4861E+12,4.209E-07
26312,1.4861E+12,4.209E-07
26313,1.4861E+12,4.209E-07
26314,1.4861E+12,4.209E-07
26315,1.4861E+12,4.209E-07
26316,1.4861E+12,4.20905E-07
26317,1.4861E+12,4.20905E-07
26318,1.486E+12,4.20905E-07
26319,1.486E+12,4.20905E-07
26320,1.486E+12,4.20905E-07
26321,1.486E+12,4.20905E-07
26322,1.486E+12,4.20905E-07
26323,1.486E+12,4.20905E-07
26324,1.486E+12,4.20905E-07
26325,1.4859E+12,4.2091E-07
26326,1.4859E+12,4.2091E-07
26327,1.4859E+12,4.2091E-07
26328,1.4859E+12,4.2091E-07
26329,1.4859E+12,4.2091E-07
26330,1.4859E+12,4.2091E-07
26331,1.4859E+12,4.2091E-07
26332,1.4858E+12,4.2091E-07
26333,1.4858E+12,4.2091E-07
26334,1.4858E+12,4.20915E-07
26335,1.4858E+12,4.20915E-07
26336,1.4858E+12,4.20915E-07
26337,1.4858E+12,4.20915E-07
26338,1.4858E+12,4.20915E-07
26339,1.4857E+12,4.20915E-07
26340,1.4857E+12,4.20915E-07
26341,1.4857E+12,4.20915E-07
26342,1.4857E+12,4.2092E-07
26343,1.4857E+12,4.2092E-07
26344,1.4857E+12,4.2092E-07
26345,1.4857E+12,4.2092E-07
26346,1.4856E+12,4.2092E-07
26347,1.4856E+12,4.2092E-07
26348,1.4856E+12,4.2092E-07
26349,1.4856E+12,4.2092E-07
26350,1.4856E+12,4.2092E-07
26351,1.4856E+12,4.20925E-07
26352,1.4856E+12,4.20925E-07
26353,1.4855E+12,4.20925E-07
26354,1.4855E+12,4.20925E-07
26355,1.4855E+12,4.20925E-07
26356,1.4855E+12,4.20925E-07
26357,1.4855E+12,4.20925E-07
26358,1.4855E+12,4.20925E-07
26359,1.4855E+12,4.2093E-07
26360,1.4854E+12,4.2093E-07
26361,1.4854E+12,4.2093E-07
26362,1.4854E+12,4.2093E-07
26363,1.4854E+12,4.2093E-07
26364,1.4854E+12,4.2093E-07
26365,1.4854E+12,4.2093E-07
26366,1.4853E+12,4.2093E-07
26367,1.4853E+12,4.2093E-07
26368,1.4853E+12,4.20935E-07
26369,1.4853E+12,4.20935E-07
26370,1.4853E+12,4.20935E-07
26371,1.4853E+12,4.20935E-07
26372,1.4853E+12,4.20935E-07
26373,1.4852E+12,4.20935E-07
26374,1.4852E+12,4.20935E-07
26375,1.4852E+12,4.20935E-07
26376,1.4852E+12,4.2094E-07
26377,1.4852E+12,4.2094E-07
26378,1.4852E+12,4.2094E-07
26379,1.4852E+12,4.2094E-07
26380,1.4851E+12,4.2094E-07
26381,1.4851E+12,4.2094E-07
26382,1.4851E+12,4.2094E-07
26383,1.4851E+12,4.2094E-07
26384,1.4851E+12,4.2094E-07
26385,1.4851E+12,4.20945E-07
26386,1.4851E+12,4.20945E-07
26387,1.485E+12,4.20945E-07
26388,1.485E+12,4.20945E-07
26389,1.485E+12,4.20945E-07
26390,1.485E+12,4.20945E-07
26391,1.485E+12,4.20945E-07
26392,1.485E+12,4.20945E-07
26393,1.485E+12,4.20945E-07
26394,1.4849E+12,4.2095E-07
26395,1.4849E+12,4.2095E-07
26396,1.4849E+12,4.2095E-07
26397,1.4849E+12,4.2095E-07
26398,1.4849E+12,4.2095E-07
26399,1.4849E+12,4.2095E-07
26400,1.4849E+12,4.2095E-07
26401,1.4848E+12,4.2095E-07
26402,1.4848E+12,4.20955E-07
26403,1.4848E+12,4.20955E-07
26404,1.4848E+12,4.20955E-07
26405,1.4848E+12,4.20955E-07
26406,1.4848E+12,4.20955E-07
26407,1.4848E+12,4.20955E-07
26408,1.4847E+12,4.20955E-07
26409,1.4847E+12,4.20955E-07
26410,1.4847E+12,4.20955E-07
26411,1.4847E+12,4.2096E-07
26412,1.4847E+12,4.2096E-07
26413,1.4847E+12,4.2096E-07
26414,1.4847E+12,4.2096E-07
26415,1.4846E+12,4.2096E-07
26416,1.4846E+12,4.2096E-07
26417,1.4846E+12,4.2096E-07
26418,1.4846E+12,4.2096E-07
26419,1.4846E+12,4.20965E-07
26420,1.4846E+12,4.20965E-07
26421,1.4846E+12,4.20965E-07
26422,1.4845E+12,4.20965E-07
26423,1.4845E+12,4.20965E-07
26424,1.4845E+12,4.20965E-07
26425,1.4845E+12,4.20965E-07
26426,1.4845E+12,4.20965E-07
26427,1.4845E+12,4.20965E-07
26428,1.4845E+12,4.2097E-07
26429,1.4844E+12,4.2097E-07
26430,1.4844E+12,4.2097E-07
26431,1.4844E+12,4.2097E-07
26432,1.4844E+12,4.2097E-07
26433,1.4844E+12,4.2097E-07
26434,1.4844E+12,4.2097E-07
26435,1.4844E+12,4.2097E-07
26436,1.4843E+12,4.20975E-07
26437,1.4843E+12,4.20975E-07
26438,1.4843E+12,4.20975E-07
26439,1.4843E+12,4.20975E-07
26440,1.4843E+12,4.20975E-07
26441,1.4843E+12,4.20975E-07
26442,1.4843E+12,4.20975E-07
26443,1.4842E+12,4.20975E-07
26444,1.4842E+12,4.20975E-07
26445,1.4842E+12,4.2098E-07
26446,1.4842E+12,4.2098E-07
26447,1.4842E+12,4.2098E-07
26448,1.4842E+12,4.2098E-07
26449,1.4841E+12,4.2098E-07
26450,1.4841E+12,4.2098E-07
26451,1.4841E+12,4.2098E-07
26452,1.4841E+12,4.2098E-07
26453,1.4841E+12,4.2098E-07
26454,1.4841E+12,4.20985E-07
26455,1.4841E+12,4.20985E-07
26456,1.484E+12,4.20985E-07
26457,1.484E+12,4.20985E-07
26458,1.484E+12,4.20985E-07
26459,1.484E+12,4.20985E-07
26460,1.484E+12,4.20985E-07
26461,1.484E+12,4.20985E-07
26462,1.484E+12,4.2099E-07
26463,1.4839E+12,4.2099E-07
26464,1.4839E+12,4.2099E-07
26465,1.4839E+12,4.2099E-07
26466,1.4839E+12,4.2099E-07
26467,1.4839E+12,4.2099E-07
26468,1.4839E+12,4.2099E-07
26469,1.4839E+12,4.2099E-07
26470,1.4838E+12,4.2099E-07
26471,1.4838E+12,4.20995E-07
26472,1.4838E+12,4.20995E-07
26473,1.4838E+12,4.20995E-07
26474,1.4838E+12,4.20995E-07
26475,1.4838E+12,4.20995E-07
26476,1.4838E+12,4.20995E-07
26477,1.4837E+12,4.20995E-07
26478,1.4837E+12,4.20995E-07
26479,1.4837E+12,4.20995E-07
26480,1.4837E+12,0.000000421
26481,1.4837E+12,0.000000421
26482,1.4837E+12,0.000000421
26483,1.4837E+12,0.000000421
26484,1.4836E+12,0.000000421
26485,1.4836E+12,0.000000421
26486,1.4836E+12,0.000000421
26487,1.4836E+12,0.000000421
26488,1.4836E+12,4.21005E-07
26489,1.4836E+12,4.21005E-07
26490,1.4836E+12,4.21005E-07
26491,1.4835E+12,4.21005E-07
26492,1.4835E+12,4.21005E-07
26493,1.4835E+12,4.21005E-07
26494,1.4835E+12,4.21005E-07
26495,1.4835E+12,4.21005E-07
26496,1.4835E+12,4.21005E-07
26497,1.4835E+12,4.2101E-07
26498,1.4834E+12,4.2101E-07
26499,1.4834E+12,4.2101E-07
26500,1.4834E+12,4.2101E-07
26501,1.4834E+12,4.2101E-07
26502,1.4834E+12,4.2101E-07
26503,1.4834E+12,4.2101E-07
26504,1.4834E+12,4.2101E-07
26505,1.4833E+12,4.21015E-07
26506,1.4833E+12,4.21015E-07
26507,1.4833E+12,4.21015E-07
26508,1.4833E+12,4.21015E-07
26509,1.4833E+12,4.21015E-07
26510,1.4833E+12,4.21015E-07
26511,1.4833E+12,4.21015E-07
26512,1.4832E+12,4.21015E-07
26513,1.4832E+12,4.21015E-07
26514,1.4832E+12,4.2102E-07
26515,1.4832E+12,4.2102E-07
26516,1.4832E+12,4.2102E-07
26517,1.4832E+12,4.2102E-07
26518,1.4832E+12,4.2102E-07
26519,1.4831E+12,4.2102E-07
26520,1.4831E+12,4.2102E-07
26521,1.4831E+12,4.2102E-07
26522,1.4831E+12,4.2102E-07
26523,1.4831E+12,4.21025E-07
26524,1.4831E+12,4.21025E-07
26525,1.4831E+12,4.21025E-07
26526,1.483E+12,4.21025E-07
26527,1.483E+12,4.21025E-07
26528,1.483E+12,4.21025E-07
26529,1.483E+12,4.21025E-07
26530,1.483E+12,4.21025E-07
26531,1.483E+12,4.2103E-07
26532,1.483E+12,4.2103E-07
26533,1.4829E+12,4.2103E-07
26534,1.4829E+12,4.2103E-07
26535,1.4829E+12,4.2103E-07
26536,1.4829E+12,4.2103E-07
26537,1.4829E+12,4.2103E-07
26538,1.4829E+12,4.2103E-07
26539,1.4829E+12,4.2103E-07
26540,1.4828E+12,4.21035E-07
26541,1.4828E+12,4.21035E-07
26542,1.4828E+12,4.21035E-07
26543,1.4828E+12,4.21035E-07
26544,1.4828E+12,4.21035E-07
26545,1.4828E+12,4.21035E-07
26546,1.4828E+12,4.21035E-07
26547,1.4827E+12,4.21035E-07
26548,1.4827E+12,4.2104E-07
26549,1.4827E+12,4.2104E-07
26550,1.4827E+12,4.2104E-07
26551,1.4827E+12,4.2104E-07
26552,1.4827E+12,4.2104E-07
26553,1.4827E+12,4.2104E-07
26554,1.4826E+12,4.2104E-07
26555,1.4826E+12,4.2104E-07
26556,1.4826E+12,4.2104E-07
26557,1.4826E+12,4.21045E-07
26558,1.4826E+12,4.21045E-07
26559,1.4826E+12,4.21045E-07
26560,1.4826E+12,4.21045E-07
26561,1.4825E+12,4.21045E-07
26562,1.4825E+12,4.21045E-07
26563,1.4825E+12,4.21045E-07
26564,1.4825E+12,4.21045E-07
26565,1.4825E+12,4.21045E-07
26566,1.4825E+12,4.2105E-07
26567,1.4825E+12,4.2105E-07
26568,1.4824E+12,4.2105E-07
26569,1.4824E+12,4.2105E-07
26570,1.4824E+12,4.2105E-07
26571,1.4824E+12,4.2105E-07
26572,1.4824E+12,4.2105E-07
26573,1.4824E+12,4.2105E-07
26574,1.4824E+12,4.21055E-07
26575,1.4823E+12,4.21055E-07
26576,1.4823E+12,4.21055E-07
26577,1.4823E+12,4.21055E-07
26578,1.4823E+12,4.21055E-07
26579,1.4823E+12,4.21055E-07
26580,1.4823E+12,4.21055E-07
26581,1.4823E+12,4.21055E-07
26582,1.4822E+12,4.21055E-07
26583,1.4822E+12,4.2106E-07
26584,1.4822E+12,4.2106E-07
26585,1.4822E+12,4.2106E-07
26586,1.4822E+12,4.2106E-07
26587,1.4822E+12,4.2106E-07
26588,1.4822E+12,4.2106E-07
26589,1.4821E+12,4.2106E-07
26590,1.4821E+12,4.2106E-07
26591,1.4821E+12,4.2106E-07
26592,1.4821E+12,4.21065E-07
26593,1.4821E+12,4.21065E-07
26594,1.4821E+12,4.21065E-07
26595,1.4821E+12,4.21065E-07
26596,1.482E+12,4.21065E-07
26597,1.482E+12,4.21065E-07
26598,1.482E+12,4.21065E-07
26599,1.482E+12,4.21065E-07
26600,1.482E+12,4.2107E-07
26601,1.482E+12,4.2107E-07
26602,1.482E+12,4.2107E-07
26603,1.4819E+12,4.2107E-07
26604,1.4819E+12,4.2107E-07
26605,1.4819E+12,4.2107E-07
26606,1.4819E+12,4.2107E-07
26607,1.4819E+12,4.2107E-07
26608,1.4819E+12,4.2107E-07
26609,1.4819E+12,4.21075E-07
26610,1.4818E+12,4.21075E-07
26611,1.4818E+12,4.21075E-07
26612,1.4818E+12,4.21075E-07
26613,1.4818E+12,4.21075E-07
26614,1.4818E+12,4.21075E-07
26615,1.4818E+12,4.21075E-07
26616,1.4817E+12,4.21075E-07
26617,1.4817E+12,4.21075E-07
26618,1.4817E+12,4.2108E-07
26619,1.4817E+12,4.2108E-07
26620,1.4817E+12,4.2108E-07
26621,1.4817E+12,4.2108E-07
26622,1.4817E+12,4.2108E-07
26623,1.4816E+12,4.2108E-07
26624,1.4816E+12,4.2108E-07
26625,1.4816E+12,4.2108E-07
26626,1.4816E+12,4.21085E-07
26627,1.4816E+12,4.21085E-07
26628,1.4816E+12,4.21085E-07
26629,1.4816E+12,4.21085E-07
26630,1.4815E+12,4.21085E-07
26631,1.4815E+12,4.21085E-07
26632,1.4815E+12,4.21085E-07
26633,1.4815E+12,4.21085E-07
26634,1.4815E+12,4.21085E-07
26635,1.4815E+12,4.2109E-07
26636,1.4815E+12,4.2109E-07
26637,1.4814E+12,4.2109E-07
26638,1.4814E+12,4.2109E-07
26639,1.4814E+12,4.2109E-07
26640,1.4814E+12,4.2109E-07
26641,1.4814E+12,4.2109E-07
26642,1.4814E+12,4.2109E-07
26643,1.4814E+12,4.2109E-07
26644,1.4813E+12,4.21095E-07
26645,1.4813E+12,4.21095E-07
26646,1.4813E+12,4.21095E-07
26647,1.4813E+12,4.21095E-07
26648,1.4813E+12,4.21095E-07
26649,1.4813E+12,4.21095E-07
26650,1.4813E+12,4.21095E-07
26651,1.4812E+12,4.21095E-07
26652,1.4812E+12,4.211E-07
26653,1.4812E+12,4.211E-07
26654,1.4812E+12,4.211E-07
26655,1.4812E+12,4.211E-07
26656,1.4812E+12,4.211E-07
26657,1.4812E+12,4.211E-07
26658,1.4811E+12,4.211E-07
26659,1.4811E+12,4.211E-07
26660,1.4811E+12,4.211E-07
26661,1.4811E+12,4.21105E-07
26662,1.4811E+12,4.21105E-07
26663,1.4811E+12,4.21105E-07
26664,1.4811E+12,4.21105E-07
26665,1.481E+12,4.21105E-07
26666,1.481E+12,4.21105E-07
26667,1.481E+12,4.21105E-07
26668,1.481E+12,4.21105E-07
26669,1.481E+12,4.21105E-07
26670,1.481E+12,4.2111E-07
26671,1.481E+12,4.2111E-07
26672,1.4809E+12,4.2111E-07
26673,1.4809E+12,4.2111E-07
26674,1.4809E+12,4.2111E-07
26675,1.4809E+12,4.2111E-07
26676,1.4809E+12,4.2111E-07
26677,1.4809E+12,4.2111E-07
26678,1.4809E+12,4.21115E-07
26679,1.4808E+12,4.21115E-07
26680,1.4808E+12,4.21115E-07
26681,1.4808E+12,4.21115E-07
26682,1.4808E+12,4.21115E-07
26683,1.4808E+12,4.21115E-07
26684,1.4808E+12,4.21115E-07
26685,1.4808E+12,4.21115E-07
26686,1.4807E+12,4.21115E-07
26687,1.4807E+12,4.2112E-07
26688,1.4807E+12,4.2112E-07
26689,1.4807E+12,4.2112E-07
26690,1.4807E+12,4.2112E-07
26691,1.4807E+12,4.2112E-07
26692,1.4807E+12,4.2112E-07
26693,1.4807E+12,4.2112E-07
26694,1.4806E+12,4.2112E-07
26695,1.4806E+12,4.2112E-07
26696,1.4806E+12,4.21125E-07
26697,1.4806E+12,4.21125E-07
26698,1.4806E+12,4.21125E-07
26699,1.4806E+12,4.21125E-07
26700,1.4806E+12,4.21125E-07
26701,1.4805E+12,4.21125E-07
26702,1.4805E+12,4.21125E-07
26703,1.4805E+12,4.21125E-07
26704,1.4805E+12,4.2113E-07
26705,1.4805E+12,4.2113E-07
26706,1.4805E+12,4.2113E-07
26707,1.4805E+12,4.2113E-07
26708,1.4804E+12,4.2113E-07
26709,1.4804E+12,4.2113E-07
26710,1.4804E+12,4.2113E-07
26711,1.4804E+12,4.2113E-07
26712,1.4804E+12,4.2113E-07
26713,1.4804E+12,4.21135E-07
26714,1.4804E+12,4.21135E-07
26715,1.4803E+12,4.21135E-07
26716,1.4803E+12,4.21135E-07
26717,1.4803E+12,4.21135E-07
26718,1.4803E+12,4.21135E-07
26719,1.4803E+12,4.21135E-07
26720,1.4803E+12,4.21135E-07
26721,1.4803E+12,4.21135E-07
26722,1.4802E+12,4.2114E-07
26723,1.4802E+12,4.2114E-07
26724,1.4802E+12,4.2114E-07
26725,1.4802E+12,4.2114E-07
26726,1.4802E+12,4.2114E-07
26727,1.4802E+12,4.2114E-07
26728,1.4802E+12,4.2114E-07
26729,1.4801E+12,4.2114E-07
26730,1.4801E+12,4.2114E-07
26731,1.4801E+12,4.21145E-07
26732,1.4801E+12,4.21145E-07
26733,1.4801E+12,4.21145E-07
26734,1.4801E+12,4.21145E-07
26735,1.4801E+12,4.21145E-07
26736,1.48E+12,4.21145E-07
26737,1.48E+12,4.21145E-07
26738,1.48E+12,4.21145E-07
26739,1.48E+12,4.2115E-07
26740,1.48E+12,4.2115E-07
26741,1.48E+12,4.2115E-07
26742,1.48E+12,4.2115E-07
26743,1.4799E+12,4.2115E-07
26744,1.4799E+12,4.2115E-07
26745,1.4799E+12,4.2115E-07
26746,1.4799E+12,4.2115E-07
26747,1.4799E+12,4.2115E-07
26748,1.4799E+12,4.21155E-07
26749,1.4799E+12,4.21155E-07
26750,1.4798E+12,4.21155E-07
26751,1.4798E+12,4.21155E-07
26752,1.4798E+12,4.21155E-07
26753,1.4798E+12,4.21155E-07
26754,1.4798E+12,4.21155E-07
26755,1.4798E+12,4.21155E-07
26756,1.4798E+12,4.21155E-07
26757,1.4797E+12,4.2116E-07
26758,1.4797E+12,4.2116E-07
26759,1.4797E+12,4.2116E-07
26760,1.4797E+12,4.2116E-07
26761,1.4797E+12,4.2116E-07
26762,1.4797E+12,4.2116E-07
26763,1.4797E+12,4.2116E-07
26764,1.4796E+12,4.2116E-07
26765,1.4796E+12,4.21165E-07
26766,1.4796E+12,4.21165E-07
26767,1.4796E+12,4.21165E-07
26768,1.4796E+12,4.21165E-07
26769,1.4796E+12,4.21165E-07
26770,1.4796E+12,4.21165E-07
26771,1.4795E+12,4.21165E-07
26772,1.4795E+12,4.21165E-07
26773,1.4795E+12,4.21165E-07
26774,1.4795E+12,4.2117E-07
26775,1.4795E+12,4.2117E-07
26776,1.4795E+12,4.2117E-07
26777,1.4795E+12,4.2117E-07
26778,1.4794E+12,4.2117E-07
26779,1.4794E+12,4.2117E-07
26780,1.4794E+12,4.2117E-07
26781,1.4794E+12,4.2117E-07
26782,1.4794E+12,4.2117E-07
26783,1.4794E+12,4.21175E-07
26784,1.4794E+12,4.21175E-07
26785,1.4793E+12,4.21175E-07
26786,1.4793E+12,4.21175E-07
26787,1.4793E+12,4.21175E-07
26788,1.4793E+12,4.21175E-07
26789,1.4793E+12,4.21175E-07
26790,1.4793E+12,4.21175E-07
26791,1.4793E+12,4.21175E-07
26792,1.4792E+12,4.2118E-07
26793,1.4792E+12,4.2118E-07
26794,1.4792E+12,4.2118E-07
26795,1.4792E+12,4.2118E-07
26796,1.4792E+12,4.2118E-07
26797,1.4792E+12,4.2118E-07
26798,1.4792E+12,4.2118E-07
26799,1.4791E+12,4.2118E-07
26800,1.4791E+12,4.21185E-07
26801,1.4791E+12,4.21185E-07
26802,1.4791E+12,4.21185E-07
26803,1.4791E+12,4.21185E-07
26804,1.4791E+12,4.21185E-07
26805,1.4791E+12,4.21185E-07
26806,1.479E+12,4.21185E-07
26807,1.479E+12,4.21185E-07
26808,1.479E+12,4.21185E-07
26809,1.479E+12,4.2119E-07
26810,1.479E+12,4.2119E-07
26811,1.479E+12,4.2119E-07
26812,1.479E+12,4.2119E-07
26813,1.4789E+12,4.2119E-07
26814,1.4789E+12,4.2119E-07
26815,1.4789E+12,4.2119E-07
26816,1.4789E+12,4.2119E-07
26817,1.4789E+12,4.2119E-07
26818,1.4789E+12,4.21195E-07
26819,1.4789E+12,4.21195E-07
26820,1.4788E+12,4.21195E-07
26821,1.4788E+12,4.21195E-07
26822,1.4788E+12,4.21195E-07
26823,1.4788E+12,4.21195E-07
26824,1.4788E+12,4.21195E-07
26825,1.4788E+12,4.21195E-07
26826,1.4788E+12,4.212E-07
26827,1.4787E+12,4.212E-07
26828,1.4787E+12,4.212E-07
26829,1.4787E+12,4.212E-07
26830,1.4787E+12,4.212E-07
26831,1.4787E+12,4.212E-07
26832,1.4787E+12,4.212E-07
26833,1.4787E+12,4.212E-07
26834,1.4786E+12,4.212E-07
26835,1.4786E+12,4.21205E-07
26836,1.4786E+12,4.21205E-07
26837,1.4786E+12,4.21205E-07
26838,1.4786E+12,4.21205E-07
26839,1.4786E+12,4.21205E-07
26840,1.4786E+12,4.21205E-07
26841,1.4785E+12,4.21205E-07
26842,1.4785E+12,4.21205E-07
26843,1.4785E+12,4.21205E-07
26844,1.4785E+12,4.2121E-07
26845,1.4785E+12,4.2121E-07
26846,1.4785E+12,4.2121E-07
26847,1.4785E+12,4.2121E-07
26848,1.4784E+12,4.2121E-07
26849,1.4784E+12,4.2121E-07
26850,1.4784E+12,4.2121E-07
26851,1.4784E+12,4.2121E-07
26852,1.4784E+12,4.2121E-07
26853,1.4784E+12,4.21215E-07
26854,1.4784E+12,4.21215E-07
26855,1.4783E+12,4.21215E-07
26856,1.4783E+12,4.21215E-07
26857,1.4783E+12,4.21215E-07
26858,1.4783E+12,4.21215E-07
26859,1.4783E+12,4.21215E-07
26860,1.4783E+12,4.21215E-07
26861,1.4783E+12,4.2122E-07
26862,1.4783E+12,4.2122E-07
26863,1.4782E+12,4.2122E-07
26864,1.4782E+12,4.2122E-07
26865,1.4782E+12,4.2122E-07
26866,1.4782E+12,4.2122E-07
26867,1.4782E+12,4.2122E-07
26868,1.4782E+12,4.2122E-07
26869,1.4782E+12,4.2122E-07
26870,1.4781E+12,4.21225E-07
26871,1.4781E+12,4.21225E-07
26872,1.4781E+12,4.21225E-07
26873,1.4781E+12,4.21225E-07
26874,1.4781E+12,4.21225E-07
26875,1.4781E+12,4.21225E-07
26876,1.4781E+12,4.21225E-07
26877,1.478E+12,4.21225E-07
26878,1.478E+12,4.21225E-07
26879,1.478E+12,4.2123E-07
26880,1.478E+12,4.2123E-07
26881,1.478E+12,4.2123E-07
26882,1.478E+12,4.2123E-07
26883,1.478E+12,4.2123E-07
26884,1.4779E+12,4.2123E-07
26885,1.4779E+12,4.2123E-07
26886,1.4779E+12,4.2123E-07
26887,1.4779E+12,4.2123E-07
26888,1.4779E+12,4.21235E-07
26889,1.4779E+12,4.21235E-07
26890,1.4779E+12,4.21235E-07
26891,1.4778E+12,4.21235E-07
26892,1.4778E+12,4.21235E-07
26893,1.4778E+12,4.21235E-07
26894,1.4778E+12,4.21235E-07
26895,1.4778E+12,4.21235E-07
26896,1.4778E+12,4.2124E-07
26897,1.4778E+12,4.2124E-07
26898,1.4777E+12,4.2124E-07
26899,1.4777E+12,4.2124E-07
26900,1.4777E+12,4.2124E-07
26901,1.4777E+12,4.2124E-07
26902,1.4777E+12,4.2124E-07
26903,1.4777E+12,4.2124E-07
26904,1.4777E+12,4.2124E-07
26905,1.4776E+12,4.21245E-07
26906,1.4776E+12,4.21245E-07
26907,1.4776E+12,4.21245E-07
26908,1.4776E+12,4.21245E-07
26909,1.4776E+12,4.21245E-07
26910,1.4776E+12,4.21245E-07
26911,1.4776E+12,4.21245E-07
26912,1.4775E+12,4.21245E-07
26913,1.4775E+12,4.21245E-07
26914,1.4775E+12,4.2125E-07
26915,1.4775E+12,4.2125E-07
26916,1.4775E+12,4.2125E-07
26917,1.4775E+12,4.2125E-07
26918,1.4775E+12,4.2125E-07
26919,1.4774E+12,4.2125E-07
26920,1.4774E+12,4.2125E-07
26921,1.4774E+12,4.2125E-07
26922,1.4774E+12,4.2125E-07
26923,1.4774E+12,4.21255E-07
26924,1.4774E+12,4.21255E-07
26925,1.4774E+12,4.21255E-07
26926,1.4773E+12,4.21255E-07
26927,1.4773E+12,4.21255E-07
26928,1.4773E+12,4.21255E-07
26929,1.4773E+12,4.21255E-07
26930,1.4773E+12,4.21255E-07
26931,1.4773E+12,4.2126E-07
26932,1.4773E+12,4.2126E-07
26933,1.4772E+12,4.2126E-07
26934,1.4772E+12,4.2126E-07
26935,1.4772E+12,4.2126E-07
26936,1.4772E+12,4.2126E-07
26937,1.4772E+12,4.2126E-07
26938,1.4772E+12,4.2126E-07
26939,1.4772E+12,4.2126E-07
26940,1.4771E+12,4.21265E-07
26941,1.4771E+12,4.21265E-07
26942,1.4771E+12,4.21265E-07
26943,1.4771E+12,4.21265E-07
26944,1.4771E+12,4.21265E-07
26945,1.4771E+12,4.21265E-07
26946,1.4771E+12,4.21265E-07
26947,1.4771E+12,4.21265E-07
26948,1.477E+12,4.21265E-07
26949,1.477E+12,4.2127E-07
26950,1.477E+12,4.2127E-07
26951,1.477E+12,4.2127E-07
26952,1.477E+12,4.2127E-07
26953,1.477E+12,4.2127E-07
26954,1.477E+12,4.2127E-07
26955,1.4769E+12,4.2127E-07
26956,1.4769E+12,4.2127E-07
26957,1.4769E+12,4.2127E-07
26958,1.4769E+12,4.21275E-07
26959,1.4769E+12,4.21275E-07
26960,1.4769E+12,4.21275E-07
26961,1.4769E+12,4.21275E-07
26962,1.4768E+12,4.21275E-07
26963,1.4768E+12,4.21275E-07
26964,1.4768E+12,4.21275E-07
26965,1.4768E+12,4.21275E-07
26966,1.4768E+12,4.21275E-07
26967,1.4768E+12,4.2128E-07
26968,1.4768E+12,4.2128E-07
26969,1.4767E+12,4.2128E-07
26970,1.4767E+12,4.2128E-07
26971,1.4767E+12,4.2128E-07
26972,1.4767E+12,4.2128E-07
26973,1.4767E+12,4.2128E-07
26974,1.4767E+12,4.2128E-07
26975,1.4767E+12,4.21285E-07
26976,1.4766E+12,4.21285E-07
26977,1.4766E+12,4.21285E-07
26978,1.4766E+12,4.21285E-07
26979,1.4766E+12,4.21285E-07
26980,1.4766E+12,4.21285E-07
26981,1.4766E+12,4.21285E-07
26982,1.4766E+12,4.21285E-07
26983,1.4765E+12,4.21285E-07
26984,1.4765E+12,4.2129E-07
26985,1.4765E+12,4.2129E-07
26986,1.4765E+12,4.2129E-07
26987,1.4765E+12,4.2129E-07
26988,1.4765E+12,4.2129E-07
26989,1.4765E+12,4.2129E-07
26990,1.4764E+12,4.2129E-07
26991,1.4764E+12,4.2129E-07
26992,1.4764E+12,4.2129E-07
26993,1.4764E+12,4.21295E-07
26994,1.4764E+12,4.21295E-07
26995,1.4764E+12,4.21295E-07
26996,1.4764E+12,4.21295E-07
26997,1.4763E+12,4.21295E-07
26998,1.4763E+12,4.21295E-07
26999,1.4763E+12,4.21295E-07
27000,1.4763E+12,4.21295E-07
27001,1.4763E+12,4.21295E-07
27002,1.4763E+12,4.213E-07
27003,1.4763E+12,4.213E-07
27004,1.4762E+12,4.213E-07
27005,1.4762E+12,4.213E-07
27006,1.4762E+12,4.213E-07
27007,1.4762E+12,4.213E-07
27008,1.4762E+12,4.213E-07
27009,1.4762E+12,4.213E-07
27010,1.4762E+12,4.213E-07
27011,1.4762E+12,4.21305E-07
27012,1.4761E+12,4.21305E-07
27013,1.4761E+12,4.21305E-07
27014,1.4761E+12,4.21305E-07
27015,1.4761E+12,4.21305E-07
27016,1.4761E+12,4.21305E-07
27017,1.4761E+12,4.21305E-07
27018,1.4761E+12,4.21305E-07
27019,1.476E+12,4.2131E-07
27020,1.476E+12,4.2131E-07
27021,1.476E+12,4.2131E-07
27022,1.476E+12,4.2131E-07
27023,1.476E+12,4.2131E-07
27024,1.476E+12,4.2131E-07
27025,1.476E+12,4.2131E-07
27026,1.4759E+12,4.2131E-07
27027,1.4759E+12,4.2131E-07
27028,1.4759E+12,4.21315E-07
27029,1.4759E+12,4.21315E-07
27030,1.4759E+12,4.21315E-07
27031,1.4759E+12,4.21315E-07
27032,1.4759E+12,4.21315E-07
27033,1.4758E+12,4.21315E-07
27034,1.4758E+12,4.21315E-07
27035,1.4758E+12,4.21315E-07
27036,1.4758E+12,4.21315E-07
27037,1.4758E+12,4.2132E-07
27038,1.4758E+12,4.2132E-07
27039,1.4758E+12,4.2132E-07
27040,1.4757E+12,4.2132E-07
27041,1.4757E+12,4.2132E-07
27042,1.4757E+12,4.2132E-07
27043,1.4757E+12,4.2132E-07
27044,1.4757E+12,4.2132E-07
27045,1.4757E+12,4.2132E-07
27046,1.4757E+12,4.21325E-07
27047,1.4756E+12,4.21325E-07
27048,1.4756E+12,4.21325E-07
27049,1.4756E+12,4.21325E-07
27050,1.4756E+12,4.21325E-07
27051,1.4756E+12,4.21325E-07
27052,1.4756E+12,4.21325E-07
27053,1.4756E+12,4.21325E-07
27054,1.4755E+12,4.21325E-07
27055,1.4755E+12,4.2133E-07
27056,1.4755E+12,4.2133E-07
27057,1.4755E+12,4.2133E-07
27058,1.4755E+12,4.2133E-07
27059,1.4755E+12,4.2133E-07
27060,1.4755E+12,4.2133E-07
27061,1.4754E+12,4.2133E-07
27062,1.4754E+12,4.2133E-07
27063,1.4754E+12,4.21335E-07
27064,1.4754E+12,4.21335E-07
27065,1.4754E+12,4.21335E-07
27066,1.4754E+12,4.21335E-07
27067,1.4754E+12,4.21335E-07
27068,1.4754E+12,4.21335E-07
27069,1.4753E+12,4.21335E-07
27070,1.4753E+12,4.21335E-07
27071,1.4753E+12,4.21335E-07
27072,1.4753E+12,4.2134E-07
27073,1.4753E+12,4.2134E-07
27074,1.4753E+12,4.2134E-07
27075,1.4753E+12,4.2134E-07
27076,1.4752E+12,4.2134E-07
27077,1.4752E+12,4.2134E-07
27078,1.4752E+12,4.2134E-07
27079,1.4752E+12,4.2134E-07
27080,1.4752E+12,4.2134E-07
27081,1.4752E+12,4.21345E-07
27082,1.4752E+12,4.21345E-07
27083,1.4751E+12,4.21345E-07
27084,1.4751E+12,4.21345E-07
27085,1.4751E+12,4.21345E-07
27086,1.4751E+12,4.21345E-07
27087,1.4751E+12,4.21345E-07
27088,1.4751E+12,4.21345E-07
27089,1.4751E+12,4.21345E-07
27090,1.475E+12,4.2135E-07
27091,1.475E+12,4.2135E-07
27092,1.475E+12,4.2135E-07
27093,1.475E+12,4.2135E-07
27094,1.475E+12,4.2135E-07
27095,1.475E+12,4.2135E-07
27096,1.475E+12,4.2135E-07
27097,1.4749E+12,4.2135E-07
27098,1.4749E+12,4.2135E-07
27099,1.4749E+12,4.21355E-07
27100,1.4749E+12,4.21355E-07
27101,1.4749E+12,4.21355E-07
27102,1.4749E+12,4.21355E-07
27103,1.4749E+12,4.21355E-07
27104,1.4748E+12,4.21355E-07
27105,1.4748E+12,4.21355E-07
27106,1.4748E+12,4.21355E-07
27107,1.4748E+12,4.2136E-07
27108,1.4748E+12,4.2136E-07
27109,1.4748E+12,4.2136E-07
27110,1.4748E+12,4.2136E-07
27111,1.4747E+12,4.2136E-07
27112,1.4747E+12,4.2136E-07
27113,1.4747E+12,4.2136E-07
27114,1.4747E+12,4.2136E-07
27115,1.4747E+12,4.2136E-07
27116,1.4747E+12,4.21365E-07
27117,1.4747E+12,4.21365E-07
27118,1.4747E+12,4.21365E-07
27119,1.4746E+12,4.21365E-07
27120,1.4746E+12,4.21365E-07
27121,1.4746E+12,4.21365E-07
27122,1.4746E+12,4.21365E-07
27123,1.4746E+12,4.21365E-07
27124,1.4746E+12,4.21365E-07
27125,1.4746E+12,4.2137E-07
27126,1.4745E+12,4.2137E-07
27127,1.4745E+12,4.2137E-07
27128,1.4745E+12,4.2137E-07
27129,1.4745E+12,4.2137E-07
27130,1.4745E+12,4.2137E-07
27131,1.4745E+12,4.2137E-07
27132,1.4745E+12,4.2137E-07
27133,1.4744E+12,4.2137E-07
27134,1.4744E+12,4.21375E-07
27135,1.4744E+12,4.21375E-07
27136,1.4744E+12,4.21375E-07
27137,1.4744E+12,4.21375E-07
27138,1.4744E+12,4.21375E-07
27139,1.4744E+12,4.21375E-07
27140,1.4743E+12,4.21375E-07
27141,1.4743E+12,4.21375E-07
27142,1.4743E+12,4.21375E-07
27143,1.4743E+12,4.2138E-07
27144,1.4743E+12,4.2138E-07
27145,1.4743E+12,4.2138E-07
27146,1.4743E+12,4.2138E-07
27147,1.4742E+12,4.2138E-07
27148,1.4742E+12,4.2138E-07
27149,1.4742E+12,4.2138E-07
27150,1.4742E+12,4.2138E-07
27151,1.4742E+12,4.2138E-07
27152,1.4742E+12,4.21385E-07
27153,1.4742E+12,4.21385E-07
27154,1.4741E+12,4.21385E-07
27155,1.4741E+12,4.21385E-07
27156,1.4741E+12,4.21385E-07
27157,1.4741E+12,4.21385E-07
27158,1.4741E+12,4.21385E-07
27159,1.4741E+12,4.21385E-07
27160,1.4741E+12,4.21385E-07
27161,1.4741E+12,4.2139E-07
27162,1.474E+12,4.2139E-07
27163,1.474E+12,4.2139E-07
27164,1.474E+12,4.2139E-07
27165,1.474E+12,4.2139E-07
27166,1.474E+12,4.2139E-07
27167,1.474E+12,4.2139E-07
27168,1.474E+12,4.2139E-07
27169,1.4739E+12,4.21395E-07
27170,1.4739E+12,4.21395E-07
27171,1.4739E+12,4.21395E-07
27172,1.4739E+12,4.21395E-07
27173,1.4739E+12,4.21395E-07
27174,1.4739E+12,4.21395E-07
27175,1.4739E+12,4.21395E-07
27176,1.4738E+12,4.21395E-07
27177,1.4738E+12,4.21395E-07
27178,1.4738E+12,4.214E-07
27179,1.4738E+12,4.214E-07
27180,1.4738E+12,4.214E-07
27181,1.4738E+12,4.214E-07
27182,1.4738E+12,4.214E-07
27183,1.4737E+12,4.214E-07
27184,1.4737E+12,4.214E-07
27185,1.4737E+12,4.214E-07
27186,1.4737E+12,4.214E-07
27187,1.4737E+12,4.21405E-07
27188,1.4737E+12,4.21405E-07
27189,1.4737E+12,4.21405E-07
27190,1.4736E+12,4.21405E-07
27191,1.4736E+12,4.21405E-07
27192,1.4736E+12,4.21405E-07
27193,1.4736E+12,4.21405E-07
27194,1.4736E+12,4.21405E-07
27195,1.4736E+12,4.21405E-07
27196,1.4736E+12,4.2141E-07
27197,1.4735E+12,4.2141E-07
27198,1.4735E+12,4.2141E-07
27199,1.4735E+12,4.2141E-07
27200,1.4735E+12,4.2141E-07
27201,1.4735E+12,4.2141E-07
27202,1.4735E+12,4.2141E-07
27203,1.4735E+12,4.2141E-07
27204,1.4735E+12,4.2141E-07
27205,1.4734E+12,4.21415E-07
27206,1.4734E+12,4.21415E-07
27207,1.4734E+12,4.21415E-07
27208,1.4734E+12,4.21415E-07
27209,1.4734E+12,4.21415E-07
27210,1.4734E+12,4.21415E-07
27211,1.4734E+12,4.21415E-07
27212,1.4733E+12,4.21415E-07
27213,1.4733E+12,4.21415E-07
27214,1.4733E+12,4.2142E-07
27215,1.4733E+12,4.2142E-07
27216,1.4733E+12,4.2142E-07
27217,1.4733E+12,4.2142E-07
27218,1.4733E+12,4.2142E-07
27219,1.4732E+12,4.2142E-07
27220,1.4732E+12,4.2142E-07
27221,1.4732E+12,4.2142E-07
27222,1.4732E+12,4.2142E-07
27223,1.4732E+12,4.21425E-07
27224,1.4732E+12,4.21425E-07
27225,1.4732E+12,4.21425E-07
27226,1.4731E+12,4.21425E-07
27227,1.4731E+12,4.21425E-07
27228,1.4731E+12,4.21425E-07
27229,1.4731E+12,4.21425E-07
27230,1.4731E+12,4.21425E-07
27231,1.4731E+12,4.2143E-07
27232,1.4731E+12,4.2143E-07
27233,1.473E+12,4.2143E-07
27234,1.473E+12,4.2143E-07
27235,1.473E+12,4.2143E-07
27236,1.473E+12,4.2143E-07
27237,1.473E+12,4.2143E-07
27238,1.473E+12,4.2143E-07
27239,1.473E+12,4.2143E-07
27240,1.473E+12,4.21435E-07
27241,1.4729E+12,4.21435E-07
27242,1.4729E+12,4.21435E-07
27243,1.4729E+12,4.21435E-07
27244,1.4729E+12,4.21435E-07
27245,1.4729E+12,4.21435E-07
27246,1.4729E+12,4.21435E-07
27247,1.4729E+12,4.21435E-07
27248,1.4728E+12,4.21435E-07
27249,1.4728E+12,4.2144E-07
27250,1.4728E+12,4.2144E-07
27251,1.4728E+12,4.2144E-07
27252,1.4728E+12,4.2144E-07
27253,1.4728E+12,4.2144E-07
27254,1.4728E+12,4.2144E-07
27255,1.4727E+12,4.2144E-07
27256,1.4727E+12,4.2144E-07
27257,1.4727E+12,4.2144E-07
27258,1.4727E+12,4.21445E-07
27259,1.4727E+12,4.21445E-07
27260,1.4727E+12,4.21445E-07
27261,1.4727E+12,4.21445E-07
27262,1.4726E+12,4.21445E-07
27263,1.4726E+12,4.21445E-07
27264,1.4726E+12,4.21445E-07
27265,1.4726E+12,4.21445E-07
27266,1.4726E+12,4.21445E-07
27267,1.4726E+12,4.2145E-07
27268,1.4726E+12,4.2145E-07
27269,1.4725E+12,4.2145E-07
27270,1.4725E+12,4.2145E-07
27271,1.4725E+12,4.2145E-07
27272,1.4725E+12,4.2145E-07
27273,1.4725E+12,4.2145E-07
27274,1.4725E+12,4.2145E-07
27275,1.4725E+12,4.2145E-07
27276,1.4725E+12,4.21455E-07
27277,1.4724E+12,4.21455E-07
27278,1.4724E+12,4.21455E-07
27279,1.4724E+12,4.21455E-07
27280,1.4724E+12,4.21455E-07
27281,1.4724E+12,4.21455E-07
27282,1.4724E+12,4.21455E-07
27283,1.4724E+12,4.21455E-07
27284,1.4723E+12,4.21455E-07
27285,1.4723E+12,4.2146E-07
27286,1.4723E+12,4.2146E-07
27287,1.4723E+12,4.2146E-07
27288,1.4723E+12,4.2146E-07
27289,1.4723E+12,4.2146E-07
27290,1.4723E+12,4.2146E-07
27291,1.4722E+12,4.2146E-07
27292,1.4722E+12,4.2146E-07
27293,1.4722E+12,4.2146E-07
27294,1.4722E+12,4.21465E-07
27295,1.4722E+12,4.21465E-07
27296,1.4722E+12,4.21465E-07
27297,1.4722E+12,4.21465E-07
27298,1.4721E+12,4.21465E-07
27299,1.4721E+12,4.21465E-07
27300,1.4721E+12,4.21465E-07
27301,1.4721E+12,4.21465E-07
27302,1.4721E+12,4.21465E-07
27303,1.4721E+12,4.2147E-07
27304,1.4721E+12,4.2147E-07
27305,1.472E+12,4.2147E-07
27306,1.472E+12,4.2147E-07
27307,1.472E+12,4.2147E-07
27308,1.472E+12,4.2147E-07
27309,1.472E+12,4.2147E-07
27310,1.472E+12,4.2147E-07
27311,1.472E+12,4.21475E-07
27312,1.472E+12,4.21475E-07
27313,1.4719E+12,4.21475E-07
27314,1.4719E+12,4.21475E-07
27315,1.4719E+12,4.21475E-07
27316,1.4719E+12,4.21475E-07
27317,1.4719E+12,4.21475E-07
27318,1.4719E+12,4.21475E-07
27319,1.4719E+12,4.21475E-07
27320,1.4718E+12,4.2148E-07
27321,1.4718E+12,4.2148E-07
27322,1.4718E+12,4.2148E-07
27323,1.4718E+12,4.2148E-07
27324,1.4718E+12,4.2148E-07
27325,1.4718E+12,4.2148E-07
27326,1.4718E+12,4.2148E-07
27327,1.4717E+12,4.2148E-07
27328,1.4717E+12,4.2148E-07
27329,1.4717E+12,4.21485E-07
27330,1.4717E+12,4.21485E-07
27331,1.4717E+12,4.21485E-07
27332,1.4717E+12,4.21485E-07
27333,1.4717E+12,4.21485E-07
27334,1.4716E+12,4.21485E-07
27335,1.4716E+12,4.21485E-07
27336,1.4716E+12,4.21485E-07
27337,1.4716E+12,4.21485E-07
27338,1.4716E+12,4.2149E-07
27339,1.4716E+12,4.2149E-07
27340,1.4716E+12,4.2149E-07
27341,1.4716E+12,4.2149E-07
27342,1.4715E+12,4.2149E-07
27343,1.4715E+12,4.2149E-07
27344,1.4715E+12,4.2149E-07
27345,1.4715E+12,4.2149E-07
27346,1.4715E+12,4.2149E-07
27347,1.4715E+12,4.21495E-07
27348,1.4715E+12,4.21495E-07
27349,1.4714E+12,4.21495E-07
27350,1.4714E+12,4.21495E-07
27351,1.4714E+12,4.21495E-07
27352,1.4714E+12,4.21495E-07
27353,1.4714E+12,4.21495E-07
27354,1.4714E+12,4.21495E-07
27355,1.4714E+12,4.21495E-07
27356,1.4713E+12,4.215E-07
27357,1.4713E+12,4.215E-07
27358,1.4713E+12,4.215E-07
27359,1.4713E+12,4.215E-07
27360,1.4713E+12,4.215E-07
27361,1.4713E+12,4.215E-07
27362,1.4713E+12,4.215E-07
27363,1.4712E+12,4.215E-07
27364,1.4712E+12,4.215E-07
27365,1.4712E+12,4.21505E-07
27366,1.4712E+12,4.21505E-07
27367,1.4712E+12,4.21505E-07
27368,1.4712E+12,4.21505E-07
27369,1.4712E+12,4.21505E-07
27370,1.4712E+12,4.21505E-07
27371,1.4711E+12,4.21505E-07
27372,1.4711E+12,4.21505E-07
27373,1.4711E+12,4.21505E-07
27374,1.4711E+12,4.2151E-07
27375,1.4711E+12,4.2151E-07
27376,1.4711E+12,4.2151E-07
27377,1.4711E+12,4.2151E-07
27378,1.471E+12,4.2151E-07
27379,1.471E+12,4.2151E-07
27380,1.471E+12,4.2151E-07
27381,1.471E+12,4.2151E-07
27382,1.471E+12,4.2151E-07
27383,1.471E+12,4.21515E-07
27384,1.471E+12,4.21515E-07
27385,1.4709E+12,4.21515E-07
27386,1.4709E+12,4.21515E-07
27387,1.4709E+12,4.21515E-07
27388,1.4709E+12,4.21515E-07
27389,1.4709E+12,4.21515E-07
27390,1.4709E+12,4.21515E-07
27391,1.4709E+12,4.21515E-07
27392,1.4708E+12,4.2152E-07
27393,1.4708E+12,4.2152E-07
27394,1.4708E+12,4.2152E-07
27395,1.4708E+12,4.2152E-07
27396,1.4708E+12,4.2152E-07
27397,1.4708E+12,4.2152E-07
27398,1.4708E+12,4.2152E-07
27399,1.4708E+12,4.2152E-07
27400,1.4707E+12,4.2152E-07
27401,1.4707E+12,4.21525E-07
27402,1.4707E+12,4.21525E-07
27403,1.4707E+12,4.21525E-07
27404,1.4707E+12,4.21525E-07
27405,1.4707E+12,4.21525E-07
27406,1.4707E+12,4.21525E-07
27407,1.4706E+12,4.21525E-07
27408,1.4706E+12,4.21525E-07
27409,1.4706E+12,4.21525E-07
27410,1.4706E+12,4.2153E-07
27411,1.4706E+12,4.2153E-07
27412,1.4706E+12,4.2153E-07
27413,1.4706E+12,4.2153E-07
27414,1.4705E+12,4.2153E-07
27415,1.4705E+12,4.2153E-07
27416,1.4705E+12,4.2153E-07
27417,1.4705E+12,4.2153E-07
27418,1.4705E+12,4.2153E-07
27419,1.4705E+12,4.21535E-07
27420,1.4705E+12,4.21535E-07
27421,1.4704E+12,4.21535E-07
27422,1.4704E+12,4.21535E-07
27423,1.4704E+12,4.21535E-07
27424,1.4704E+12,4.21535E-07
27425,1.4704E+12,4.21535E-07
27426,1.4704E+12,4.21535E-07
27427,1.4704E+12,4.2154E-07
27428,1.4704E+12,4.2154E-07
27429,1.4703E+12,4.2154E-07
27430,1.4703E+12,4.2154E-07
27431,1.4703E+12,4.2154E-07
27432,1.4703E+12,4.2154E-07
27433,1.4703E+12,4.2154E-07
27434,1.4703E+12,4.2154E-07
27435,1.4703E+12,4.2154E-07
27436,1.4702E+12,4.21545E-07
27437,1.4702E+12,4.21545E-07
27438,1.4702E+12,4.21545E-07
27439,1.4702E+12,4.21545E-07
27440,1.4702E+12,4.21545E-07
27441,1.4702E+12,4.21545E-07
27442,1.4702E+12,4.21545E-07
27443,1.4701E+12,4.21545E-07
27444,1.4701E+12,4.21545E-07
27445,1.4701E+12,4.2155E-07
27446,1.4701E+12,4.2155E-07
27447,1.4701E+12,4.2155E-07
27448,1.4701E+12,4.2155E-07
27449,1.4701E+12,4.2155E-07
27450,1.47E+12,4.2155E-07
27451,1.47E+12,4.2155E-07
27452,1.47E+12,4.2155E-07
27453,1.47E+12,4.2155E-07
27454,1.47E+12,4.21555E-07
27455,1.47E+12,4.21555E-07
27456,1.47E+12,4.21555E-07
27457,1.47E+12,4.21555E-07
27458,1.4699E+12,4.21555E-07
27459,1.4699E+12,4.21555E-07
27460,1.4699E+12,4.21555E-07
27461,1.4699E+12,4.21555E-07
27462,1.4699E+12,4.21555E-07
27463,1.4699E+12,4.2156E-07
27464,1.4699E+12,4.2156E-07
27465,1.4698E+12,4.2156E-07
27466,1.4698E+12,4.2156E-07
27467,1.4698E+12,4.2156E-07
27468,1.4698E+12,4.2156E-07
27469,1.4698E+12,4.2156E-07
27470,1.4698E+12,4.2156E-07
27471,1.4698E+12,4.2156E-07
27472,1.4697E+12,4.21565E-07
27473,1.4697E+12,4.21565E-07
27474,1.4697E+12,4.21565E-07
27475,1.4697E+12,4.21565E-07
27476,1.4697E+12,4.21565E-07
27477,1.4697E+12,4.21565E-07
27478,1.4697E+12,4.21565E-07
27479,1.4696E+12,4.21565E-07
27480,1.4696E+12,4.21565E-07
27481,1.4696E+12,4.2157E-07
27482,1.4696E+12,4.2157E-07
27483,1.4696E+12,4.2157E-07
27484,1.4696E+12,4.2157E-07
27485,1.4696E+12,4.2157E-07
27486,1.4696E+12,4.2157E-07
27487,1.4695E+12,4.2157E-07
27488,1.4695E+12,4.2157E-07
27489,1.4695E+12,4.2157E-07
27490,1.4695E+12,4.21575E-07
27491,1.4695E+12,4.21575E-07
27492,1.4695E+12,4.21575E-07
27493,1.4695E+12,4.21575E-07
27494,1.4694E+12,4.21575E-07
27495,1.4694E+12,4.21575E-07
27496,1.4694E+12,4.21575E-07
27497,1.4694E+12,4.21575E-07
27498,1.4694E+12,4.21575E-07
27499,1.4694E+12,4.2158E-07
27500,1.4694E+12,4.2158E-07
27501,1.4693E+12,4.2158E-07
27502,1.4693E+12,4.2158E-07
27503,1.4693E+12,4.2158E-07
27504,1.4693E+12,4.2158E-07
27505,1.4693E+12,4.2158E-07
27506,1.4693E+12,4.2158E-07
27507,1.4693E+12,4.2158E-07
27508,1.4693E+12,4.21585E-07
27509,1.4692E+12,4.21585E-07
27510,1.4692E+12,4.21585E-07
27511,1.4692E+12,4.21585E-07
27512,1.4692E+12,4.21585E-07
27513,1.4692E+12,4.21585E-07
27514,1.4692E+12,4.21585E-07
27515,1.4692E+12,4.21585E-07
27516,1.4691E+12,4.21585E-07
27517,1.4691E+12,4.2159E-07
27518,1.4691E+12,4.2159E-07
27519,1.4691E+12,4.2159E-07
27520,1.4691E+12,4.2159E-07
27521,1.4691E+12,4.2159E-07
27522,1.4691E+12,4.2159E-07
27523,1.469E+12,4.2159E-07
27524,1.469E+12,4.2159E-07
27525,1.469E+12,4.2159E-07
27526,1.469E+12,4.21595E-07
27527,1.469E+12,4.21595E-07
27528,1.469E+12,4.21595E-07
27529,1.469E+12,4.21595E-07
27530,1.4689E+12,4.21595E-07
27531,1.4689E+12,4.21595E-07
27532,1.4689E+12,4.21595E-07
27533,1.4689E+12,4.21595E-07
27534,1.4689E+12,4.21595E-07
27535,1.4689E+12,4.216E-07
27536,1.4689E+12,4.216E-07
27537,1.4689E+12,4.216E-07
27538,1.4688E+12,4.216E-07
27539,1.4688E+12,4.216E-07
27540,1.4688E+12,4.216E-07
27541,1.4688E+12,4.216E-07
27542,1.4688E+12,4.216E-07
27543,1.4688E+12,4.216E-07
27544,1.4688E+12,4.21605E-07
27545,1.4687E+12,4.21605E-07
27546,1.4687E+12,4.21605E-07
27547,1.4687E+12,4.21605E-07
27548,1.4687E+12,4.21605E-07
27549,1.4687E+12,4.21605E-07
27550,1.4687E+12,4.21605E-07
27551,1.4687E+12,4.21605E-07
27552,1.4686E+12,4.21605E-07
27553,1.4686E+12,4.2161E-07
27554,1.4686E+12,4.2161E-07
27555,1.4686E+12,4.2161E-07
27556,1.4686E+12,4.2161E-07
27557,1.4686E+12,4.2161E-07
27558,1.4686E+12,4.2161E-07
27559,1.4686E+12,4.2161E-07
27560,1.4685E+12,4.2161E-07
27561,1.4685E+12,4.2161E-07
27562,1.4685E+12,4.21615E-07
27563,1.4685E+12,4.21615E-07
27564,1.4685E+12,4.21615E-07
27565,1.4685E+12,4.21615E-07
27566,1.4685E+12,4.21615E-07
27567,1.4684E+12,4.21615E-07
27568,1.4684E+12,4.21615E-07
27569,1.4684E+12,4.21615E-07
27570,1.4684E+12,4.21615E-07
27571,1.4684E+12,4.2162E-07
27572,1.4684E+12,4.2162E-07
27573,1.4684E+12,4.2162E-07
27574,1.4683E+12,4.2162E-07
27575,1.4683E+12,4.2162E-07
27576,1.4683E+12,4.2162E-07
27577,1.4683E+12,4.2162E-07
27578,1.4683E+12,4.2162E-07
27579,1.4683E+12,4.2162E-07
27580,1.4683E+12,4.21625E-07
27581,1.4683E+12,4.21625E-07
27582,1.4682E+12,4.21625E-07
27583,1.4682E+12,4.21625E-07
27584,1.4682E+12,4.21625E-07
27585,1.4682E+12,4.21625E-07
27586,1.4682E+12,4.21625E-07
27587,1.4682E+12,4.21625E-07
27588,1.4682E+12,4.21625E-07
27589,1.4681E+12,4.2163E-07
27590,1.4681E+12,4.2163E-07
27591,1.4681E+12,4.2163E-07
27592,1.4681E+12,4.2163E-07
27593,1.4681E+12,4.2163E-07
27594,1.4681E+12,4.2163E-07
27595,1.4681E+12,4.2163E-07
27596,1.468E+12,4.2163E-07
27597,1.468E+12,4.2163E-07
27598,1.468E+12,4.21635E-07
27599,1.468E+12,4.21635E-07
27600,1.468E+12,4.21635E-07
27601,1.468E+12,4.21635E-07
27602,1.468E+12,4.21635E-07
27603,1.468E+12,4.21635E-07
27604,1.4679E+12,4.21635E-07
27605,1.4679E+12,4.21635E-07
27606,1.4679E+12,4.21635E-07
27607,1.4679E+12,4.2164E-07
27608,1.4679E+12,4.2164E-07
27609,1.4679E+12,4.2164E-07
27610,1.4679E+12,4.2164E-07
27611,1.4678E+12,4.2164E-07
27612,1.4678E+12,4.2164E-07
27613,1.4678E+12,4.2164E-07
27614,1.4678E+12,4.2164E-07
27615,1.4678E+12,4.2164E-07
27616,1.4678E+12,4.21645E-07
27617,1.4678E+12,4.21645E-07
27618,1.4677E+12,4.21645E-07
27619,1.4677E+12,4.21645E-07
27620,1.4677E+12,4.21645E-07
27621,1.4677E+12,4.21645E-07
27622,1.4677E+12,4.21645E-07
27623,1.4677E+12,4.21645E-07
27624,1.4677E+12,4.21645E-07
27625,1.4677E+12,4.2165E-07
27626,1.4676E+12,4.2165E-07
27627,1.4676E+12,4.2165E-07
27628,1.4676E+12,4.2165E-07
27629,1.4676E+12,4.2165E-07
27630,1.4676E+12,4.2165E-07
27631,1.4676E+12,4.2165E-07
27632,1.4676E+12,4.2165E-07
27633,1.4675E+12,4.2165E-07
27634,1.4675E+12,4.21655E-07
27635,1.4675E+12,4.21655E-07
27636,1.4675E+12,4.21655E-07
27637,1.4675E+12,4.21655E-07
27638,1.4675E+12,4.21655E-07
27639,1.4675E+12,4.21655E-07
27640,1.4674E+12,4.21655E-07
27641,1.4674E+12,4.21655E-07
27642,1.4674E+12,4.21655E-07
27643,1.4674E+12,4.2166E-07
27644,1.4674E+12,4.2166E-07
27645,1.4674E+12,4.2166E-07
27646,1.4674E+12,4.2166E-07
27647,1.4674E+12,4.2166E-07
27648,1.4673E+12,4.2166E-07
27649,1.4673E+12,4.2166E-07
27650,1.4673E+12,4.2166E-07
27651,1.4673E+12,4.2166E-07
27652,1.4673E+12,4.21665E-07
27653,1.4673E+12,4.21665E-07
27654,1.4673E+12,4.21665E-07
27655,1.4672E+12,4.21665E-07
27656,1.4672E+12,4.21665E-07
27657,1.4672E+12,4.21665E-07
27658,1.4672E+12,4.21665E-07
27659,1.4672E+12,4.21665E-07
27660,1.4672E+12,4.21665E-07
27661,1.4672E+12,4.2167E-07
27662,1.4671E+12,4.2167E-07
27663,1.4671E+12,4.2167E-07
27664,1.4671E+12,4.2167E-07
27665,1.4671E+12,4.2167E-07
27666,1.4671E+12,4.2167E-07
27667,1.4671E+12,4.2167E-07
27668,1.4671E+12,4.2167E-07
27669,1.4671E+12,4.2167E-07
27670,1.467E+12,4.21675E-07
27671,1.467E+12,4.21675E-07
27672,1.467E+12,4.21675E-07
27673,1.467E+12,4.21675E-07
27674,1.467E+12,4.21675E-07
27675,1.467E+12,4.21675E-07
27676,1.467E+12,4.21675E-07
27677,1.4669E+12,4.21675E-07
27678,1.4669E+12,4.21675E-07
27679,1.4669E+12,4.2168E-07
27680,1.4669E+12,4.2168E-07
27681,1.4669E+12,4.2168E-07
27682,1.4669E+12,4.2168E-07
27683,1.4669E+12,4.2168E-07
27684,1.4668E+12,4.2168E-07
27685,1.4668E+12,4.2168E-07
27686,1.4668E+12,4.2168E-07
27687,1.4668E+12,4.2168E-07
27688,1.4668E+12,4.21685E-07
27689,1.4668E+12,4.21685E-07
27690,1.4668E+12,4.21685E-07
27691,1.4668E+12,4.21685E-07
27692,1.4667E+12,4.21685E-07
27693,1.4667E+12,4.21685E-07
27694,1.4667E+12,4.21685E-07
27695,1.4667E+12,4.21685E-07
27696,1.4667E+12,4.21685E-07
27697,1.4667E+12,4.2169E-07
27698,1.4667E+12,4.2169E-07
27699,1.4666E+12,4.2169E-07
27700,1.4666E+12,4.2169E-07
27701,1.4666E+12,4.2169E-07
27702,1.4666E+12,4.2169E-07
27703,1.4666E+12,4.2169E-07
27704,1.4666E+12,4.2169E-07
27705,1.4666E+12,4.2169E-07
27706,1.4665E+12,4.21695E-07
27707,1.4665E+12,4.21695E-07
27708,1.4665E+12,4.21695E-07
27709,1.4665E+12,4.21695E-07
27710,1.4665E+12,4.21695E-07
27711,1.4665E+12,4.21695E-07
27712,1.4665E+12,4.21695E-07
27713,1.4665E+12,4.21695E-07
27714,1.4664E+12,4.21695E-07
27715,1.4664E+12,4.217E-07
27716,1.4664E+12,4.217E-07
27717,1.4664E+12,4.217E-07
27718,1.4664E+12,4.217E-07
27719,1.4664E+12,4.217E-07
27720,1.4664E+12,4.217E-07
27721,1.4663E+12,4.217E-07
27722,1.4663E+12,4.217E-07
27723,1.4663E+12,4.217E-07
27724,1.4663E+12,4.21705E-07
27725,1.4663E+12,4.21705E-07
27726,1.4663E+12,4.21705E-07
27727,1.4663E+12,4.21705E-07
27728,1.4662E+12,4.21705E-07
27729,1.4662E+12,4.21705E-07
27730,1.4662E+12,4.21705E-07
27731,1.4662E+12,4.21705E-07
27732,1.4662E+12,4.21705E-07
27733,1.4662E+12,4.2171E-07
27734,1.4662E+12,4.2171E-07
27735,1.4662E+12,4.2171E-07
27736,1.4661E+12,4.2171E-07
27737,1.4661E+12,4.2171E-07
27738,1.4661E+12,4.2171E-07
27739,1.4661E+12,4.2171E-07
27740,1.4661E+12,4.2171E-07
27741,1.4661E+12,4.2171E-07
27742,1.4661E+12,4.21715E-07
27743,1.466E+12,4.21715E-07
27744,1.466E+12,4.21715E-07
27745,1.466E+12,4.21715E-07
27746,1.466E+12,4.21715E-07
27747,1.466E+12,4.21715E-07
27748,1.466E+12,4.21715E-07
27749,1.466E+12,4.21715E-07
27750,1.4659E+12,4.21715E-07
27751,1.4659E+12,4.2172E-07
27752,1.4659E+12,4.2172E-07
27753,1.4659E+12,4.2172E-07
27754,1.4659E+12,4.2172E-07
27755,1.4659E+12,4.2172E-07
27756,1.4659E+12,4.2172E-07
27757,1.4659E+12,4.2172E-07
27758,1.4658E+12,4.2172E-07
27759,1.4658E+12,4.2172E-07
27760,1.4658E+12,4.2172E-07
27761,1.4658E+12,4.21725E-07
27762,1.4658E+12,4.21725E-07
27763,1.4658E+12,4.21725E-07
27764,1.4658E+12,4.21725E-07
27765,1.4657E+12,4.21725E-07
27766,1.4657E+12,4.21725E-07
27767,1.4657E+12,4.21725E-07
27768,1.4657E+12,4.21725E-07
27769,1.4657E+12,4.21725E-07
27770,1.4657E+12,4.2173E-07
27771,1.4657E+12,4.2173E-07
27772,1.4657E+12,4.2173E-07
27773,1.4656E+12,4.2173E-07
27774,1.4656E+12,4.2173E-07
27775,1.4656E+12,4.2173E-07
27776,1.4656E+12,4.2173E-07
27777,1.4656E+12,4.2173E-07
27778,1.4656E+12,4.2173E-07
27779,1.4656E+12,4.21735E-07
27780,1.4655E+12,4.21735E-07
27781,1.4655E+12,4.21735E-07
27782,1.4655E+12,4.21735E-07
27783,1.4655E+12,4.21735E-07
27784,1.4655E+12,4.21735E-07
27785,1.4655E+12,4.21735E-07
27786,1.4655E+12,4.21735E-07
27787,1.4654E+12,4.21735E-07
27788,1.4654E+12,4.2174E-07
27789,1.4654E+12,4.2174E-07
27790,1.4654E+12,4.2174E-07
27791,1.4654E+12,4.2174E-07
27792,1.4654E+12,4.2174E-07
27793,1.4654E+12,4.2174E-07
27794,1.4654E+12,4.2174E-07
27795,1.4653E+12,4.2174E-07
27796,1.4653E+12,4.2174E-07
27797,1.4653E+12,4.21745E-07
27798,1.4653E+12,4.21745E-07
27799,1.4653E+12,4.21745E-07
27800,1.4653E+12,4.21745E-07
27801,1.4653E+12,4.21745E-07
27802,1.4652E+12,4.21745E-07
27803,1.4652E+12,4.21745E-07
27804,1.4652E+12,4.21745E-07
27805,1.4652E+12,4.21745E-07
27806,1.4652E+12,4.2175E-07
27807,1.4652E+12,4.2175E-07
27808,1.4652E+12,4.2175E-07
27809,1.4652E+12,4.2175E-07
27810,1.4651E+12,4.2175E-07
27811,1.4651E+12,4.2175E-07
27812,1.4651E+12,4.2175E-07
27813,1.4651E+12,4.2175E-07
27814,1.4651E+12,4.2175E-07
27815,1.4651E+12,4.21755E-07
27816,1.4651E+12,4.21755E-07
27817,1.465E+12,4.21755E-07
27818,1.465E+12,4.21755E-07
27819,1.465E+12,4.21755E-07
27820,1.465E+12,4.21755E-07
27821,1.465E+12,4.21755E-07
27822,1.465E+12,4.21755E-07
27823,1.465E+12,4.21755E-07
27824,1.4649E+12,4.2176E-07
27825,1.4649E+12,4.2176E-07
27826,1.4649E+12,4.2176E-07
27827,1.4649E+12,4.2176E-07
27828,1.4649E+12,4.2176E-07
27829,1.4649E+12,4.2176E-07
27830,1.4649E+12,4.2176E-07
27831,1.4649E+12,4.2176E-07
27832,1.4648E+12,4.2176E-07
27833,1.4648E+12,4.21765E-07
27834,1.4648E+12,4.21765E-07
27835,1.4648E+12,4.21765E-07
27836,1.4648E+12,4.21765E-07
27837,1.4648E+12,4.21765E-07
27838,1.4648E+12,4.21765E-07
27839,1.4647E+12,4.21765E-07
27840,1.4647E+12,4.21765E-07
27841,1.4647E+12,4.21765E-07
27842,1.4647E+12,4.2177E-07
27843,1.4647E+12,4.2177E-07
27844,1.4647E+12,4.2177E-07
27845,1.4647E+12,4.2177E-07
27846,1.4647E+12,4.2177E-07
27847,1.4646E+12,4.2177E-07
27848,1.4646E+12,4.2177E-07
27849,1.4646E+12,4.2177E-07
27850,1.4646E+12,4.2177E-07
27851,1.4646E+12,4.21775E-07
27852,1.4646E+12,4.21775E-07
27853,1.4646E+12,4.21775E-07
27854,1.4645E+12,4.21775E-07
27855,1.4645E+12,4.21775E-07
27856,1.4645E+12,4.21775E-07
27857,1.4645E+12,4.21775E-07
27858,1.4645E+12,4.21775E-07
27859,1.4645E+12,4.21775E-07
27860,1.4645E+12,4.2178E-07
27861,1.4644E+12,4.2178E-07
27862,1.4644E+12,4.2178E-07
27863,1.4644E+12,4.2178E-07
27864,1.4644E+12,4.2178E-07
27865,1.4644E+12,4.2178E-07
27866,1.4644E+12,4.2178E-07
27867,1.4644E+12,4.2178E-07
27868,1.4644E+12,4.2178E-07
27869,1.4643E+12,4.2178E-07
27870,1.4643E+12,4.21785E-07
27871,1.4643E+12,4.21785E-07
27872,1.4643E+12,4.21785E-07
27873,1.4643E+12,4.21785E-07
27874,1.4643E+12,4.21785E-07
27875,1.4643E+12,4.21785E-07
27876,1.4642E+12,4.21785E-07
27877,1.4642E+12,4.21785E-07
27878,1.4642E+12,4.21785E-07
27879,1.4642E+12,4.2179E-07
27880,1.4642E+12,4.2179E-07
27881,1.4642E+12,4.2179E-07
27882,1.4642E+12,4.2179E-07
27883,1.4642E+12,4.2179E-07
27884,1.4641E+12,4.2179E-07
27885,1.4641E+12,4.2179E-07
27886,1.4641E+12,4.2179E-07
27887,1.4641E+12,4.2179E-07
27888,1.4641E+12,4.21795E-07
27889,1.4641E+12,4.21795E-07
27890,1.4641E+12,4.21795E-07
27891,1.464E+12,4.21795E-07
27892,1.464E+12,4.21795E-07
27893,1.464E+12,4.21795E-07
27894,1.464E+12,4.21795E-07
27895,1.464E+12,4.21795E-07
27896,1.464E+12,4.21795E-07
27897,1.464E+12,4.218E-07
27898,1.4639E+12,4.218E-07
27899,1.4639E+12,4.218E-07
27900,1.4639E+12,4.218E-07
27901,1.4639E+12,4.218E-07
27902,1.4639E+12,4.218E-07
27903,1.4639E+12,4.218E-07
27904,1.4639E+12,4.218E-07
27905,1.4639E+12,4.218E-07
27906,1.4638E+12,4.21805E-07
27907,1.4638E+12,4.21805E-07
27908,1.4638E+12,4.21805E-07
27909,1.4638E+12,4.21805E-07
27910,1.4638E+12,4.21805E-07
27911,1.4638E+12,4.21805E-07
27912,1.4638E+12,4.21805E-07
27913,1.4637E+12,4.21805E-07
27914,1.4637E+12,4.21805E-07
27915,1.4637E+12,4.2181E-07
27916,1.4637E+12,4.2181E-07
27917,1.4637E+12,4.2181E-07
27918,1.4637E+12,4.2181E-07
27919,1.4637E+12,4.2181E-07
27920,1.4637E+12,4.2181E-07
27921,1.4636E+12,4.2181E-07
27922,1.4636E+12,4.2181E-07
27923,1.4636E+12,4.2181E-07
27924,1.4636E+12,4.21815E-07
27925,1.4636E+12,4.21815E-07
27926,1.4636E+12,4.21815E-07
27927,1.4636E+12,4.21815E-07
27928,1.4635E+12,4.21815E-07
27929,1.4635E+12,4.21815E-07
27930,1.4635E+12,4.21815E-07
27931,1.4635E+12,4.21815E-07
27932,1.4635E+12,4.21815E-07
27933,1.4635E+12,4.2182E-07
27934,1.4635E+12,4.2182E-07
27935,1.4635E+12,4.2182E-07
27936,1.4634E+12,4.2182E-07
27937,1.4634E+12,4.2182E-07
27938,1.4634E+12,4.2182E-07
27939,1.4634E+12,4.2182E-07
27940,1.4634E+12,4.2182E-07
27941,1.4634E+12,4.2182E-07
27942,1.4634E+12,4.21825E-07
27943,1.4633E+12,4.21825E-07
27944,1.4633E+12,4.21825E-07
27945,1.4633E+12,4.21825E-07
27946,1.4633E+12,4.21825E-07
27947,1.4633E+12,4.21825E-07
27948,1.4633E+12,4.21825E-07
27949,1.4633E+12,4.21825E-07
27950,1.4632E+12,4.21825E-07
27951,1.4632E+12,4.21825E-07
27952,1.4632E+12,4.2183E-07
27953,1.4632E+12,4.2183E-07
27954,1.4632E+12,4.2183E-07
27955,1.4632E+12,4.2183E-07
27956,1.4632E+12,4.2183E-07
27957,1.4632E+12,4.2183E-07
27958,1.4631E+12,4.2183E-07
27959,1.4631E+12,4.2183E-07
27960,1.4631E+12,4.2183E-07
27961,1.4631E+12,4.21835E-07
27962,1.4631E+12,4.21835E-07
27963,1.4631E+12,4.21835E-07
27964,1.4631E+12,4.21835E-07
27965,1.463E+12,4.21835E-07
27966,1.463E+12,4.21835E-07
27967,1.463E+12,4.21835E-07
27968,1.463E+12,4.21835E-07
27969,1.463E+12,4.21835E-07
27970,1.463E+12,4.2184E-07
27971,1.463E+12,4.2184E-07
27972,1.463E+12,4.2184E-07
27973,1.4629E+12,4.2184E-07
27974,1.4629E+12,4.2184E-07
27975,1.4629E+12,4.2184E-07
27976,1.4629E+12,4.2184E-07
27977,1.4629E+12,4.2184E-07
27978,1.4629E+12,4.2184E-07
27979,1.4629E+12,4.21845E-07
27980,1.4628E+12,4.21845E-07
27981,1.4628E+12,4.21845E-07
27982,1.4628E+12,4.21845E-07
27983,1.4628E+12,4.21845E-07
27984,1.4628E+12,4.21845E-07
27985,1.4628E+12,4.21845E-07
27986,1.4628E+12,4.21845E-07
27987,1.4628E+12,4.21845E-07
27988,1.4627E+12,4.2185E-07
27989,1.4627E+12,4.2185E-07
27990,1.4627E+12,4.2185E-07
27991,1.4627E+12,4.2185E-07
27992,1.4627E+12,4.2185E-07
27993,1.4627E+12,4.2185E-07
27994,1.4627E+12,4.2185E-07
27995,1.4626E+12,4.2185E-07
27996,1.4626E+12,4.2185E-07
27997,1.4626E+12,4.21855E-07
27998,1.4626E+12,4.21855E-07
27999,1.4626E+12,4.21855E-07
28000,1.4626E+12,4.21855E-07
28001,1.4626E+12,4.21855E-07
28002,1.4626E+12,4.21855E-07
28003,1.4625E+12,4.21855E-07
28004,1.4625E+12,4.21855E-07
28005,1.4625E+12,4.21855E-07
28006,1.4625E+12,4.2186E-07
28007,1.4625E+12,4.2186E-07
28008,1.4625E+12,4.2186E-07
28009,1.4625E+12,4.2186E-07
28010,1.4624E+12,4.2186E-07
28011,1.4624E+12,4.2186E-07
28012,1.4624E+12,4.2186E-07
28013,1.4624E+12,4.2186E-07
28014,1.4624E+12,4.2186E-07
28015,1.4624E+12,4.2186E-07
28016,1.4624E+12,4.21865E-07
28017,1.4623E+12,4.21865E-07
28018,1.4623E+12,4.21865E-07
28019,1.4623E+12,4.21865E-07
28020,1.4623E+12,4.21865E-07
28021,1.4623E+12,4.21865E-07
28022,1.4623E+12,4.21865E-07
28023,1.4623E+12,4.21865E-07
28024,1.4623E+12,4.21865E-07
28025,1.4622E+12,4.2187E-07
28026,1.4622E+12,4.2187E-07
28027,1.4622E+12,4.2187E-07
28028,1.4622E+12,4.2187E-07
28029,1.4622E+12,4.2187E-07
28030,1.4622E+12,4.2187E-07
28031,1.4622E+12,4.2187E-07
28032,1.4621E+12,4.2187E-07
28033,1.4621E+12,4.2187E-07
28034,1.4621E+12,4.21875E-07
28035,1.4621E+12,4.21875E-07
28036,1.4621E+12,4.21875E-07
28037,1.4621E+12,4.21875E-07
28038,1.4621E+12,4.21875E-07
28039,1.4621E+12,4.21875E-07
28040,1.462E+12,4.21875E-07
28041,1.462E+12,4.21875E-07
28042,1.462E+12,4.21875E-07
28043,1.462E+12,4.2188E-07
28044,1.462E+12,4.2188E-07
28045,1.462E+12,4.2188E-07
28046,1.462E+12,4.2188E-07
28047,1.4619E+12,4.2188E-07
28048,1.4619E+12,4.2188E-07
28049,1.4619E+12,4.2188E-07
28050,1.4619E+12,4.2188E-07
28051,1.4619E+12,4.2188E-07
28052,1.4619E+12,4.21885E-07
28053,1.4619E+12,4.21885E-07
28054,1.4619E+12,4.21885E-07
28055,1.4618E+12,4.21885E-07
28056,1.4618E+12,4.21885E-07
28057,1.4618E+12,4.21885E-07
28058,1.4618E+12,4.21885E-07
28059,1.4618E+12,4.21885E-07
28060,1.4618E+12,4.21885E-07
28061,1.4618E+12,4.2189E-07
28062,1.4617E+12,4.2189E-07
28063,1.4617E+12,4.2189E-07
28064,1.4617E+12,4.2189E-07
28065,1.4617E+12,4.2189E-07
28066,1.4617E+12,4.2189E-07
28067,1.4617E+12,4.2189E-07
28068,1.4617E+12,4.2189E-07
28069,1.4617E+12,4.2189E-07
28070,1.4616E+12,4.21895E-07
28071,1.4616E+12,4.21895E-07
28072,1.4616E+12,4.21895E-07
28073,1.4616E+12,4.21895E-07
28074,1.4616E+12,4.21895E-07
28075,1.4616E+12,4.21895E-07
28076,1.4616E+12,4.21895E-07
28077,1.4615E+12,4.21895E-07
28078,1.4615E+12,4.21895E-07
28079,1.4615E+12,4.21895E-07
28080,1.4615E+12,4.219E-07
28081,1.4615E+12,4.219E-07
28082,1.4615E+12,4.219E-07
28083,1.4615E+12,4.219E-07
28084,1.4615E+12,4.219E-07
28085,1.4614E+12,4.219E-07
28086,1.4614E+12,4.219E-07
28087,1.4614E+12,4.219E-07
28088,1.4614E+12,4.219E-07
28089,1.4614E+12,4.21905E-07
28090,1.4614E+12,4.21905E-07
28091,1.4614E+12,4.21905E-07
28092,1.4613E+12,4.21905E-07
28093,1.4613E+12,4.21905E-07
28094,1.4613E+12,4.21905E-07
28095,1.4613E+12,4.21905E-07
28096,1.4613E+12,4.21905E-07
28097,1.4613E+12,4.21905E-07
28098,1.4613E+12,4.2191E-07
28099,1.4613E+12,4.2191E-07
28100,1.4612E+12,4.2191E-07
28101,1.4612E+12,4.2191E-07
28102,1.4612E+12,4.2191E-07
28103,1.4612E+12,4.2191E-07
28104,1.4612E+12,4.2191E-07
28105,1.4612E+12,4.2191E-07
28106,1.4612E+12,4.2191E-07
28107,1.4611E+12,4.21915E-07
28108,1.4611E+12,4.21915E-07
28109,1.4611E+12,4.21915E-07
28110,1.4611E+12,4.21915E-07
28111,1.4611E+12,4.21915E-07
28112,1.4611E+12,4.21915E-07
28113,1.4611E+12,4.21915E-07
28114,1.4611E+12,4.21915E-07
28115,1.461E+12,4.21915E-07
28116,1.461E+12,4.2192E-07
28117,1.461E+12,4.2192E-07
28118,1.461E+12,4.2192E-07
28119,1.461E+12,4.2192E-07
28120,1.461E+12,4.2192E-07
28121,1.461E+12,4.2192E-07
28122,1.4609E+12,4.2192E-07
28123,1.4609E+12,4.2192E-07
28124,1.4609E+12,4.2192E-07
28125,1.4609E+12,4.2192E-07
28126,1.4609E+12,4.21925E-07
28127,1.4609E+12,4.21925E-07
28128,1.4609E+12,4.21925E-07
28129,1.4609E+12,4.21925E-07
28130,1.4608E+12,4.21925E-07
28131,1.4608E+12,4.21925E-07
28132,1.4608E+12,4.21925E-07
28133,1.4608E+12,4.21925E-07
28134,1.4608E+12,4.21925E-07
28135,1.4608E+12,4.2193E-07
28136,1.4608E+12,4.2193E-07
28137,1.4607E+12,4.2193E-07
28138,1.4607E+12,4.2193E-07
28139,1.4607E+12,4.2193E-07
28140,1.4607E+12,4.2193E-07
28141,1.4607E+12,4.2193E-07
28142,1.4607E+12,4.2193E-07
28143,1.4607E+12,4.2193E-07
28144,1.4607E+12,4.21935E-07
28145,1.4606E+12,4.21935E-07
28146,1.4606E+12,4.21935E-07
28147,1.4606E+12,4.21935E-07
28148,1.4606E+12,4.21935E-07
28149,1.4606E+12,4.21935E-07
28150,1.4606E+12,4.21935E-07
28151,1.4606E+12,4.21935E-07
28152,1.4605E+12,4.21935E-07
28153,1.4605E+12,4.2194E-07
28154,1.4605E+12,4.2194E-07
28155,1.4605E+12,4.2194E-07
28156,1.4605E+12,4.2194E-07
28157,1.4605E+12,4.2194E-07
28158,1.4605E+12,4.2194E-07
28159,1.4605E+12,4.2194E-07
28160,1.4604E+12,4.2194E-07
28161,1.4604E+12,4.2194E-07
28162,1.4604E+12,4.21945E-07
28163,1.4604E+12,4.21945E-07
28164,1.4604E+12,4.21945E-07
28165,1.4604E+12,4.21945E-07
28166,1.4604E+12,4.21945E-07
28167,1.4603E+12,4.21945E-07
28168,1.4603E+12,4.21945E-07
28169,1.4603E+12,4.21945E-07
28170,1.4603E+12,4.21945E-07
28171,1.4603E+12,4.21945E-07
28172,1.4603E+12,4.2195E-07
28173,1.4603E+12,4.2195E-07
28174,1.4603E+12,4.2195E-07
28175,1.4602E+12,4.2195E-07
28176,1.4602E+12,4.2195E-07
28177,1.4602E+12,4.2195E-07
28178,1.4602E+12,4.2195E-07
28179,1.4602E+12,4.2195E-07
28180,1.4602E+12,4.2195E-07
28181,1.4602E+12,4.21955E-07
28182,1.4601E+12,4.21955E-07
28183,1.4601E+12,4.21955E-07
28184,1.4601E+12,4.21955E-07
28185,1.4601E+12,4.21955E-07
28186,1.4601E+12,4.21955E-07
28187,1.4601E+12,4.21955E-07
28188,1.4601E+12,4.21955E-07
28189,1.4601E+12,4.21955E-07
28190,1.46E+12,4.2196E-07
28191,1.46E+12,4.2196E-07
28192,1.46E+12,4.2196E-07
28193,1.46E+12,4.2196E-07
28194,1.46E+12,4.2196E-07
28195,1.46E+12,4.2196E-07
28196,1.46E+12,4.2196E-07
28197,1.4599E+12,4.2196E-07
28198,1.4599E+12,4.2196E-07
28199,1.4599E+12,4.21965E-07
28200,1.4599E+12,4.21965E-07
28201,1.4599E+12,4.21965E-07
28202,1.4599E+12,4.21965E-07
28203,1.4599E+12,4.21965E-07
28204,1.4599E+12,4.21965E-07
28205,1.4598E+12,4.21965E-07
28206,1.4598E+12,4.21965E-07
28207,1.4598E+12,4.21965E-07
28208,1.4598E+12,4.2197E-07
28209,1.4598E+12,4.2197E-07
28210,1.4598E+12,4.2197E-07
28211,1.4598E+12,4.2197E-07
28212,1.4597E+12,4.2197E-07
28213,1.4597E+12,4.2197E-07
28214,1.4597E+12,4.2197E-07
28215,1.4597E+12,4.2197E-07
28216,1.4597E+12,4.2197E-07
28217,1.4597E+12,4.2197E-07
28218,1.4597E+12,4.21975E-07
28219,1.4597E+12,4.21975E-07
28220,1.4596E+12,4.21975E-07
28221,1.4596E+12,4.21975E-07
28222,1.4596E+12,4.21975E-07
28223,1.4596E+12,4.21975E-07
28224,1.4596E+12,4.21975E-07
28225,1.4596E+12,4.21975E-07
28226,1.4596E+12,4.21975E-07
28227,1.4595E+12,4.2198E-07
28228,1.4595E+12,4.2198E-07
28229,1.4595E+12,4.2198E-07
28230,1.4595E+12,4.2198E-07
28231,1.4595E+12,4.2198E-07
28232,1.4595E+12,4.2198E-07
28233,1.4595E+12,4.2198E-07
28234,1.4595E+12,4.2198E-07
28235,1.4594E+12,4.2198E-07
28236,1.4594E+12,4.21985E-07
28237,1.4594E+12,4.21985E-07
28238,1.4594E+12,4.21985E-07
28239,1.4594E+12,4.21985E-07
28240,1.4594E+12,4.21985E-07
28241,1.4594E+12,4.21985E-07
28242,1.4593E+12,4.21985E-07
28243,1.4593E+12,4.21985E-07
28244,1.4593E+12,4.21985E-07
28245,1.4593E+12,4.2199E-07
28246,1.4593E+12,4.2199E-07
28247,1.4593E+12,4.2199E-07
28248,1.4593E+12,4.2199E-07
28249,1.4593E+12,4.2199E-07
28250,1.4592E+12,4.2199E-07
28251,1.4592E+12,4.2199E-07
28252,1.4592E+12,4.2199E-07
28253,1.4592E+12,4.2199E-07
28254,1.4592E+12,4.2199E-07
28255,1.4592E+12,4.21995E-07
28256,1.4592E+12,4.21995E-07
28257,1.4592E+12,4.21995E-07
28258,1.4591E+12,4.21995E-07
28259,1.4591E+12,4.21995E-07
28260,1.4591E+12,4.21995E-07
28261,1.4591E+12,4.21995E-07
28262,1.4591E+12,4.21995E-07
28263,1.4591E+12,4.21995E-07
28264,1.4591E+12,0.000000422
28265,1.459E+12,0.000000422
28266,1.459E+12,0.000000422
28267,1.459E+12,0.000000422
28268,1.459E+12,0.000000422
28269,1.459E+12,0.000000422
28270,1.459E+12,0.000000422
28271,1.459E+12,0.000000422
28272,1.459E+12,0.000000422
28273,1.4589E+12,4.22005E-07
28274,1.4589E+12,4.22005E-07
28275,1.4589E+12,4.22005E-07
28276,1.4589E+12,4.22005E-07
28277,1.4589E+12,4.22005E-07
28278,1.4589E+12,4.22005E-07
28279,1.4589E+12,4.22005E-07
28280,1.4588E+12,4.22005E-07
28281,1.4588E+12,4.22005E-07
28282,1.4588E+12,4.2201E-07
28283,1.4588E+12,4.2201E-07
28284,1.4588E+12,4.2201E-07
28285,1.4588E+12,4.2201E-07
28286,1.4588E+12,4.2201E-07
28287,1.4588E+12,4.2201E-07
28288,1.4587E+12,4.2201E-07
28289,1.4587E+12,4.2201E-07
28290,1.4587E+12,4.2201E-07
28291,1.4587E+12,4.22015E-07
28292,1.4587E+12,4.22015E-07
28293,1.4587E+12,4.22015E-07
28294,1.4587E+12,4.22015E-07
28295,1.4586E+12,4.22015E-07
28296,1.4586E+12,4.22015E-07
28297,1.4586E+12,4.22015E-07
28298,1.4586E+12,4.22015E-07
28299,1.4586E+12,4.22015E-07
28300,1.4586E+12,4.22015E-07
28301,1.4586E+12,4.2202E-07
28302,1.4586E+12,4.2202E-07
28303,1.4585E+12,4.2202E-07
28304,1.4585E+12,4.2202E-07
28305,1.4585E+12,4.2202E-07
28306,1.4585E+12,4.2202E-07
28307,1.4585E+12,4.2202E-07
28308,1.4585E+12,4.2202E-07
28309,1.4585E+12,4.2202E-07
28310,1.4584E+12,4.22025E-07
28311,1.4584E+12,4.22025E-07
28312,1.4584E+12,4.22025E-07
28313,1.4584E+12,4.22025E-07
28314,1.4584E+12,4.22025E-07
28315,1.4584E+12,4.22025E-07
28316,1.4584E+12,4.22025E-07
28317,1.4584E+12,4.22025E-07
28318,1.4583E+12,4.22025E-07
28319,1.4583E+12,4.2203E-07
28320,1.4583E+12,4.2203E-07
28321,1.4583E+12,4.2203E-07
28322,1.4583E+12,4.2203E-07
28323,1.4583E+12,4.2203E-07
28324,1.4583E+12,4.2203E-07
28325,1.4583E+12,4.2203E-07
28326,1.4582E+12,4.2203E-07
28327,1.4582E+12,4.2203E-07
28328,1.4582E+12,4.2203E-07
28329,1.4582E+12,4.22035E-07
28330,1.4582E+12,4.22035E-07
28331,1.4582E+12,4.22035E-07
28332,1.4582E+12,4.22035E-07
28333,1.4581E+12,4.22035E-07
28334,1.4581E+12,4.22035E-07
28335,1.4581E+12,4.22035E-07
28336,1.4581E+12,4.22035E-07
28337,1.4581E+12,4.22035E-07
28338,1.4581E+12,4.2204E-07
28339,1.4581E+12,4.2204E-07
28340,1.4581E+12,4.2204E-07
28341,1.458E+12,4.2204E-07
28342,1.458E+12,4.2204E-07
28343,1.458E+12,4.2204E-07
28344,1.458E+12,4.2204E-07
28345,1.458E+12,4.2204E-07
28346,1.458E+12,4.2204E-07
28347,1.458E+12,4.22045E-07
28348,1.4579E+12,4.22045E-07
28349,1.4579E+12,4.22045E-07
28350,1.4579E+12,4.22045E-07
28351,1.4579E+12,4.22045E-07
28352,1.4579E+12,4.22045E-07
28353,1.4579E+12,4.22045E-07
28354,1.4579E+12,4.22045E-07
28355,1.4579E+12,4.22045E-07
28356,1.4578E+12,4.2205E-07
28357,1.4578E+12,4.2205E-07
28358,1.4578E+12,4.2205E-07
28359,1.4578E+12,4.2205E-07
28360,1.4578E+12,4.2205E-07
28361,1.4578E+12,4.2205E-07
28362,1.4578E+12,4.2205E-07
28363,1.4577E+12,4.2205E-07
28364,1.4577E+12,4.2205E-07
28365,1.4577E+12,4.2205E-07
28366,1.4577E+12,4.22055E-07
28367,1.4577E+12,4.22055E-07
28368,1.4577E+12,4.22055E-07
28369,1.4577E+12,4.22055E-07
28370,1.4577E+12,4.22055E-07
28371,1.4576E+12,4.22055E-07
28372,1.4576E+12,4.22055E-07
28373,1.4576E+12,4.22055E-07
28374,1.4576E+12,4.22055E-07
28375,1.4576E+12,4.2206E-07
28376,1.4576E+12,4.2206E-07
28377,1.4576E+12,4.2206E-07
28378,1.4576E+12,4.2206E-07
28379,1.4575E+12,4.2206E-07
28380,1.4575E+12,4.2206E-07
28381,1.4575E+12,4.2206E-07
28382,1.4575E+12,4.2206E-07
28383,1.4575E+12,4.2206E-07
28384,1.4575E+12,4.22065E-07
28385,1.4575E+12,4.22065E-07
28386,1.4574E+12,4.22065E-07
28387,1.4574E+12,4.22065E-07
28388,1.4574E+12,4.22065E-07
28389,1.4574E+12,4.22065E-07
28390,1.4574E+12,4.22065E-07
28391,1.4574E+12,4.22065E-07
28392,1.4574E+12,4.22065E-07
28393,1.4574E+12,4.2207E-07
28394,1.4573E+12,4.2207E-07
28395,1.4573E+12,4.2207E-07
28396,1.4573E+12,4.2207E-07
28397,1.4573E+12,4.2207E-07
28398,1.4573E+12,4.2207E-07
28399,1.4573E+12,4.2207E-07
28400,1.4573E+12,4.2207E-07
28401,1.4572E+12,4.2207E-07
28402,1.4572E+12,4.2207E-07
28403,1.4572E+12,4.22075E-07
28404,1.4572E+12,4.22075E-07
28405,1.4572E+12,4.22075E-07
28406,1.4572E+12,4.22075E-07
28407,1.4572E+12,4.22075E-07
28408,1.4572E+12,4.22075E-07
28409,1.4571E+12,4.22075E-07
28410,1.4571E+12,4.22075E-07
28411,1.4571E+12,4.22075E-07
28412,1.4571E+12,4.2208E-07
28413,1.4571E+12,4.2208E-07
28414,1.4571E+12,4.2208E-07
28415,1.4571E+12,4.2208E-07
28416,1.4571E+12,4.2208E-07
28417,1.457E+12,4.2208E-07
28418,1.457E+12,4.2208E-07
28419,1.457E+12,4.2208E-07
28420,1.457E+12,4.2208E-07
28421,1.457E+12,4.22085E-07
28422,1.457E+12,4.22085E-07
28423,1.457E+12,4.22085E-07
28424,1.4569E+12,4.22085E-07
28425,1.4569E+12,4.22085E-07
28426,1.4569E+12,4.22085E-07
28427,1.4569E+12,4.22085E-07
28428,1.4569E+12,4.22085E-07
28429,1.4569E+12,4.22085E-07
28430,1.4569E+12,4.22085E-07
28431,1.4569E+12,4.2209E-07
28432,1.4568E+12,4.2209E-07
28433,1.4568E+12,4.2209E-07
28434,1.4568E+12,4.2209E-07
28435,1.4568E+12,4.2209E-07
28436,1.4568E+12,4.2209E-07
28437,1.4568E+12,4.2209E-07
28438,1.4568E+12,4.2209E-07
28439,1.4567E+12,4.2209E-07
28440,1.4567E+12,4.22095E-07
28441,1.4567E+12,4.22095E-07
28442,1.4567E+12,4.22095E-07
28443,1.4567E+12,4.22095E-07
28444,1.4567E+12,4.22095E-07
28445,1.4567E+12,4.22095E-07
28446,1.4567E+12,4.22095E-07
28447,1.4566E+12,4.22095E-07
28448,1.4566E+12,4.22095E-07
28449,1.4566E+12,4.221E-07
28450,1.4566E+12,4.221E-07
28451,1.4566E+12,4.221E-07
28452,1.4566E+12,4.221E-07
28453,1.4566E+12,4.221E-07
28454,1.4566E+12,4.221E-07
28455,1.4565E+12,4.221E-07
28456,1.4565E+12,4.221E-07
28457,1.4565E+12,4.221E-07
28458,1.4565E+12,4.22105E-07
28459,1.4565E+12,4.22105E-07
28460,1.4565E+12,4.22105E-07
28461,1.4565E+12,4.22105E-07
28462,1.4564E+12,4.22105E-07
28463,1.4564E+12,4.22105E-07
28464,1.4564E+12,4.22105E-07
28465,1.4564E+12,4.22105E-07
28466,1.4564E+12,4.22105E-07
28467,1.4564E+12,4.22105E-07
28468,1.4564E+12,4.2211E-07
28469,1.4564E+12,4.2211E-07
28470,1.4563E+12,4.2211E-07
28471,1.4563E+12,4.2211E-07
28472,1.4563E+12,4.2211E-07
28473,1.4563E+12,4.2211E-07
28474,1.4563E+12,4.2211E-07
28475,1.4563E+12,4.2211E-07
28476,1.4563E+12,4.2211E-07
28477,1.4562E+12,4.22115E-07
28478,1.4562E+12,4.22115E-07
28479,1.4562E+12,4.22115E-07
28480,1.4562E+12,4.22115E-07
28481,1.4562E+12,4.22115E-07
28482,1.4562E+12,4.22115E-07
28483,1.4562E+12,4.22115E-07
28484,1.4562E+12,4.22115E-07
28485,1.4561E+12,4.22115E-07
28486,1.4561E+12,4.2212E-07
28487,1.4561E+12,4.2212E-07
28488,1.4561E+12,4.2212E-07
28489,1.4561E+12,4.2212E-07
28490,1.4561E+12,4.2212E-07
28491,1.4561E+12,4.2212E-07
28492,1.4561E+12,4.2212E-07
28493,1.456E+12,4.2212E-07
28494,1.456E+12,4.2212E-07
28495,1.456E+12,4.2212E-07
28496,1.456E+12,4.22125E-07
28497,1.456E+12,4.22125E-07
28498,1.456E+12,4.22125E-07
28499,1.456E+12,4.22125E-07
28500,1.4559E+12,4.22125E-07
28501,1.4559E+12,4.22125E-07
28502,1.4559E+12,4.22125E-07
28503,1.4559E+12,4.22125E-07
28504,1.4559E+12,4.22125E-07
28505,1.4559E+12,4.2213E-07
28506,1.4559E+12,4.2213E-07
28507,1.4559E+12,4.2213E-07
28508,1.4558E+12,4.2213E-07
28509,1.4558E+12,4.2213E-07
28510,1.4558E+12,4.2213E-07
28511,1.4558E+12,4.2213E-07
28512,1.4558E+12,4.2213E-07
28513,1.4558E+12,4.2213E-07
28514,1.4558E+12,4.22135E-07
28515,1.4558E+12,4.22135E-07
28516,1.4557E+12,4.22135E-07
28517,1.4557E+12,4.22135E-07
28518,1.4557E+12,4.22135E-07
28519,1.4557E+12,4.22135E-07
28520,1.4557E+12,4.22135E-07
28521,1.4557E+12,4.22135E-07
28522,1.4557E+12,4.22135E-07
28523,1.4556E+12,4.22135E-07
28524,1.4556E+12,4.2214E-07
28525,1.4556E+12,4.2214E-07
28526,1.4556E+12,4.2214E-07
28527,1.4556E+12,4.2214E-07
28528,1.4556E+12,4.2214E-07
28529,1.4556E+12,4.2214E-07
28530,1.4556E+12,4.2214E-07
28531,1.4555E+12,4.2214E-07
28532,1.4555E+12,4.2214E-07
28533,1.4555E+12,4.22145E-07
28534,1.4555E+12,4.22145E-07
28535,1.4555E+12,4.22145E-07
28536,1.4555E+12,4.22145E-07
28537,1.4555E+12,4.22145E-07
28538,1.4554E+12,4.22145E-07
28539,1.4554E+12,4.22145E-07
28540,1.4554E+12,4.22145E-07
28541,1.4554E+12,4.22145E-07
28542,1.4554E+12,4.2215E-07
28543,1.4554E+12,4.2215E-07
28544,1.4554E+12,4.2215E-07
28545,1.4554E+12,4.2215E-07
28546,1.4553E+12,4.2215E-07
28547,1.4553E+12,4.2215E-07
28548,1.4553E+12,4.2215E-07
28549,1.4553E+12,4.2215E-07
28550,1.4553E+12,4.2215E-07
28551,1.4553E+12,4.2215E-07
28552,1.4553E+12,4.22155E-07
28553,1.4553E+12,4.22155E-07
28554,1.4552E+12,4.22155E-07
28555,1.4552E+12,4.22155E-07
28556,1.4552E+12,4.22155E-07
28557,1.4552E+12,4.22155E-07
28558,1.4552E+12,4.22155E-07
28559,1.4552E+12,4.22155E-07
28560,1.4552E+12,4.22155E-07
28561,1.4551E+12,4.2216E-07
28562,1.4551E+12,4.2216E-07
28563,1.4551E+12,4.2216E-07
28564,1.4551E+12,4.2216E-07
28565,1.4551E+12,4.2216E-07
28566,1.4551E+12,4.2216E-07
28567,1.4551E+12,4.2216E-07
28568,1.4551E+12,4.2216E-07
28569,1.455E+12,4.2216E-07
28570,1.455E+12,4.22165E-07
28571,1.455E+12,4.22165E-07
28572,1.455E+12,4.22165E-07
28573,1.455E+12,4.22165E-07
28574,1.455E+12,4.22165E-07
28575,1.455E+12,4.22165E-07
28576,1.455E+12,4.22165E-07
28577,1.4549E+12,4.22165E-07
28578,1.4549E+12,4.22165E-07
28579,1.4549E+12,4.22165E-07
28580,1.4549E+12,4.2217E-07
28581,1.4549E+12,4.2217E-07
28582,1.4549E+12,4.2217E-07
28583,1.4549E+12,4.2217E-07
28584,1.4548E+12,4.2217E-07
28585,1.4548E+12,4.2217E-07
28586,1.4548E+12,4.2217E-07
28587,1.4548E+12,4.2217E-07
28588,1.4548E+12,4.2217E-07
28589,1.4548E+12,4.22175E-07
28590,1.4548E+12,4.22175E-07
28591,1.4548E+12,4.22175E-07
28592,1.4547E+12,4.22175E-07
28593,1.4547E+12,4.22175E-07
28594,1.4547E+12,4.22175E-07
28595,1.4547E+12,4.22175E-07
28596,1.4547E+12,4.22175E-07
28597,1.4547E+12,4.22175E-07
28598,1.4547E+12,4.2218E-07
28599,1.4547E+12,4.2218E-07
28600,1.4546E+12,4.2218E-07
28601,1.4546E+12,4.2218E-07
28602,1.4546E+12,4.2218E-07
28603,1.4546E+12,4.2218E-07
28604,1.4546E+12,4.2218E-07
28605,1.4546E+12,4.2218E-07
28606,1.4546E+12,4.2218E-07
28607,1.4545E+12,4.2218E-07
28608,1.4545E+12,4.22185E-07
28609,1.4545E+12,4.22185E-07
28610,1.4545E+12,4.22185E-07
28611,1.4545E+12,4.22185E-07
28612,1.4545E+12,4.22185E-07
28613,1.4545E+12,4.22185E-07
28614,1.4545E+12,4.22185E-07
28615,1.4544E+12,4.22185E-07
28616,1.4544E+12,4.22185E-07
28617,1.4544E+12,4.2219E-07
28618,1.4544E+12,4.2219E-07
28619,1.4544E+12,4.2219E-07
28620,1.4544E+12,4.2219E-07
28621,1.4544E+12,4.2219E-07
28622,1.4544E+12,4.2219E-07
28623,1.4543E+12,4.2219E-07
28624,1.4543E+12,4.2219E-07
28625,1.4543E+12,4.2219E-07
28626,1.4543E+12,4.2219E-07
28627,1.4543E+12,4.22195E-07
28628,1.4543E+12,4.22195E-07
28629,1.4543E+12,4.22195E-07
28630,1.4542E+12,4.22195E-07
28631,1.4542E+12,4.22195E-07
28632,1.4542E+12,4.22195E-07
28633,1.4542E+12,4.22195E-07
28634,1.4542E+12,4.22195E-07
28635,1.4542E+12,4.22195E-07
28636,1.4542E+12,4.222E-07
28637,1.4542E+12,4.222E-07
28638,1.4541E+12,4.222E-07
28639,1.4541E+12,4.222E-07
28640,1.4541E+12,4.222E-07
28641,1.4541E+12,4.222E-07
28642,1.4541E+12,4.222E-07
28643,1.4541E+12,4.222E-07
28644,1.4541E+12,4.222E-07
28645,1.4541E+12,4.22205E-07
28646,1.454E+12,4.22205E-07
28647,1.454E+12,4.22205E-07
28648,1.454E+12,4.22205E-07
28649,1.454E+12,4.22205E-07
28650,1.454E+12,4.22205E-07
28651,1.454E+12,4.22205E-07
28652,1.454E+12,4.22205E-07
28653,1.4539E+12,4.22205E-07
28654,1.4539E+12,4.22205E-07
28655,1.4539E+12,4.2221E-07
28656,1.4539E+12,4.2221E-07
28657,1.4539E+12,4.2221E-07
28658,1.4539E+12,4.2221E-07
28659,1.4539E+12,4.2221E-07
28660,1.4539E+12,4.2221E-07
28661,1.4538E+12,4.2221E-07
28662,1.4538E+12,4.2221E-07
28663,1.4538E+12,4.2221E-07
28664,1.4538E+12,4.22215E-07
28665,1.4538E+12,4.22215E-07
28666,1.4538E+12,4.22215E-07
28667,1.4538E+12,4.22215E-07
28668,1.4538E+12,4.22215E-07
28669,1.4537E+12,4.22215E-07
28670,1.4537E+12,4.22215E-07
28671,1.4537E+12,4.22215E-07
28672,1.4537E+12,4.22215E-07
28673,1.4537E+12,4.2222E-07
28674,1.4537E+12,4.2222E-07
28675,1.4537E+12,4.2222E-07
28676,1.4536E+12,4.2222E-07
28677,1.4536E+12,4.2222E-07
28678,1.4536E+12,4.2222E-07
28679,1.4536E+12,4.2222E-07
28680,1.4536E+12,4.2222E-07
28681,1.4536E+12,4.2222E-07
28682,1.4536E+12,4.2222E-07
28683,1.4536E+12,4.22225E-07
28684,1.4535E+12,4.22225E-07
28685,1.4535E+12,4.22225E-07
28686,1.4535E+12,4.22225E-07
28687,1.4535E+12,4.22225E-07
28688,1.4535E+12,4.22225E-07
28689,1.4535E+12,4.22225E-07
28690,1.4535E+12,4.22225E-07
28691,1.4535E+12,4.22225E-07
28692,1.4534E+12,4.2223E-07
28693,1.4534E+12,4.2223E-07
28694,1.4534E+12,4.2223E-07
28695,1.4534E+12,4.2223E-07
28696,1.4534E+12,4.2223E-07
28697,1.4534E+12,4.2223E-07
28698,1.4534E+12,4.2223E-07
28699,1.4533E+12,4.2223E-07
28700,1.4533E+12,4.2223E-07
28701,1.4533E+12,4.2223E-07
28702,1.4533E+12,4.22235E-07
28703,1.4533E+12,4.22235E-07
28704,1.4533E+12,4.22235E-07
28705,1.4533E+12,4.22235E-07
28706,1.4533E+12,4.22235E-07
28707,1.4532E+12,4.22235E-07
28708,1.4532E+12,4.22235E-07
28709,1.4532E+12,4.22235E-07
28710,1.4532E+12,4.22235E-07
28711,1.4532E+12,4.2224E-07
28712,1.4532E+12,4.2224E-07
28713,1.4532E+12,4.2224E-07
28714,1.4532E+12,4.2224E-07
28715,1.4531E+12,4.2224E-07
28716,1.4531E+12,4.2224E-07
28717,1.4531E+12,4.2224E-07
28718,1.4531E+12,4.2224E-07
28719,1.4531E+12,4.2224E-07
28720,1.4531E+12,4.22245E-07
28721,1.4531E+12,4.22245E-07
28722,1.4531E+12,4.22245E-07
28723,1.453E+12,4.22245E-07
28724,1.453E+12,4.22245E-07
28725,1.453E+12,4.22245E-07
28726,1.453E+12,4.22245E-07
28727,1.453E+12,4.22245E-07
28728,1.453E+12,4.22245E-07
28729,1.453E+12,4.22245E-07
28730,1.4529E+12,4.2225E-07
28731,1.4529E+12,4.2225E-07
28732,1.4529E+12,4.2225E-07
28733,1.4529E+12,4.2225E-07
28734,1.4529E+12,4.2225E-07
28735,1.4529E+12,4.2225E-07
28736,1.4529E+12,4.2225E-07
28737,1.4529E+12,4.2225E-07
28738,1.4528E+12,4.2225E-07
28739,1.4528E+12,4.22255E-07
28740,1.4528E+12,4.22255E-07
28741,1.4528E+12,4.22255E-07
28742,1.4528E+12,4.22255E-07
28743,1.4528E+12,4.22255E-07
28744,1.4528E+12,4.22255E-07
28745,1.4528E+12,4.22255E-07
28746,1.4527E+12,4.22255E-07
28747,1.4527E+12,4.22255E-07
28748,1.4527E+12,4.22255E-07
28749,1.4527E+12,4.2226E-07
28750,1.4527E+12,4.2226E-07
28751,1.4527E+12,4.2226E-07
28752,1.4527E+12,4.2226E-07
28753,1.4526E+12,4.2226E-07
28754,1.4526E+12,4.2226E-07
28755,1.4526E+12,4.2226E-07
28756,1.4526E+12,4.2226E-07
28757,1.4526E+12,4.2226E-07
28758,1.4526E+12,4.22265E-07
28759,1.4526E+12,4.22265E-07
28760,1.4526E+12,4.22265E-07
28761,1.4525E+12,4.22265E-07
28762,1.4525E+12,4.22265E-07
28763,1.4525E+12,4.22265E-07
28764,1.4525E+12,4.22265E-07
28765,1.4525E+12,4.22265E-07
28766,1.4525E+12,4.22265E-07
28767,1.4525E+12,4.2227E-07
28768,1.4525E+12,4.2227E-07
28769,1.4524E+12,4.2227E-07
28770,1.4524E+12,4.2227E-07
28771,1.4524E+12,4.2227E-07
28772,1.4524E+12,4.2227E-07
28773,1.4524E+12,4.2227E-07
28774,1.4524E+12,4.2227E-07
28775,1.4524E+12,4.2227E-07
28776,1.4524E+12,4.2227E-07
28777,1.4523E+12,4.22275E-07
28778,1.4523E+12,4.22275E-07
28779,1.4523E+12,4.22275E-07
28780,1.4523E+12,4.22275E-07
28781,1.4523E+12,4.22275E-07
28782,1.4523E+12,4.22275E-07
28783,1.4523E+12,4.22275E-07
28784,1.4522E+12,4.22275E-07
28785,1.4522E+12,4.22275E-07
28786,1.4522E+12,4.2228E-07
28787,1.4522E+12,4.2228E-07
28788,1.4522E+12,4.2228E-07
28789,1.4522E+12,4.2228E-07
28790,1.4522E+12,4.2228E-07
28791,1.4522E+12,4.2228E-07
28792,1.4521E+12,4.2228E-07
28793,1.4521E+12,4.2228E-07
28794,1.4521E+12,4.2228E-07
28795,1.4521E+12,4.2228E-07
28796,1.4521E+12,4.22285E-07
28797,1.4521E+12,4.22285E-07
28798,1.4521E+12,4.22285E-07
28799,1.4521E+12,4.22285E-07
28800,1.452E+12,4.22285E-07
28801,1.452E+12,4.22285E-07
28802,1.452E+12,4.22285E-07
28803,1.452E+12,4.22285E-07
28804,1.452E+12,4.22285E-07
28805,1.452E+12,4.2229E-07
28806,1.452E+12,4.2229E-07
28807,1.4519E+12,4.2229E-07
28808,1.4519E+12,4.2229E-07
28809,1.4519E+12,4.2229E-07
28810,1.4519E+12,4.2229E-07
28811,1.4519E+12,4.2229E-07
28812,1.4519E+12,4.2229E-07
28813,1.4519E+12,4.2229E-07
28814,1.4519E+12,4.2229E-07
28815,1.4518E+12,4.22295E-07
28816,1.4518E+12,4.22295E-07
28817,1.4518E+12,4.22295E-07
28818,1.4518E+12,4.22295E-07
28819,1.4518E+12,4.22295E-07
28820,1.4518E+12,4.22295E-07
28821,1.4518E+12,4.22295E-07
28822,1.4518E+12,4.22295E-07
28823,1.4517E+12,4.22295E-07
28824,1.4517E+12,4.223E-07
28825,1.4517E+12,4.223E-07
28826,1.4517E+12,4.223E-07
28827,1.4517E+12,4.223E-07
28828,1.4517E+12,4.223E-07
28829,1.4517E+12,4.223E-07
28830,1.4517E+12,4.223E-07
28831,1.4516E+12,4.223E-07
28832,1.4516E+12,4.223E-07
28833,1.4516E+12,4.22305E-07
28834,1.4516E+12,4.22305E-07
28835,1.4516E+12,4.22305E-07
28836,1.4516E+12,4.22305E-07
28837,1.4516E+12,4.22305E-07
28838,1.4515E+12,4.22305E-07
28839,1.4515E+12,4.22305E-07
28840,1.4515E+12,4.22305E-07
28841,1.4515E+12,4.22305E-07
28842,1.4515E+12,4.22305E-07
28843,1.4515E+12,4.2231E-07
28844,1.4515E+12,4.2231E-07
28845,1.4515E+12,4.2231E-07
28846,1.4514E+12,4.2231E-07
28847,1.4514E+12,4.2231E-07
28848,1.4514E+12,4.2231E-07
28849,1.4514E+12,4.2231E-07
28850,1.4514E+12,4.2231E-07
28851,1.4514E+12,4.2231E-07
28852,1.4514E+12,4.22315E-07
28853,1.4514E+12,4.22315E-07
28854,1.4513E+12,4.22315E-07
28855,1.4513E+12,4.22315E-07
28856,1.4513E+12,4.22315E-07
28857,1.4513E+12,4.22315E-07
28858,1.4513E+12,4.22315E-07
28859,1.4513E+12,4.22315E-07
28860,1.4513E+12,4.22315E-07
28861,1.4513E+12,4.22315E-07
28862,1.4512E+12,4.2232E-07
28863,1.4512E+12,4.2232E-07
28864,1.4512E+12,4.2232E-07
28865,1.4512E+12,4.2232E-07
28866,1.4512E+12,4.2232E-07
28867,1.4512E+12,4.2232E-07
28868,1.4512E+12,4.2232E-07
28869,1.4511E+12,4.2232E-07
28870,1.4511E+12,4.2232E-07
28871,1.4511E+12,4.22325E-07
28872,1.4511E+12,4.22325E-07
28873,1.4511E+12,4.22325E-07
28874,1.4511E+12,4.22325E-07
28875,1.4511E+12,4.22325E-07
28876,1.4511E+12,4.22325E-07
28877,1.451E+12,4.22325E-07
28878,1.451E+12,4.22325E-07
28879,1.451E+12,4.22325E-07
28880,1.451E+12,4.22325E-07
28881,1.451E+12,4.2233E-07
28882,1.451E+12,4.2233E-07
28883,1.451E+12,4.2233E-07
28884,1.451E+12,4.2233E-07
28885,1.4509E+12,4.2233E-07
28886,1.4509E+12,4.2233E-07
28887,1.4509E+12,4.2233E-07
28888,1.4509E+12,4.2233E-07
28889,1.4509E+12,4.2233E-07
28890,1.4509E+12,4.22335E-07
28891,1.4509E+12,4.22335E-07
28892,1.4509E+12,4.22335E-07
28893,1.4508E+12,4.22335E-07
28894,1.4508E+12,4.22335E-07
28895,1.4508E+12,4.22335E-07
28896,1.4508E+12,4.22335E-07
28897,1.4508E+12,4.22335E-07
28898,1.4508E+12,4.22335E-07
28899,1.4508E+12,4.22335E-07
28900,1.4507E+12,4.2234E-07
28901,1.4507E+12,4.2234E-07
28902,1.4507E+12,4.2234E-07
28903,1.4507E+12,4.2234E-07
28904,1.4507E+12,4.2234E-07
28905,1.4507E+12,4.2234E-07
28906,1.4507E+12,4.2234E-07
28907,1.4507E+12,4.2234E-07
28908,1.4506E+12,4.2234E-07
28909,1.4506E+12,4.22345E-07
28910,1.4506E+12,4.22345E-07
28911,1.4506E+12,4.22345E-07
28912,1.4506E+12,4.22345E-07
28913,1.4506E+12,4.22345E-07
28914,1.4506E+12,4.22345E-07
28915,1.4506E+12,4.22345E-07
28916,1.4505E+12,4.22345E-07
28917,1.4505E+12,4.22345E-07
28918,1.4505E+12,4.2235E-07
28919,1.4505E+12,4.2235E-07
28920,1.4505E+12,4.2235E-07
28921,1.4505E+12,4.2235E-07
28922,1.4505E+12,4.2235E-07
28923,1.4505E+12,4.2235E-07
28924,1.4504E+12,4.2235E-07
28925,1.4504E+12,4.2235E-07
28926,1.4504E+12,4.2235E-07
28927,1.4504E+12,4.2235E-07
28928,1.4504E+12,4.22355E-07
28929,1.4504E+12,4.22355E-07
28930,1.4504E+12,4.22355E-07
28931,1.4503E+12,4.22355E-07
28932,1.4503E+12,4.22355E-07
28933,1.4503E+12,4.22355E-07
28934,1.4503E+12,4.22355E-07
28935,1.4503E+12,4.22355E-07
28936,1.4503E+12,4.22355E-07
28937,1.4503E+12,4.2236E-07
28938,1.4503E+12,4.2236E-07
28939,1.4502E+12,4.2236E-07
28940,1.4502E+12,4.2236E-07
28941,1.4502E+12,4.2236E-07
28942,1.4502E+12,4.2236E-07
28943,1.4502E+12,4.2236E-07
28944,1.4502E+12,4.2236E-07
28945,1.4502E+12,4.2236E-07
28946,1.4502E+12,4.2236E-07
28947,1.4501E+12,4.22365E-07
28948,1.4501E+12,4.22365E-07
28949,1.4501E+12,4.22365E-07
28950,1.4501E+12,4.22365E-07
28951,1.4501E+12,4.22365E-07
28952,1.4501E+12,4.22365E-07
28953,1.4501E+12,4.22365E-07
28954,1.4501E+12,4.22365E-07
28955,1.45E+12,4.22365E-07
28956,1.45E+12,4.2237E-07
28957,1.45E+12,4.2237E-07
28958,1.45E+12,4.2237E-07
28959,1.45E+12,4.2237E-07
28960,1.45E+12,4.2237E-07
28961,1.45E+12,4.2237E-07
28962,1.45E+12,4.2237E-07
28963,1.4499E+12,4.2237E-07
28964,1.4499E+12,4.2237E-07
28965,1.4499E+12,4.2237E-07
28966,1.4499E+12,4.22375E-07
28967,1.4499E+12,4.22375E-07
28968,1.4499E+12,4.22375E-07
28969,1.4499E+12,4.22375E-07
28970,1.4498E+12,4.22375E-07
28971,1.4498E+12,4.22375E-07
28972,1.4498E+12,4.22375E-07
28973,1.4498E+12,4.22375E-07
28974,1.4498E+12,4.22375E-07
28975,1.4498E+12,4.2238E-07
28976,1.4498E+12,4.2238E-07
28977,1.4498E+12,4.2238E-07
28978,1.4497E+12,4.2238E-07
28979,1.4497E+12,4.2238E-07
28980,1.4497E+12,4.2238E-07
28981,1.4497E+12,4.2238E-07
28982,1.4497E+12,4.2238E-07
28983,1.4497E+12,4.2238E-07
28984,1.4497E+12,4.2238E-07
28985,1.4497E+12,4.22385E-07
28986,1.4496E+12,4.22385E-07
28987,1.4496E+12,4.22385E-07
28988,1.4496E+12,4.22385E-07
28989,1.4496E+12,4.22385E-07
28990,1.4496E+12,4.22385E-07
28991,1.4496E+12,4.22385E-07
28992,1.4496E+12,4.22385E-07
28993,1.4496E+12,4.22385E-07
28994,1.4495E+12,4.2239E-07
28995,1.4495E+12,4.2239E-07
28996,1.4495E+12,4.2239E-07
28997,1.4495E+12,4.2239E-07
28998,1.4495E+12,4.2239E-07
28999,1.4495E+12,4.2239E-07
29000,1.4495E+12,4.2239E-07
29001,1.4495E+12,4.2239E-07
29002,1.4494E+12,4.2239E-07
29003,1.4494E+12,4.2239E-07
29004,1.4494E+12,4.22395E-07
29005,1.4494E+12,4.22395E-07
29006,1.4494E+12,4.22395E-07
29007,1.4494E+12,4.22395E-07
29008,1.4494E+12,4.22395E-07
29009,1.4493E+12,4.22395E-07
29010,1.4493E+12,4.22395E-07
29011,1.4493E+12,4.22395E-07
29012,1.4493E+12,4.22395E-07
29013,1.4493E+12,4.224E-07
29014,1.4493E+12,4.224E-07
29015,1.4493E+12,4.224E-07
29016,1.4493E+12,4.224E-07
29017,1.4492E+12,4.224E-07
29018,1.4492E+12,4.224E-07
29019,1.4492E+12,4.224E-07
29020,1.4492E+12,4.224E-07
29021,1.4492E+12,4.224E-07
29022,1.4492E+12,4.224E-07
29023,1.4492E+12,4.22405E-07
29024,1.4492E+12,4.22405E-07
29025,1.4491E+12,4.22405E-07
29026,1.4491E+12,4.22405E-07
29027,1.4491E+12,4.22405E-07
29028,1.4491E+12,4.22405E-07
29029,1.4491E+12,4.22405E-07
29030,1.4491E+12,4.22405E-07
29031,1.4491E+12,4.22405E-07
29032,1.4491E+12,4.2241E-07
29033,1.449E+12,4.2241E-07
29034,1.449E+12,4.2241E-07
29035,1.449E+12,4.2241E-07
29036,1.449E+12,4.2241E-07
29037,1.449E+12,4.2241E-07
29038,1.449E+12,4.2241E-07
29039,1.449E+12,4.2241E-07
29040,1.449E+12,4.2241E-07
29041,1.4489E+12,4.2241E-07
29042,1.4489E+12,4.22415E-07
29043,1.4489E+12,4.22415E-07
29044,1.4489E+12,4.22415E-07
29045,1.4489E+12,4.22415E-07
29046,1.4489E+12,4.22415E-07
29047,1.4489E+12,4.22415E-07
29048,1.4488E+12,4.22415E-07
29049,1.4488E+12,4.22415E-07
29050,1.4488E+12,4.22415E-07
29051,1.4488E+12,4.2242E-07
29052,1.4488E+12,4.2242E-07
29053,1.4488E+12,4.2242E-07
29054,1.4488E+12,4.2242E-07
29055,1.4488E+12,4.2242E-07
29056,1.4487E+12,4.2242E-07
29057,1.4487E+12,4.2242E-07
29058,1.4487E+12,4.2242E-07
29059,1.4487E+12,4.2242E-07
29060,1.4487E+12,4.2242E-07
29061,1.4487E+12,4.22425E-07
29062,1.4487E+12,4.22425E-07
29063,1.4487E+12,4.22425E-07
29064,1.4486E+12,4.22425E-07
29065,1.4486E+12,4.22425E-07
29066,1.4486E+12,4.22425E-07
29067,1.4486E+12,4.22425E-07
29068,1.4486E+12,4.22425E-07
29069,1.4486E+12,4.22425E-07
29070,1.4486E+12,4.2243E-07
29071,1.4486E+12,4.2243E-07
29072,1.4485E+12,4.2243E-07
29073,1.4485E+12,4.2243E-07
29074,1.4485E+12,4.2243E-07
29075,1.4485E+12,4.2243E-07
29076,1.4485E+12,4.2243E-07
29077,1.4485E+12,4.2243E-07
29078,1.4485E+12,4.2243E-07
29079,1.4485E+12,4.2243E-07
29080,1.4484E+12,4.22435E-07
29081,1.4484E+12,4.22435E-07
29082,1.4484E+12,4.22435E-07
29083,1.4484E+12,4.22435E-07
29084,1.4484E+12,4.22435E-07
29085,1.4484E+12,4.22435E-07
29086,1.4484E+12,4.22435E-07
29087,1.4483E+12,4.22435E-07
29088,1.4483E+12,4.22435E-07
29089,1.4483E+12,4.2244E-07
29090,1.4483E+12,4.2244E-07
29091,1.4483E+12,4.2244E-07
29092,1.4483E+12,4.2244E-07
29093,1.4483E+12,4.2244E-07
29094,1.4483E+12,4.2244E-07
29095,1.4482E+12,4.2244E-07
29096,1.4482E+12,4.2244E-07
29097,1.4482E+12,4.2244E-07
29098,1.4482E+12,4.2244E-07
29099,1.4482E+12,4.22445E-07
29100,1.4482E+12,4.22445E-07
29101,1.4482E+12,4.22445E-07
29102,1.4482E+12,4.22445E-07
29103,1.4481E+12,4.22445E-07
29104,1.4481E+12,4.22445E-07
29105,1.4481E+12,4.22445E-07
29106,1.4481E+12,4.22445E-07
29107,1.4481E+12,4.22445E-07
29108,1.4481E+12,4.2245E-07
29109,1.4481E+12,4.2245E-07
29110,1.4481E+12,4.2245E-07
29111,1.448E+12,4.2245E-07
29112,1.448E+12,4.2245E-07
29113,1.448E+12,4.2245E-07
29114,1.448E+12,4.2245E-07
29115,1.448E+12,4.2245E-07
29116,1.448E+12,4.2245E-07
29117,1.448E+12,4.2245E-07
29118,1.448E+12,4.22455E-07
29119,1.4479E+12,4.22455E-07
29120,1.4479E+12,4.22455E-07
29121,1.4479E+12,4.22455E-07
29122,1.4479E+12,4.22455E-07
29123,1.4479E+12,4.22455E-07
29124,1.4479E+12,4.22455E-07
29125,1.4479E+12,4.22455E-07
29126,1.4479E+12,4.22455E-07
29127,1.4478E+12,4.22455E-07
29128,1.4478E+12,4.2246E-07
29129,1.4478E+12,4.2246E-07
29130,1.4478E+12,4.2246E-07
29131,1.4478E+12,4.2246E-07
29132,1.4478E+12,4.2246E-07
29133,1.4478E+12,4.2246E-07
29134,1.4478E+12,4.2246E-07
29135,1.4477E+12,4.2246E-07
29136,1.4477E+12,4.2246E-07
29137,1.4477E+12,4.22465E-07
29138,1.4477E+12,4.22465E-07
29139,1.4477E+12,4.22465E-07
29140,1.4477E+12,4.22465E-07
29141,1.4477E+12,4.22465E-07
29142,1.4476E+12,4.22465E-07
29143,1.4476E+12,4.22465E-07
29144,1.4476E+12,4.22465E-07
29145,1.4476E+12,4.22465E-07
29146,1.4476E+12,4.22465E-07
29147,1.4476E+12,4.2247E-07
29148,1.4476E+12,4.2247E-07
29149,1.4476E+12,4.2247E-07
29150,1.4475E+12,4.2247E-07
29151,1.4475E+12,4.2247E-07
29152,1.4475E+12,4.2247E-07
29153,1.4475E+12,4.2247E-07
29154,1.4475E+12,4.2247E-07
29155,1.4475E+12,4.2247E-07
29156,1.4475E+12,4.22475E-07
29157,1.4475E+12,4.22475E-07
29158,1.4474E+12,4.22475E-07
29159,1.4474E+12,4.22475E-07
29160,1.4474E+12,4.22475E-07
29161,1.4474E+12,4.22475E-07
29162,1.4474E+12,4.22475E-07
29163,1.4474E+12,4.22475E-07
29164,1.4474E+12,4.22475E-07
29165,1.4474E+12,4.22475E-07
29166,1.4473E+12,4.2248E-07
29167,1.4473E+12,4.2248E-07
29168,1.4473E+12,4.2248E-07
29169,1.4473E+12,4.2248E-07
29170,1.4473E+12,4.2248E-07
29171,1.4473E+12,4.2248E-07
29172,1.4473E+12,4.2248E-07
29173,1.4473E+12,4.2248E-07
29174,1.4472E+12,4.2248E-07
29175,1.4472E+12,4.22485E-07
29176,1.4472E+12,4.22485E-07
29177,1.4472E+12,4.22485E-07
29178,1.4472E+12,4.22485E-07
29179,1.4472E+12,4.22485E-07
29180,1.4472E+12,4.22485E-07
29181,1.4472E+12,4.22485E-07
29182,1.4471E+12,4.22485E-07
29183,1.4471E+12,4.22485E-07
29184,1.4471E+12,4.22485E-07
29185,1.4471E+12,4.2249E-07
29186,1.4471E+12,4.2249E-07
29187,1.4471E+12,4.2249E-07
29188,1.4471E+12,4.2249E-07
29189,1.447E+12,4.2249E-07
29190,1.447E+12,4.2249E-07
29191,1.447E+12,4.2249E-07
29192,1.447E+12,4.2249E-07
29193,1.447E+12,4.2249E-07
29194,1.447E+12,4.22495E-07
29195,1.447E+12,4.22495E-07
29196,1.447E+12,4.22495E-07
29197,1.4469E+12,4.22495E-07
29198,1.4469E+12,4.22495E-07
29199,1.4469E+12,4.22495E-07
29200,1.4469E+12,4.22495E-07
29201,1.4469E+12,4.22495E-07
29202,1.4469E+12,4.22495E-07
29203,1.4469E+12,4.22495E-07
29204,1.4469E+12,4.225E-07
29205,1.4468E+12,4.225E-07
29206,1.4468E+12,4.225E-07
29207,1.4468E+12,4.225E-07
29208,1.4468E+12,4.225E-07
29209,1.4468E+12,4.225E-07
29210,1.4468E+12,4.225E-07
29211,1.4468E+12,4.225E-07
29212,1.4468E+12,4.225E-07
29213,1.4467E+12,4.225E-07
29214,1.4467E+12,4.22505E-07
29215,1.4467E+12,4.22505E-07
29216,1.4467E+12,4.22505E-07
29217,1.4467E+12,4.22505E-07
29218,1.4467E+12,4.22505E-07
29219,1.4467E+12,4.22505E-07
29220,1.4467E+12,4.22505E-07
29221,1.4466E+12,4.22505E-07
29222,1.4466E+12,4.22505E-07
29223,1.4466E+12,4.2251E-07
29224,1.4466E+12,4.2251E-07
29225,1.4466E+12,4.2251E-07
29226,1.4466E+12,4.2251E-07
29227,1.4466E+12,4.2251E-07
29228,1.4466E+12,4.2251E-07
29229,1.4465E+12,4.2251E-07
29230,1.4465E+12,4.2251E-07
29231,1.4465E+12,4.2251E-07
29232,1.4465E+12,4.2251E-07
29233,1.4465E+12,4.22515E-07
29234,1.4465E+12,4.22515E-07
29235,1.4465E+12,4.22515E-07
29236,1.4465E+12,4.22515E-07
29237,1.4464E+12,4.22515E-07
29238,1.4464E+12,4.22515E-07
29239,1.4464E+12,4.22515E-07
29240,1.4464E+12,4.22515E-07
29241,1.4464E+12,4.22515E-07
29242,1.4464E+12,4.2252E-07
29243,1.4464E+12,4.2252E-07
29244,1.4464E+12,4.2252E-07
29245,1.4463E+12,4.2252E-07
29246,1.4463E+12,4.2252E-07
29247,1.4463E+12,4.2252E-07
29248,1.4463E+12,4.2252E-07
29249,1.4463E+12,4.2252E-07
29250,1.4463E+12,4.2252E-07
29251,1.4463E+12,4.2252E-07
29252,1.4462E+12,4.22525E-07
29253,1.4462E+12,4.22525E-07
29254,1.4462E+12,4.22525E-07
29255,1.4462E+12,4.22525E-07
29256,1.4462E+12,4.22525E-07
29257,1.4462E+12,4.22525E-07
29258,1.4462E+12,4.22525E-07
29259,1.4462E+12,4.22525E-07
29260,1.4461E+12,4.22525E-07
29261,1.4461E+12,4.2253E-07
29262,1.4461E+12,4.2253E-07
29263,1.4461E+12,4.2253E-07
29264,1.4461E+12,4.2253E-07
29265,1.4461E+12,4.2253E-07
29266,1.4461E+12,4.2253E-07
29267,1.4461E+12,4.2253E-07
29268,1.446E+12,4.2253E-07
29269,1.446E+12,4.2253E-07
29270,1.446E+12,4.2253E-07
29271,1.446E+12,4.22535E-07
29272,1.446E+12,4.22535E-07
29273,1.446E+12,4.22535E-07
29274,1.446E+12,4.22535E-07
29275,1.446E+12,4.22535E-07
29276,1.4459E+12,4.22535E-07
29277,1.4459E+12,4.22535E-07
29278,1.4459E+12,4.22535E-07
29279,1.4459E+12,4.22535E-07
29280,1.4459E+12,4.22535E-07
29281,1.4459E+12,4.2254E-07
29282,1.4459E+12,4.2254E-07
29283,1.4459E+12,4.2254E-07
29284,1.4458E+12,4.2254E-07
29285,1.4458E+12,4.2254E-07
29286,1.4458E+12,4.2254E-07
29287,1.4458E+12,4.2254E-07
29288,1.4458E+12,4.2254E-07
29289,1.4458E+12,4.2254E-07
29290,1.4458E+12,4.22545E-07
29291,1.4458E+12,4.22545E-07
29292,1.4457E+12,4.22545E-07
29293,1.4457E+12,4.22545E-07
29294,1.4457E+12,4.22545E-07
29295,1.4457E+12,4.22545E-07
29296,1.4457E+12,4.22545E-07
29297,1.4457E+12,4.22545E-07
29298,1.4457E+12,4.22545E-07
29299,1.4457E+12,4.22545E-07
29300,1.4456E+12,4.2255E-07
29301,1.4456E+12,4.2255E-07
29302,1.4456E+12,4.2255E-07
29303,1.4456E+12,4.2255E-07
29304,1.4456E+12,4.2255E-07
29305,1.4456E+12,4.2255E-07
29306,1.4456E+12,4.2255E-07
29307,1.4456E+12,4.2255E-07
29308,1.4455E+12,4.2255E-07
29309,1.4455E+12,4.22555E-07
29310,1.4455E+12,4.22555E-07
29311,1.4455E+12,4.22555E-07
29312,1.4455E+12,4.22555E-07
29313,1.4455E+12,4.22555E-07
29314,1.4455E+12,4.22555E-07
29315,1.4455E+12,4.22555E-07
29316,1.4454E+12,4.22555E-07
29317,1.4454E+12,4.22555E-07
29318,1.4454E+12,4.22555E-07
29319,1.4454E+12,4.2256E-07
29320,1.4454E+12,4.2256E-07
29321,1.4454E+12,4.2256E-07
29322,1.4454E+12,4.2256E-07
29323,1.4454E+12,4.2256E-07
29324,1.4453E+12,4.2256E-07
29325,1.4453E+12,4.2256E-07
29326,1.4453E+12,4.2256E-07
29327,1.4453E+12,4.2256E-07
29328,1.4453E+12,4.2256E-07
29329,1.4453E+12,4.22565E-07
29330,1.4453E+12,4.22565E-07
29331,1.4452E+12,4.22565E-07
29332,1.4452E+12,4.22565E-07
29333,1.4452E+12,4.22565E-07
29334,1.4452E+12,4.22565E-07
29335,1.4452E+12,4.22565E-07
29336,1.4452E+12,4.22565E-07
29337,1.4452E+12,4.22565E-07
29338,1.4452E+12,4.2257E-07
29339,1.4451E+12,4.2257E-07
29340,1.4451E+12,4.2257E-07
29341,1.4451E+12,4.2257E-07
29342,1.4451E+12,4.2257E-07
29343,1.4451E+12,4.2257E-07
29344,1.4451E+12,4.2257E-07
29345,1.4451E+12,4.2257E-07
29346,1.4451E+12,4.2257E-07
29347,1.445E+12,4.2257E-07
29348,1.445E+12,4.22575E-07
29349,1.445E+12,4.22575E-07
29350,1.445E+12,4.22575E-07
29351,1.445E+12,4.22575E-07
29352,1.445E+12,4.22575E-07
29353,1.445E+12,4.22575E-07
29354,1.445E+12,4.22575E-07
29355,1.4449E+12,4.22575E-07
29356,1.4449E+12,4.22575E-07
29357,1.4449E+12,4.22575E-07
29358,1.4449E+12,4.2258E-07
29359,1.4449E+12,4.2258E-07
29360,1.4449E+12,4.2258E-07
29361,1.4449E+12,4.2258E-07
29362,1.4449E+12,4.2258E-07
29363,1.4448E+12,4.2258E-07
29364,1.4448E+12,4.2258E-07
29365,1.4448E+12,4.2258E-07
29366,1.4448E+12,4.2258E-07
29367,1.4448E+12,4.22585E-07
29368,1.4448E+12,4.22585E-07
29369,1.4448E+12,4.22585E-07
29370,1.4448E+12,4.22585E-07
29371,1.4447E+12,4.22585E-07
29372,1.4447E+12,4.22585E-07
29373,1.4447E+12,4.22585E-07
29374,1.4447E+12,4.22585E-07
29375,1.4447E+12,4.22585E-07
29376,1.4447E+12,4.22585E-07
29377,1.4447E+12,4.2259E-07
29378,1.4447E+12,4.2259E-07
29379,1.4446E+12,4.2259E-07
29380,1.4446E+12,4.2259E-07
29381,1.4446E+12,4.2259E-07
29382,1.4446E+12,4.2259E-07
29383,1.4446E+12,4.2259E-07
29384,1.4446E+12,4.2259E-07
29385,1.4446E+12,4.2259E-07
29386,1.4446E+12,4.22595E-07
29387,1.4445E+12,4.22595E-07
29388,1.4445E+12,4.22595E-07
29389,1.4445E+12,4.22595E-07
29390,1.4445E+12,4.22595E-07
29391,1.4445E+12,4.22595E-07
29392,1.4445E+12,4.22595E-07
29393,1.4445E+12,4.22595E-07
29394,1.4445E+12,4.22595E-07
29395,1.4444E+12,4.22595E-07
29396,1.4444E+12,4.226E-07
29397,1.4444E+12,4.226E-07
29398,1.4444E+12,4.226E-07
29399,1.4444E+12,4.226E-07
29400,1.4444E+12,4.226E-07
29401,1.4444E+12,4.226E-07
29402,1.4444E+12,4.226E-07
29403,1.4443E+12,4.226E-07
29404,1.4443E+12,4.226E-07
29405,1.4443E+12,4.226E-07
29406,1.4443E+12,4.22605E-07
29407,1.4443E+12,4.22605E-07
29408,1.4443E+12,4.22605E-07
29409,1.4443E+12,4.22605E-07
29410,1.4443E+12,4.22605E-07
29411,1.4442E+12,4.22605E-07
29412,1.4442E+12,4.22605E-07
29413,1.4442E+12,4.22605E-07
29414,1.4442E+12,4.22605E-07
29415,1.4442E+12,4.2261E-07
29416,1.4442E+12,4.2261E-07
29417,1.4442E+12,4.2261E-07
29418,1.4442E+12,4.2261E-07
29419,1.4441E+12,4.2261E-07
29420,1.4441E+12,4.2261E-07
29421,1.4441E+12,4.2261E-07
29422,1.4441E+12,4.2261E-07
29423,1.4441E+12,4.2261E-07
29424,1.4441E+12,4.2261E-07
29425,1.4441E+12,4.22615E-07
29426,1.4441E+12,4.22615E-07
29427,1.444E+12,4.22615E-07
29428,1.444E+12,4.22615E-07
29429,1.444E+12,4.22615E-07
29430,1.444E+12,4.22615E-07
29431,1.444E+12,4.22615E-07
29432,1.444E+12,4.22615E-07
29433,1.444E+12,4.22615E-07
29434,1.444E+12,4.22615E-07
29435,1.4439E+12,4.2262E-07
29436,1.4439E+12,4.2262E-07
29437,1.4439E+12,4.2262E-07
29438,1.4439E+12,4.2262E-07
29439,1.4439E+12,4.2262E-07
29440,1.4439E+12,4.2262E-07
29441,1.4439E+12,4.2262E-07
29442,1.4438E+12,4.2262E-07
29443,1.4438E+12,4.2262E-07
29444,1.4438E+12,4.22625E-07
29445,1.4438E+12,4.22625E-07
29446,1.4438E+12,4.22625E-07
29447,1.4438E+12,4.22625E-07
29448,1.4438E+12,4.22625E-07
29449,1.4438E+12,4.22625E-07
29450,1.4437E+12,4.22625E-07
29451,1.4437E+12,4.22625E-07
29452,1.4437E+12,4.22625E-07
29453,1.4437E+12,4.22625E-07
29454,1.4437E+12,4.2263E-07
29455,1.4437E+12,4.2263E-07
29456,1.4437E+12,4.2263E-07
29457,1.4437E+12,4.2263E-07
29458,1.4436E+12,4.2263E-07
29459,1.4436E+12,4.2263E-07
29460,1.4436E+12,4.2263E-07
29461,1.4436E+12,4.2263E-07
29462,1.4436E+12,4.2263E-07
29463,1.4436E+12,4.2263E-07
29464,1.4436E+12,4.22635E-07
29465,1.4436E+12,4.22635E-07
29466,1.4435E+12,4.22635E-07
29467,1.4435E+12,4.22635E-07
29468,1.4435E+12,4.22635E-07
29469,1.4435E+12,4.22635E-07
29470,1.4435E+12,4.22635E-07
29471,1.4435E+12,4.22635E-07
29472,1.4435E+12,4.22635E-07
29473,1.4435E+12,4.2264E-07
29474,1.4434E+12,4.2264E-07
29475,1.4434E+12,4.2264E-07
29476,1.4434E+12,4.2264E-07
29477,1.4434E+12,4.2264E-07
29478,1.4434E+12,4.2264E-07
29479,1.4434E+12,4.2264E-07
29480,1.4434E+12,4.2264E-07
29481,1.4434E+12,4.2264E-07
29482,1.4433E+12,4.2264E-07
29483,1.4433E+12,4.22645E-07
29484,1.4433E+12,4.22645E-07
29485,1.4433E+12,4.22645E-07
29486,1.4433E+12,4.22645E-07
29487,1.4433E+12,4.22645E-07
29488,1.4433E+12,4.22645E-07
29489,1.4433E+12,4.22645E-07
29490,1.4432E+12,4.22645E-07
29491,1.4432E+12,4.22645E-07
29492,1.4432E+12,4.22645E-07
29493,1.4432E+12,4.2265E-07
29494,1.4432E+12,4.2265E-07
29495,1.4432E+12,4.2265E-07
29496,1.4432E+12,4.2265E-07
29497,1.4432E+12,4.2265E-07
29498,1.4431E+12,4.2265E-07
29499,1.4431E+12,4.2265E-07
29500,1.4431E+12,4.2265E-07
29501,1.4431E+12,4.2265E-07
29502,1.4431E+12,4.22655E-07
29503,1.4431E+12,4.22655E-07
29504,1.4431E+12,4.22655E-07
29505,1.4431E+12,4.22655E-07
29506,1.443E+12,4.22655E-07
29507,1.443E+12,4.22655E-07
29508,1.443E+12,4.22655E-07
29509,1.443E+12,4.22655E-07
29510,1.443E+12,4.22655E-07
29511,1.443E+12,4.22655E-07
29512,1.443E+12,4.2266E-07
29513,1.443E+12,4.2266E-07
29514,1.4429E+12,4.2266E-07
29515,1.4429E+12,4.2266E-07
29516,1.4429E+12,4.2266E-07
29517,1.4429E+12,4.2266E-07
29518,1.4429E+12,4.2266E-07
29519,1.4429E+12,4.2266E-07
29520,1.4429E+12,4.2266E-07
29521,1.4429E+12,4.2266E-07
29522,1.4428E+12,4.22665E-07
29523,1.4428E+12,4.22665E-07
29524,1.4428E+12,4.22665E-07
29525,1.4428E+12,4.22665E-07
29526,1.4428E+12,4.22665E-07
29527,1.4428E+12,4.22665E-07
29528,1.4428E+12,4.22665E-07
29529,1.4428E+12,4.22665E-07
29530,1.4427E+12,4.22665E-07
29531,1.4427E+12,4.2267E-07
29532,1.4427E+12,4.2267E-07
29533,1.4427E+12,4.2267E-07
29534,1.4427E+12,4.2267E-07
29535,1.4427E+12,4.2267E-07
29536,1.4427E+12,4.2267E-07
29537,1.4427E+12,4.2267E-07
29538,1.4426E+12,4.2267E-07
29539,1.4426E+12,4.2267E-07
29540,1.4426E+12,4.2267E-07
29541,1.4426E+12,4.22675E-07
29542,1.4426E+12,4.22675E-07
29543,1.4426E+12,4.22675E-07
29544,1.4426E+12,4.22675E-07
29545,1.4426E+12,4.22675E-07
29546,1.4425E+12,4.22675E-07
29547,1.4425E+12,4.22675E-07
29548,1.4425E+12,4.22675E-07
29549,1.4425E+12,4.22675E-07
29550,1.4425E+12,4.22675E-07
29551,1.4425E+12,4.2268E-07
29552,1.4425E+12,4.2268E-07
29553,1.4425E+12,4.2268E-07
29554,1.4424E+12,4.2268E-07
29555,1.4424E+12,4.2268E-07
29556,1.4424E+12,4.2268E-07
29557,1.4424E+12,4.2268E-07
29558,1.4424E+12,4.2268E-07
29559,1.4424E+12,4.2268E-07
29560,1.4424E+12,4.22685E-07
29561,1.4424E+12,4.22685E-07
29562,1.4423E+12,4.22685E-07
29563,1.4423E+12,4.22685E-07
29564,1.4423E+12,4.22685E-07
29565,1.4423E+12,4.22685E-07
29566,1.4423E+12,4.22685E-07
29567,1.4423E+12,4.22685E-07
29568,1.4423E+12,4.22685E-07
29569,1.4423E+12,4.22685E-07
29570,1.4422E+12,4.2269E-07
29571,1.4422E+12,4.2269E-07
29572,1.4422E+12,4.2269E-07
29573,1.4422E+12,4.2269E-07
29574,1.4422E+12,4.2269E-07
29575,1.4422E+12,4.2269E-07
29576,1.4422E+12,4.2269E-07
29577,1.4422E+12,4.2269E-07
29578,1.4421E+12,4.2269E-07
29579,1.4421E+12,4.2269E-07
29580,1.4421E+12,4.22695E-07
29581,1.4421E+12,4.22695E-07
29582,1.4421E+12,4.22695E-07
29583,1.4421E+12,4.22695E-07
29584,1.4421E+12,4.22695E-07
29585,1.4421E+12,4.22695E-07
29586,1.442E+12,4.22695E-07
29587,1.442E+12,4.22695E-07
29588,1.442E+12,4.22695E-07
29589,1.442E+12,4.227E-07
29590,1.442E+12,4.227E-07
29591,1.442E+12,4.227E-07
29592,1.442E+12,4.227E-07
29593,1.442E+12,4.227E-07
29594,1.4419E+12,4.227E-07
29595,1.4419E+12,4.227E-07
29596,1.4419E+12,4.227E-07
29597,1.4419E+12,4.227E-07
29598,1.4419E+12,4.227E-07
29599,1.4419E+12,4.22705E-07
29600,1.4419E+12,4.22705E-07
29601,1.4419E+12,4.22705E-07
29602,1.4418E+12,4.22705E-07
29603,1.4418E+12,4.22705E-07
29604,1.4418E+12,4.22705E-07
29605,1.4418E+12,4.22705E-07
29606,1.4418E+12,4.22705E-07
29607,1.4418E+12,4.22705E-07
29608,1.4418E+12,4.22705E-07
29609,1.4418E+12,4.2271E-07
29610,1.4417E+12,4.2271E-07
29611,1.4417E+12,4.2271E-07
29612,1.4417E+12,4.2271E-07
29613,1.4417E+12,4.2271E-07
29614,1.4417E+12,4.2271E-07
29615,1.4417E+12,4.2271E-07
29616,1.4417E+12,4.2271E-07
29617,1.4417E+12,4.2271E-07
29618,1.4416E+12,4.2271E-07
29619,1.4416E+12,4.22715E-07
29620,1.4416E+12,4.22715E-07
29621,1.4416E+12,4.22715E-07
29622,1.4416E+12,4.22715E-07
29623,1.4416E+12,4.22715E-07
29624,1.4416E+12,4.22715E-07
29625,1.4416E+12,4.22715E-07
29626,1.4415E+12,4.22715E-07
29627,1.4415E+12,4.22715E-07
29628,1.4415E+12,4.2272E-07
29629,1.4415E+12,4.2272E-07
29630,1.4415E+12,4.2272E-07
29631,1.4415E+12,4.2272E-07
29632,1.4415E+12,4.2272E-07
29633,1.4415E+12,4.2272E-07
29634,1.4414E+12,4.2272E-07
29635,1.4414E+12,4.2272E-07
29636,1.4414E+12,4.2272E-07
29637,1.4414E+12,4.2272E-07
29638,1.4414E+12,4.22725E-07
29639,1.4414E+12,4.22725E-07
29640,1.4414E+12,4.22725E-07
29641,1.4414E+12,4.22725E-07
29642,1.4413E+12,4.22725E-07
29643,1.4413E+12,4.22725E-07
29644,1.4413E+12,4.22725E-07
29645,1.4413E+12,4.22725E-07
29646,1.4413E+12,4.22725E-07
29647,1.4413E+12,4.22725E-07
29648,1.4413E+12,4.2273E-07
29649,1.4413E+12,4.2273E-07
29650,1.4412E+12,4.2273E-07
29651,1.4412E+12,4.2273E-07
29652,1.4412E+12,4.2273E-07
29653,1.4412E+12,4.2273E-07
29654,1.4412E+12,4.2273E-07
29655,1.4412E+12,4.2273E-07
29656,1.4412E+12,4.2273E-07
29657,1.4412E+12,4.22735E-07
29658,1.4411E+12,4.22735E-07
29659,1.4411E+12,4.22735E-07
29660,1.4411E+12,4.22735E-07
29661,1.4411E+12,4.22735E-07
29662,1.4411E+12,4.22735E-07
29663,1.4411E+12,4.22735E-07
29664,1.4411E+12,4.22735E-07
29665,1.4411E+12,4.22735E-07
29666,1.441E+12,4.22735E-07
29667,1.441E+12,4.2274E-07
29668,1.441E+12,4.2274E-07
29669,1.441E+12,4.2274E-07
29670,1.441E+12,4.2274E-07
29671,1.441E+12,4.2274E-07
29672,1.441E+12,4.2274E-07
29673,1.441E+12,4.2274E-07
29674,1.4409E+12,4.2274E-07
29675,1.4409E+12,4.2274E-07
29676,1.4409E+12,4.2274E-07
29677,1.4409E+12,4.22745E-07
29678,1.4409E+12,4.22745E-07
29679,1.4409E+12,4.22745E-07
29680,1.4409E+12,4.22745E-07
29681,1.4409E+12,4.22745E-07
29682,1.4408E+12,4.22745E-07
29683,1.4408E+12,4.22745E-07
29684,1.4408E+12,4.22745E-07
29685,1.4408E+12,4.22745E-07
29686,1.4408E+12,4.22745E-07
29687,1.4408E+12,4.2275E-07
29688,1.4408E+12,4.2275E-07
29689,1.4408E+12,4.2275E-07
29690,1.4407E+12,4.2275E-07
29691,1.4407E+12,4.2275E-07
29692,1.4407E+12,4.2275E-07
29693,1.4407E+12,4.2275E-07
29694,1.4407E+12,4.2275E-07
29695,1.4407E+12,4.2275E-07
29696,1.4407E+12,4.22755E-07
29697,1.4407E+12,4.22755E-07
29698,1.4406E+12,4.22755E-07
29699,1.4406E+12,4.22755E-07
29700,1.4406E+12,4.22755E-07
29701,1.4406E+12,4.22755E-07
29702,1.4406E+12,4.22755E-07
29703,1.4406E+12,4.22755E-07
29704,1.4406E+12,4.22755E-07
29705,1.4406E+12,4.22755E-07
29706,1.4405E+12,4.2276E-07
29707,1.4405E+12,4.2276E-07
29708,1.4405E+12,4.2276E-07
29709,1.4405E+12,4.2276E-07
29710,1.4405E+12,4.2276E-07
29711,1.4405E+12,4.2276E-07
29712,1.4405E+12,4.2276E-07
29713,1.4405E+12,4.2276E-07
29714,1.4404E+12,4.2276E-07
29715,1.4404E+12,4.2276E-07
29716,1.4404E+12,4.22765E-07
29717,1.4404E+12,4.22765E-07
29718,1.4404E+12,4.22765E-07
29719,1.4404E+12,4.22765E-07
29720,1.4404E+12,4.22765E-07
29721,1.4404E+12,4.22765E-07
29722,1.4403E+12,4.22765E-07
29723,1.4403E+12,4.22765E-07
29724,1.4403E+12,4.22765E-07
29725,1.4403E+12,4.22765E-07
29726,1.4403E+12,4.2277E-07
29727,1.4403E+12,4.2277E-07
29728,1.4403E+12,4.2277E-07
29729,1.4403E+12,4.2277E-07
29730,1.4402E+12,4.2277E-07
29731,1.4402E+12,4.2277E-07
29732,1.4402E+12,4.2277E-07
29733,1.4402E+12,4.2277E-07
29734,1.4402E+12,4.2277E-07
29735,1.4402E+12,4.22775E-07
29736,1.4402E+12,4.22775E-07
29737,1.4402E+12,4.22775E-07
29738,1.4402E+12,4.22775E-07
29739,1.4401E+12,4.22775E-07
29740,1.4401E+12,4.22775E-07
29741,1.4401E+12,4.22775E-07
29742,1.4401E+12,4.22775E-07
29743,1.4401E+12,4.22775E-07
29744,1.4401E+12,4.22775E-07
29745,1.4401E+12,4.2278E-07
29746,1.4401E+12,4.2278E-07
29747,1.44E+12,4.2278E-07
29748,1.44E+12,4.2278E-07
29749,1.44E+12,4.2278E-07
29750,1.44E+12,4.2278E-07
29751,1.44E+12,4.2278E-07
29752,1.44E+12,4.2278E-07
29753,1.44E+12,4.2278E-07
29754,1.44E+12,4.2278E-07
29755,1.4399E+12,4.22785E-07
29756,1.4399E+12,4.22785E-07
29757,1.4399E+12,4.22785E-07
29758,1.4399E+12,4.22785E-07
29759,1.4399E+12,4.22785E-07
29760,1.4399E+12,4.22785E-07
29761,1.4399E+12,4.22785E-07
29762,1.4399E+12,4.22785E-07
29763,1.4398E+12,4.22785E-07
29764,1.4398E+12,4.22785E-07
29765,1.4398E+12,4.2279E-07
29766,1.4398E+12,4.2279E-07
29767,1.4398E+12,4.2279E-07
29768,1.4398E+12,4.2279E-07
29769,1.4398E+12,4.2279E-07
29770,1.4398E+12,4.2279E-07
29771,1.4397E+12,4.2279E-07
29772,1.4397E+12,4.2279E-07
29773,1.4397E+12,4.2279E-07
29774,1.4397E+12,4.22795E-07
29775,1.4397E+12,4.22795E-07
29776,1.4397E+12,4.22795E-07
29777,1.4397E+12,4.22795E-07
29778,1.4397E+12,4.22795E-07
29779,1.4396E+12,4.22795E-07
29780,1.4396E+12,4.22795E-07
29781,1.4396E+12,4.22795E-07
29782,1.4396E+12,4.22795E-07
29783,1.4396E+12,4.22795E-07
29784,1.4396E+12,4.228E-07
29785,1.4396E+12,4.228E-07
29786,1.4396E+12,4.228E-07
29787,1.4395E+12,4.228E-07
29788,1.4395E+12,4.228E-07
29789,1.4395E+12,4.228E-07
29790,1.4395E+12,4.228E-07
29791,1.4395E+12,4.228E-07
29792,1.4395E+12,4.228E-07
29793,1.4395E+12,4.228E-07
29794,1.4395E+12,4.22805E-07
29795,1.4394E+12,4.22805E-07
29796,1.4394E+12,4.22805E-07
29797,1.4394E+12,4.22805E-07
29798,1.4394E+12,4.22805E-07
29799,1.4394E+12,4.22805E-07
29800,1.4394E+12,4.22805E-07
29801,1.4394E+12,4.22805E-07
29802,1.4394E+12,4.22805E-07
29803,1.4393E+12,4.22805E-07
29804,1.4393E+12,4.2281E-07
29805,1.4393E+12,4.2281E-07
29806,1.4393E+12,4.2281E-07
29807,1.4393E+12,4.2281E-07
29808,1.4393E+12,4.2281E-07
29809,1.4393E+12,4.2281E-07
29810,1.4393E+12,4.2281E-07
29811,1.4392E+12,4.2281E-07
29812,1.4392E+12,4.2281E-07
29813,1.4392E+12,4.2281E-07
29814,1.4392E+12,4.22815E-07
29815,1.4392E+12,4.22815E-07
29816,1.4392E+12,4.22815E-07
29817,1.4392E+12,4.22815E-07
29818,1.4392E+12,4.22815E-07
29819,1.4391E+12,4.22815E-07
29820,1.4391E+12,4.22815E-07
29821,1.4391E+12,4.22815E-07
29822,1.4391E+12,4.22815E-07
29823,1.4391E+12,4.2282E-07
29824,1.4391E+12,4.2282E-07
29825,1.4391E+12,4.2282E-07
29826,1.4391E+12,4.2282E-07
29827,1.439E+12,4.2282E-07
29828,1.439E+12,4.2282E-07
29829,1.439E+12,4.2282E-07
29830,1.439E+12,4.2282E-07
29831,1.439E+12,4.2282E-07
29832,1.439E+12,4.2282E-07
29833,1.439E+12,4.22825E-07
29834,1.439E+12,4.22825E-07
29835,1.4389E+12,4.22825E-07
29836,1.4389E+12,4.22825E-07
29837,1.4389E+12,4.22825E-07
29838,1.4389E+12,4.22825E-07
29839,1.4389E+12,4.22825E-07
29840,1.4389E+12,4.22825E-07
29841,1.4389E+12,4.22825E-07
29842,1.4389E+12,4.22825E-07
29843,1.4388E+12,4.2283E-07
29844,1.4388E+12,4.2283E-07
29845,1.4388E+12,4.2283E-07
29846,1.4388E+12,4.2283E-07
29847,1.4388E+12,4.2283E-07
29848,1.4388E+12,4.2283E-07
29849,1.4388E+12,4.2283E-07
29850,1.4388E+12,4.2283E-07
29851,1.4388E+12,4.2283E-07
29852,1.4387E+12,4.2283E-07
29853,1.4387E+12,4.22835E-07
29854,1.4387E+12,4.22835E-07
29855,1.4387E+12,4.22835E-07
29856,1.4387E+12,4.22835E-07
29857,1.4387E+12,4.22835E-07
29858,1.4387E+12,4.22835E-07
29859,1.4387E+12,4.22835E-07
29860,1.4386E+12,4.22835E-07
29861,1.4386E+12,4.22835E-07
29862,1.4386E+12,4.22835E-07
29863,1.4386E+12,4.2284E-07
29864,1.4386E+12,4.2284E-07
29865,1.4386E+12,4.2284E-07
29866,1.4386E+12,4.2284E-07
29867,1.4386E+12,4.2284E-07
29868,1.4385E+12,4.2284E-07
29869,1.4385E+12,4.2284E-07
29870,1.4385E+12,4.2284E-07
29871,1.4385E+12,4.2284E-07
29872,1.4385E+12,4.22845E-07
29873,1.4385E+12,4.22845E-07
29874,1.4385E+12,4.22845E-07
29875,1.4385E+12,4.22845E-07
29876,1.4384E+12,4.22845E-07
29877,1.4384E+12,4.22845E-07
29878,1.4384E+12,4.22845E-07
29879,1.4384E+12,4.22845E-07
29880,1.4384E+12,4.22845E-07
29881,1.4384E+12,4.22845E-07
29882,1.4384E+12,4.2285E-07
29883,1.4384E+12,4.2285E-07
29884,1.4383E+12,4.2285E-07
29885,1.4383E+12,4.2285E-07
29886,1.4383E+12,4.2285E-07
29887,1.4383E+12,4.2285E-07
29888,1.4383E+12,4.2285E-07
29889,1.4383E+12,4.2285E-07
29890,1.4383E+12,4.2285E-07
29891,1.4383E+12,4.2285E-07
29892,1.4382E+12,4.22855E-07
29893,1.4382E+12,4.22855E-07
29894,1.4382E+12,4.22855E-07
29895,1.4382E+12,4.22855E-07
29896,1.4382E+12,4.22855E-07
29897,1.4382E+12,4.22855E-07
29898,1.4382E+12,4.22855E-07
29899,1.4382E+12,4.22855E-07
29900,1.4381E+12,4.22855E-07
29901,1.4381E+12,4.22855E-07
29902,1.4381E+12,4.2286E-07
29903,1.4381E+12,4.2286E-07
29904,1.4381E+12,4.2286E-07
29905,1.4381E+12,4.2286E-07
29906,1.4381E+12,4.2286E-07
29907,1.4381E+12,4.2286E-07
29908,1.438E+12,4.2286E-07
29909,1.438E+12,4.2286E-07
29910,1.438E+12,4.2286E-07
29911,1.438E+12,4.2286E-07
29912,1.438E+12,4.22865E-07
29913,1.438E+12,4.22865E-07
29914,1.438E+12,4.22865E-07
29915,1.438E+12,4.22865E-07
29916,1.4379E+12,4.22865E-07
29917,1.4379E+12,4.22865E-07
29918,1.4379E+12,4.22865E-07
29919,1.4379E+12,4.22865E-07
29920,1.4379E+12,4.22865E-07
29921,1.4379E+12,4.2287E-07
29922,1.4379E+12,4.2287E-07
29923,1.4379E+12,4.2287E-07
29924,1.4378E+12,4.2287E-07
29925,1.4378E+12,4.2287E-07
29926,1.4378E+12,4.2287E-07
29927,1.4378E+12,4.2287E-07
29928,1.4378E+12,4.2287E-07
29929,1.4378E+12,4.2287E-07
29930,1.4378E+12,4.2287E-07
29931,1.4378E+12,4.22875E-07
29932,1.4378E+12,4.22875E-07
29933,1.4377E+12,4.22875E-07
29934,1.4377E+12,4.22875E-07
29935,1.4377E+12,4.22875E-07
29936,1.4377E+12,4.22875E-07
29937,1.4377E+12,4.22875E-07
29938,1.4377E+12,4.22875E-07
29939,1.4377E+12,4.22875E-07
29940,1.4377E+12,4.22875E-07
29941,1.4376E+12,4.2288E-07
29942,1.4376E+12,4.2288E-07
29943,1.4376E+12,4.2288E-07
29944,1.4376E+12,4.2288E-07
29945,1.4376E+12,4.2288E-07
29946,1.4376E+12,4.2288E-07
29947,1.4376E+12,4.2288E-07
29948,1.4376E+12,4.2288E-07
29949,1.4375E+12,4.2288E-07
29950,1.4375E+12,4.2288E-07
29951,1.4375E+12,4.22885E-07
29952,1.4375E+12,4.22885E-07
29953,1.4375E+12,4.22885E-07
29954,1.4375E+12,4.22885E-07
29955,1.4375E+12,4.22885E-07
29956,1.4375E+12,4.22885E-07
29957,1.4374E+12,4.22885E-07
29958,1.4374E+12,4.22885E-07
29959,1.4374E+12,4.22885E-07
29960,1.4374E+12,4.22885E-07
29961,1.4374E+12,4.2289E-07
29962,1.4374E+12,4.2289E-07
29963,1.4374E+12,4.2289E-07
29964,1.4374E+12,4.2289E-07
29965,1.4373E+12,4.2289E-07
29966,1.4373E+12,4.2289E-07
29967,1.4373E+12,4.2289E-07
29968,1.4373E+12,4.2289E-07
29969,1.4373E+12,4.2289E-07
29970,1.4373E+12,4.2289E-07
29971,1.4373E+12,4.22895E-07
29972,1.4373E+12,4.22895E-07
29973,1.4372E+12,4.22895E-07
29974,1.4372E+12,4.22895E-07
29975,1.4372E+12,4.22895E-07
29976,1.4372E+12,4.22895E-07
29977,1.4372E+12,4.22895E-07
29978,1.4372E+12,4.22895E-07
29979,1.4372E+12,4.22895E-07
29980,1.4372E+12,4.229E-07
29981,1.4371E+12,4.229E-07
29982,1.4371E+12,4.229E-07
29983,1.4371E+12,4.229E-07
29984,1.4371E+12,4.229E-07
29985,1.4371E+12,4.229E-07
29986,1.4371E+12,4.229E-07
29987,1.4371E+12,4.229E-07
29988,1.4371E+12,4.229E-07
29989,1.437E+12,4.229E-07
29990,1.437E+12,4.22905E-07
29991,1.437E+12,4.22905E-07
29992,1.437E+12,4.22905E-07
29993,1.437E+12,4.22905E-07
29994,1.437E+12,4.22905E-07
29995,1.437E+12,4.22905E-07
29996,1.437E+12,4.22905E-07
29997,1.437E+12,4.22905E-07
29998,1.4369E+12,4.22905E-07
29999,1.4369E+12,4.22905E-07
30000,1.4369E+12,4.2291E-07
30001,1.4369E+12,4.2291E-07
30002,1.4369E+12,4.2291E-07
30003,1.4369E+12,4.2291E-07
30004,1.4369E+12,4.2291E-07
30005,1.4369E+12,4.2291E-07
30006,1.4368E+12,4.2291E-07
30007,1.4368E+12,4.2291E-07
30008,1.4368E+12,4.2291E-07
30009,1.4368E+12,4.2291E-07
30010,1.4368E+12,4.22915E-07
30011,1.4368E+12,4.22915E-07
30012,1.4368E+12,4.22915E-07
30013,1.4368E+12,4.22915E-07
30014,1.4367E+12,4.22915E-07
30015,1.4367E+12,4.22915E-07
30016,1.4367E+12,4.22915E-07
30017,1.4367E+12,4.22915E-07
30018,1.4367E+12,4.22915E-07
30019,1.4367E+12,4.22915E-07
30020,1.4367E+12,4.2292E-07
30021,1.4367E+12,4.2292E-07
30022,1.4366E+12,4.2292E-07
30023,1.4366E+12,4.2292E-07
30024,1.4366E+12,4.2292E-07
30025,1.4366E+12,4.2292E-07
30026,1.4366E+12,4.2292E-07
30027,1.4366E+12,4.2292E-07
30028,1.4366E+12,4.2292E-07
30029,1.4366E+12,4.2292E-07
30030,1.4365E+12,4.22925E-07
30031,1.4365E+12,4.22925E-07
30032,1.4365E+12,4.22925E-07
30033,1.4365E+12,4.22925E-07
30034,1.4365E+12,4.22925E-07
30035,1.4365E+12,4.22925E-07
30036,1.4365E+12,4.22925E-07
30037,1.4365E+12,4.22925E-07
30038,1.4364E+12,4.22925E-07
30039,1.4364E+12,4.22925E-07
30040,1.4364E+12,4.2293E-07
30041,1.4364E+12,4.2293E-07
30042,1.4364E+12,4.2293E-07
30043,1.4364E+12,4.2293E-07
30044,1.4364E+12,4.2293E-07
30045,1.4364E+12,4.2293E-07
30046,1.4364E+12,4.2293E-07
30047,1.4363E+12,4.2293E-07
30048,1.4363E+12,4.2293E-07
30049,1.4363E+12,4.22935E-07
30050,1.4363E+12,4.22935E-07
30051,1.4363E+12,4.22935E-07
30052,1.4363E+12,4.22935E-07
30053,1.4363E+12,4.22935E-07
30054,1.4363E+12,4.22935E-07
30055,1.4362E+12,4.22935E-07
30056,1.4362E+12,4.22935E-07
30057,1.4362E+12,4.22935E-07
30058,1.4362E+12,4.22935E-07
30059,1.4362E+12,4.2294E-07
30060,1.4362E+12,4.2294E-07
30061,1.4362E+12,4.2294E-07
30062,1.4362E+12,4.2294E-07
30063,1.4361E+12,4.2294E-07
30064,1.4361E+12,4.2294E-07
30065,1.4361E+12,4.2294E-07
30066,1.4361E+12,4.2294E-07
30067,1.4361E+12,4.2294E-07
30068,1.4361E+12,4.2294E-07
30069,1.4361E+12,4.22945E-07
30070,1.4361E+12,4.22945E-07
30071,1.436E+12,4.22945E-07
30072,1.436E+12,4.22945E-07
30073,1.436E+12,4.22945E-07
30074,1.436E+12,4.22945E-07
30075,1.436E+12,4.22945E-07
30076,1.436E+12,4.22945E-07
30077,1.436E+12,4.22945E-07
30078,1.436E+12,4.22945E-07
30079,1.4359E+12,4.2295E-07
30080,1.4359E+12,4.2295E-07
30081,1.4359E+12,4.2295E-07
30082,1.4359E+12,4.2295E-07
30083,1.4359E+12,4.2295E-07
30084,1.4359E+12,4.2295E-07
30085,1.4359E+12,4.2295E-07
30086,1.4359E+12,4.2295E-07
30087,1.4358E+12,4.2295E-07
30088,1.4358E+12,4.2295E-07
30089,1.4358E+12,4.22955E-07
30090,1.4358E+12,4.22955E-07
30091,1.4358E+12,4.22955E-07
30092,1.4358E+12,4.22955E-07
30093,1.4358E+12,4.22955E-07
30094,1.4358E+12,4.22955E-07
30095,1.4358E+12,4.22955E-07
30096,1.4357E+12,4.22955E-07
30097,1.4357E+12,4.22955E-07
30098,1.4357E+12,4.22955E-07
30099,1.4357E+12,4.2296E-07
30100,1.4357E+12,4.2296E-07
30101,1.4357E+12,4.2296E-07
30102,1.4357E+12,4.2296E-07
30103,1.4357E+12,4.2296E-07
30104,1.4356E+12,4.2296E-07
30105,1.4356E+12,4.2296E-07
30106,1.4356E+12,4.2296E-07
30107,1.4356E+12,4.2296E-07
30108,1.4356E+12,4.2296E-07
30109,1.4356E+12,4.22965E-07
30110,1.4356E+12,4.22965E-07
30111,1.4356E+12,4.22965E-07
30112,1.4355E+12,4.22965E-07
30113,1.4355E+12,4.22965E-07
30114,1.4355E+12,4.22965E-07
30115,1.4355E+12,4.22965E-07
30116,1.4355E+12,4.22965E-07
30117,1.4355E+12,4.22965E-07
30118,1.4355E+12,4.22965E-07
30119,1.4355E+12,4.2297E-07
30120,1.4354E+12,4.2297E-07
30121,1.4354E+12,4.2297E-07
30122,1.4354E+12,4.2297E-07
30123,1.4354E+12,4.2297E-07
30124,1.4354E+12,4.2297E-07
30125,1.4354E+12,4.2297E-07
30126,1.4354E+12,4.2297E-07
30127,1.4354E+12,4.2297E-07
30128,1.4353E+12,4.22975E-07
30129,1.4353E+12,4.22975E-07
30130,1.4353E+12,4.22975E-07
30131,1.4353E+12,4.22975E-07
30132,1.4353E+12,4.22975E-07
30133,1.4353E+12,4.22975E-07
30134,1.4353E+12,4.22975E-07
30135,1.4353E+12,4.22975E-07
30136,1.4352E+12,4.22975E-07
30137,1.4352E+12,4.22975E-07
30138,1.4352E+12,4.2298E-07
30139,1.4352E+12,4.2298E-07
30140,1.4352E+12,4.2298E-07
30141,1.4352E+12,4.2298E-07
30142,1.4352E+12,4.2298E-07
30143,1.4352E+12,4.2298E-07
30144,1.4352E+12,4.2298E-07
30145,1.4351E+12,4.2298E-07
30146,1.4351E+12,4.2298E-07
30147,1.4351E+12,4.2298E-07
30148,1.4351E+12,4.22985E-07
30149,1.4351E+12,4.22985E-07
30150,1.4351E+12,4.22985E-07
30151,1.4351E+12,4.22985E-07
30152,1.4351E+12,4.22985E-07
30153,1.435E+12,4.22985E-07
30154,1.435E+12,4.22985E-07
30155,1.435E+12,4.22985E-07
30156,1.435E+12,4.22985E-07
30157,1.435E+12,4.22985E-07
30158,1.435E+12,4.2299E-07
30159,1.435E+12,4.2299E-07
30160,1.435E+12,4.2299E-07
30161,1.4349E+12,4.2299E-07
30162,1.4349E+12,4.2299E-07
30163,1.4349E+12,4.2299E-07
30164,1.4349E+12,4.2299E-07
30165,1.4349E+12,4.2299E-07
30166,1.4349E+12,4.2299E-07
30167,1.4349E+12,4.2299E-07
30168,1.4349E+12,4.22995E-07
30169,1.4348E+12,4.22995E-07
30170,1.4348E+12,4.22995E-07
30171,1.4348E+12,4.22995E-07
30172,1.4348E+12,4.22995E-07
30173,1.4348E+12,4.22995E-07
30174,1.4348E+12,4.22995E-07
30175,1.4348E+12,4.22995E-07
30176,1.4348E+12,4.22995E-07
30177,1.4347E+12,4.22995E-07
30178,1.4347E+12,0.000000423
30179,1.4347E+12,0.000000423
30180,1.4347E+12,0.000000423
30181,1.4347E+12,0.000000423
30182,1.4347E+12,0.000000423
30183,1.4347E+12,0.000000423
30184,1.4347E+12,0.000000423
30185,1.4347E+12,0.000000423
30186,1.4346E+12,0.000000423
30187,1.4346E+12,0.000000423
30188,1.4346E+12,4.23005E-07
30189,1.4346E+12,4.23005E-07
30190,1.4346E+12,4.23005E-07
30191,1.4346E+12,4.23005E-07
30192,1.4346E+12,4.23005E-07
30193,1.4346E+12,4.23005E-07
30194,1.4345E+12,4.23005E-07
30195,1.4345E+12,4.23005E-07
30196,1.4345E+12,4.23005E-07
30197,1.4345E+12,4.23005E-07
30198,1.4345E+12,4.2301E-07
30199,1.4345E+12,4.2301E-07
30200,1.4345E+12,4.2301E-07
30201,1.4345E+12,4.2301E-07
30202,1.4344E+12,4.2301E-07
30203,1.4344E+12,4.2301E-07
30204,1.4344E+12,4.2301E-07
30205,1.4344E+12,4.2301E-07
30206,1.4344E+12,4.2301E-07
30207,1.4344E+12,4.2301E-07
30208,1.4344E+12,4.23015E-07
30209,1.4344E+12,4.23015E-07
30210,1.4343E+12,4.23015E-07
30211,1.4343E+12,4.23015E-07
30212,1.4343E+12,4.23015E-07
30213,1.4343E+12,4.23015E-07
30214,1.4343E+12,4.23015E-07
30215,1.4343E+12,4.23015E-07
30216,1.4343E+12,4.23015E-07
30217,1.4343E+12,4.23015E-07
30218,1.4342E+12,4.2302E-07
30219,1.4342E+12,4.2302E-07
30220,1.4342E+12,4.2302E-07
30221,1.4342E+12,4.2302E-07
30222,1.4342E+12,4.2302E-07
30223,1.4342E+12,4.2302E-07
30224,1.4342E+12,4.2302E-07
30225,1.4342E+12,4.2302E-07
30226,1.4342E+12,4.2302E-07
30227,1.4341E+12,4.2302E-07
30228,1.4341E+12,4.23025E-07
30229,1.4341E+12,4.23025E-07
30230,1.4341E+12,4.23025E-07
30231,1.4341E+12,4.23025E-07
30232,1.4341E+12,4.23025E-07
30233,1.4341E+12,4.23025E-07
30234,1.4341E+12,4.23025E-07
30235,1.434E+12,4.23025E-07
30236,1.434E+12,4.23025E-07
30237,1.434E+12,4.23025E-07
30238,1.434E+12,4.2303E-07
30239,1.434E+12,4.2303E-07
30240,1.434E+12,4.2303E-07
30241,1.434E+12,4.2303E-07
30242,1.434E+12,4.2303E-07
30243,1.4339E+12,4.2303E-07
30244,1.4339E+12,4.2303E-07
30245,1.4339E+12,4.2303E-07
30246,1.4339E+12,4.2303E-07
30247,1.4339E+12,4.23035E-07
30248,1.4339E+12,4.23035E-07
30249,1.4339E+12,4.23035E-07
30250,1.4339E+12,4.23035E-07
30251,1.4338E+12,4.23035E-07
30252,1.4338E+12,4.23035E-07
30253,1.4338E+12,4.23035E-07
30254,1.4338E+12,4.23035E-07
30255,1.4338E+12,4.23035E-07
30256,1.4338E+12,4.23035E-07
30257,1.4338E+12,4.2304E-07
30258,1.4338E+12,4.2304E-07
30259,1.4338E+12,4.2304E-07
30260,1.4337E+12,4.2304E-07
30261,1.4337E+12,4.2304E-07
30262,1.4337E+12,4.2304E-07
30263,1.4337E+12,4.2304E-07
30264,1.4337E+12,4.2304E-07
30265,1.4337E+12,4.2304E-07
30266,1.4337E+12,4.2304E-07
30267,1.4337E+12,4.23045E-07
30268,1.4336E+12,4.23045E-07
30269,1.4336E+12,4.23045E-07
30270,1.4336E+12,4.23045E-07
30271,1.4336E+12,4.23045E-07
30272,1.4336E+12,4.23045E-07
30273,1.4336E+12,4.23045E-07
30274,1.4336E+12,4.23045E-07
30275,1.4336E+12,4.23045E-07
30276,1.4335E+12,4.23045E-07
30277,1.4335E+12,4.2305E-07
30278,1.4335E+12,4.2305E-07
30279,1.4335E+12,4.2305E-07
30280,1.4335E+12,4.2305E-07
30281,1.4335E+12,4.2305E-07
30282,1.4335E+12,4.2305E-07
30283,1.4335E+12,4.2305E-07
30284,1.4334E+12,4.2305E-07
30285,1.4334E+12,4.2305E-07
30286,1.4334E+12,4.2305E-07
30287,1.4334E+12,4.23055E-07
30288,1.4334E+12,4.23055E-07
30289,1.4334E+12,4.23055E-07
30290,1.4334E+12,4.23055E-07
30291,1.4334E+12,4.23055E-07
30292,1.4334E+12,4.23055E-07
30293,1.4333E+12,4.23055E-07
30294,1.4333E+12,4.23055E-07
30295,1.4333E+12,4.23055E-07
30296,1.4333E+12,4.23055E-07
30297,1.4333E+12,4.2306E-07
30298,1.4333E+12,4.2306E-07
30299,1.4333E+12,4.2306E-07
30300,1.4333E+12,4.2306E-07
30301,1.4332E+12,4.2306E-07
30302,1.4332E+12,4.2306E-07
30303,1.4332E+12,4.2306E-07
30304,1.4332E+12,4.2306E-07
30305,1.4332E+12,4.2306E-07
30306,1.4332E+12,4.2306E-07
30307,1.4332E+12,4.23065E-07
30308,1.4332E+12,4.23065E-07
30309,1.4331E+12,4.23065E-07
30310,1.4331E+12,4.23065E-07
30311,1.4331E+12,4.23065E-07
30312,1.4331E+12,4.23065E-07
30313,1.4331E+12,4.23065E-07
30314,1.4331E+12,4.23065E-07
30315,1.4331E+12,4.23065E-07
30316,1.4331E+12,4.23065E-07
30317,1.433E+12,4.2307E-07
30318,1.433E+12,4.2307E-07
30319,1.433E+12,4.2307E-07
30320,1.433E+12,4.2307E-07
30321,1.433E+12,4.2307E-07
30322,1.433E+12,4.2307E-07
30323,1.433E+12,4.2307E-07
30324,1.433E+12,4.2307E-07
30325,1.433E+12,4.2307E-07
30326,1.4329E+12,4.2307E-07
30327,1.4329E+12,4.23075E-07
30328,1.4329E+12,4.23075E-07
30329,1.4329E+12,4.23075E-07
30330,1.4329E+12,4.23075E-07
30331,1.4329E+12,4.23075E-07
30332,1.4329E+12,4.23075E-07
30333,1.4329E+12,4.23075E-07
30334,1.4328E+12,4.23075E-07
30335,1.4328E+12,4.23075E-07
30336,1.4328E+12,4.23075E-07
30337,1.4328E+12,4.2308E-07
30338,1.4328E+12,4.2308E-07
30339,1.4328E+12,4.2308E-07
30340,1.4328E+12,4.2308E-07
30341,1.4328E+12,4.2308E-07
30342,1.4327E+12,4.2308E-07
30343,1.4327E+12,4.2308E-07
30344,1.4327E+12,4.2308E-07
30345,1.4327E+12,4.2308E-07
30346,1.4327E+12,4.2308E-07
30347,1.4327E+12,4.23085E-07
30348,1.4327E+12,4.23085E-07
30349,1.4327E+12,4.23085E-07
30350,1.4326E+12,4.23085E-07
30351,1.4326E+12,4.23085E-07
30352,1.4326E+12,4.23085E-07
30353,1.4326E+12,4.23085E-07
30354,1.4326E+12,4.23085E-07
30355,1.4326E+12,4.23085E-07
30356,1.4326E+12,4.23085E-07
30357,1.4326E+12,4.2309E-07
30358,1.4326E+12,4.2309E-07
30359,1.4325E+12,4.2309E-07
30360,1.4325E+12,4.2309E-07
30361,1.4325E+12,4.2309E-07
30362,1.4325E+12,4.2309E-07
30363,1.4325E+12,4.2309E-07
30364,1.4325E+12,4.2309E-07
30365,1.4325E+12,4.2309E-07
30366,1.4325E+12,4.2309E-07
30367,1.4324E+12,4.23095E-07
30368,1.4324E+12,4.23095E-07
30369,1.4324E+12,4.23095E-07
30370,1.4324E+12,4.23095E-07
30371,1.4324E+12,4.23095E-07
30372,1.4324E+12,4.23095E-07
30373,1.4324E+12,4.23095E-07
30374,1.4324E+12,4.23095E-07
30375,1.4323E+12,4.23095E-07
30376,1.4323E+12,4.23095E-07
30377,1.4323E+12,4.231E-07
30378,1.4323E+12,4.231E-07
30379,1.4323E+12,4.231E-07
30380,1.4323E+12,4.231E-07
30381,1.4323E+12,4.231E-07
30382,1.4323E+12,4.231E-07
30383,1.4322E+12,4.231E-07
30384,1.4322E+12,4.231E-07
30385,1.4322E+12,4.231E-07
30386,1.4322E+12,4.231E-07
30387,1.4322E+12,4.23105E-07
30388,1.4322E+12,4.23105E-07
30389,1.4322E+12,4.23105E-07
30390,1.4322E+12,4.23105E-07
30391,1.4322E+12,4.23105E-07
30392,1.4321E+12,4.23105E-07
30393,1.4321E+12,4.23105E-07
30394,1.4321E+12,4.23105E-07
30395,1.4321E+12,4.23105E-07
30396,1.4321E+12,4.23105E-07
30397,1.4321E+12,4.2311E-07
30398,1.4321E+12,4.2311E-07
30399,1.4321E+12,4.2311E-07
30400,1.432E+12,4.2311E-07
30401,1.432E+12,4.2311E-07
30402,1.432E+12,4.2311E-07
30403,1.432E+12,4.2311E-07
30404,1.432E+12,4.2311E-07
30405,1.432E+12,4.2311E-07
30406,1.432E+12,4.2311E-07
30407,1.432E+12,4.23115E-07
30408,1.4319E+12,4.23115E-07
30409,1.4319E+12,4.23115E-07
30410,1.4319E+12,4.23115E-07
30411,1.4319E+12,4.23115E-07
30412,1.4319E+12,4.23115E-07
30413,1.4319E+12,4.23115E-07
30414,1.4319E+12,4.23115E-07
30415,1.4319E+12,4.23115E-07
30416,1.4319E+12,4.23115E-07
30417,1.4318E+12,4.2312E-07
30418,1.4318E+12,4.2312E-07
30419,1.4318E+12,4.2312E-07
30420,1.4318E+12,4.2312E-07
30421,1.4318E+12,4.2312E-07
30422,1.4318E+12,4.2312E-07
30423,1.4318E+12,4.2312E-07
30424,1.4318E+12,4.2312E-07
30425,1.4317E+12,4.2312E-07
30426,1.4317E+12,4.2312E-07
30427,1.4317E+12,4.23125E-07
30428,1.4317E+12,4.23125E-07
30429,1.4317E+12,4.23125E-07
30430,1.4317E+12,4.23125E-07
30431,1.4317E+12,4.23125E-07
30432,1.4317E+12,4.23125E-07
30433,1.4316E+12,4.23125E-07
30434,1.4316E+12,4.23125E-07
30435,1.4316E+12,4.23125E-07
30436,1.4316E+12,4.23125E-07
30437,1.4316E+12,4.2313E-07
30438,1.4316E+12,4.2313E-07
30439,1.4316E+12,4.2313E-07
30440,1.4316E+12,4.2313E-07
30441,1.4315E+12,4.2313E-07
30442,1.4315E+12,4.2313E-07
30443,1.4315E+12,4.2313E-07
30444,1.4315E+12,4.2313E-07
30445,1.4315E+12,4.2313E-07
30446,1.4315E+12,4.2313E-07
30447,1.4315E+12,4.23135E-07
30448,1.4315E+12,4.23135E-07
30449,1.4315E+12,4.23135E-07
30450,1.4314E+12,4.23135E-07
30451,1.4314E+12,4.23135E-07
30452,1.4314E+12,4.23135E-07
30453,1.4314E+12,4.23135E-07
30454,1.4314E+12,4.23135E-07
30455,1.4314E+12,4.23135E-07
30456,1.4314E+12,4.23135E-07
30457,1.4314E+12,4.2314E-07
30458,1.4313E+12,4.2314E-07
30459,1.4313E+12,4.2314E-07
30460,1.4313E+12,4.2314E-07
30461,1.4313E+12,4.2314E-07
30462,1.4313E+12,4.2314E-07
30463,1.4313E+12,4.2314E-07
30464,1.4313E+12,4.2314E-07
30465,1.4313E+12,4.2314E-07
30466,1.4312E+12,4.2314E-07
30467,1.4312E+12,4.23145E-07
30468,1.4312E+12,4.23145E-07
30469,1.4312E+12,4.23145E-07
30470,1.4312E+12,4.23145E-07
30471,1.4312E+12,4.23145E-07
30472,1.4312E+12,4.23145E-07
30473,1.4312E+12,4.23145E-07
30474,1.4312E+12,4.23145E-07
30475,1.4311E+12,4.23145E-07
30476,1.4311E+12,4.23145E-07
30477,1.4311E+12,4.2315E-07
30478,1.4311E+12,4.2315E-07
30479,1.4311E+12,4.2315E-07
30480,1.4311E+12,4.2315E-07
30481,1.4311E+12,4.2315E-07
30482,1.4311E+12,4.2315E-07
30483,1.431E+12,4.2315E-07
30484,1.431E+12,4.2315E-07
30485,1.431E+12,4.2315E-07
30486,1.431E+12,4.2315E-07
30487,1.431E+12,4.23155E-07
30488,1.431E+12,4.23155E-07
30489,1.431E+12,4.23155E-07
30490,1.431E+12,4.23155E-07
30491,1.4309E+12,4.23155E-07
30492,1.4309E+12,4.23155E-07
30493,1.4309E+12,4.23155E-07
30494,1.4309E+12,4.23155E-07
30495,1.4309E+12,4.23155E-07
30496,1.4309E+12,4.23155E-07
30497,1.4309E+12,4.2316E-07
30498,1.4309E+12,4.2316E-07
30499,1.4309E+12,4.2316E-07
30500,1.4308E+12,4.2316E-07
30501,1.4308E+12,4.2316E-07
30502,1.4308E+12,4.2316E-07
30503,1.4308E+12,4.2316E-07
30504,1.4308E+12,4.2316E-07
30505,1.4308E+12,4.2316E-07
30506,1.4308E+12,4.2316E-07
30507,1.4308E+12,4.23165E-07
30508,1.4307E+12,4.23165E-07
30509,1.4307E+12,4.23165E-07
30510,1.4307E+12,4.23165E-07
30511,1.4307E+12,4.23165E-07
30512,1.4307E+12,4.23165E-07
30513,1.4307E+12,4.23165E-07
30514,1.4307E+12,4.23165E-07
30515,1.4307E+12,4.23165E-07
30516,1.4306E+12,4.23165E-07
30517,1.4306E+12,4.2317E-07
30518,1.4306E+12,4.2317E-07
30519,1.4306E+12,4.2317E-07
30520,1.4306E+12,4.2317E-07
30521,1.4306E+12,4.2317E-07
30522,1.4306E+12,4.2317E-07
30523,1.4306E+12,4.2317E-07
30524,1.4306E+12,4.2317E-07
30525,1.4305E+12,4.2317E-07
30526,1.4305E+12,4.2317E-07
30527,1.4305E+12,4.23175E-07
30528,1.4305E+12,4.23175E-07
30529,1.4305E+12,4.23175E-07
30530,1.4305E+12,4.23175E-07
30531,1.4305E+12,4.23175E-07
30532,1.4305E+12,4.23175E-07
30533,1.4304E+12,4.23175E-07
30534,1.4304E+12,4.23175E-07
30535,1.4304E+12,4.23175E-07
30536,1.4304E+12,4.23175E-07
30537,1.4304E+12,4.2318E-07
30538,1.4304E+12,4.2318E-07
30539,1.4304E+12,4.2318E-07
30540,1.4304E+12,4.2318E-07
30541,1.4303E+12,4.2318E-07
30542,1.4303E+12,4.2318E-07
30543,1.4303E+12,4.2318E-07
30544,1.4303E+12,4.2318E-07
30545,1.4303E+12,4.2318E-07
30546,1.4303E+12,4.2318E-07
30547,1.4303E+12,4.23185E-07
30548,1.4303E+12,4.23185E-07
30549,1.4303E+12,4.23185E-07
30550,1.4302E+12,4.23185E-07
30551,1.4302E+12,4.23185E-07
30552,1.4302E+12,4.23185E-07
30553,1.4302E+12,4.23185E-07
30554,1.4302E+12,4.23185E-07
30555,1.4302E+12,4.23185E-07
30556,1.4302E+12,4.23185E-07
30557,1.4302E+12,4.2319E-07
30558,1.4301E+12,4.2319E-07
30559,1.4301E+12,4.2319E-07
30560,1.4301E+12,4.2319E-07
30561,1.4301E+12,4.2319E-07
30562,1.4301E+12,4.2319E-07
30563,1.4301E+12,4.2319E-07
30564,1.4301E+12,4.2319E-07
30565,1.4301E+12,4.2319E-07
30566,1.43E+12,4.2319E-07
30567,1.43E+12,4.23195E-07
30568,1.43E+12,4.23195E-07
30569,1.43E+12,4.23195E-07
30570,1.43E+12,4.23195E-07
30571,1.43E+12,4.23195E-07
30572,1.43E+12,4.23195E-07
30573,1.43E+12,4.23195E-07
30574,1.43E+12,4.23195E-07
30575,1.4299E+12,4.23195E-07
30576,1.4299E+12,4.23195E-07
30577,1.4299E+12,4.232E-07
30578,1.4299E+12,4.232E-07
30579,1.4299E+12,4.232E-07
30580,1.4299E+12,4.232E-07
30581,1.4299E+12,4.232E-07
30582,1.4299E+12,4.232E-07
30583,1.4298E+12,4.232E-07
30584,1.4298E+12,4.232E-07
30585,1.4298E+12,4.232E-07
30586,1.4298E+12,4.232E-07
30587,1.4298E+12,4.23205E-07
30588,1.4298E+12,4.23205E-07
30589,1.4298E+12,4.23205E-07
30590,1.4298E+12,4.23205E-07
30591,1.4297E+12,4.23205E-07
30592,1.4297E+12,4.23205E-07
30593,1.4297E+12,4.23205E-07
30594,1.4297E+12,4.23205E-07
30595,1.4297E+12,4.23205E-07
30596,1.4297E+12,4.23205E-07
30597,1.4297E+12,4.2321E-07
30598,1.4297E+12,4.2321E-07
30599,1.4297E+12,4.2321E-07
30600,1.4296E+12,4.2321E-07
30601,1.4296E+12,4.2321E-07
30602,1.4296E+12,4.2321E-07
30603,1.4296E+12,4.2321E-07
30604,1.4296E+12,4.2321E-07
30605,1.4296E+12,4.2321E-07
30606,1.4296E+12,4.2321E-07
30607,1.4296E+12,4.23215E-07
30608,1.4295E+12,4.23215E-07
30609,1.4295E+12,4.23215E-07
30610,1.4295E+12,4.23215E-07
30611,1.4295E+12,4.23215E-07
30612,1.4295E+12,4.23215E-07
30613,1.4295E+12,4.23215E-07
30614,1.4295E+12,4.23215E-07
30615,1.4295E+12,4.23215E-07
30616,1.4294E+12,4.23215E-07
30617,1.4294E+12,4.23215E-07
30618,1.4294E+12,4.2322E-07
30619,1.4294E+12,4.2322E-07
30620,1.4294E+12,4.2322E-07
30621,1.4294E+12,4.2322E-07
30622,1.4294E+12,4.2322E-07
30623,1.4294E+12,4.2322E-07
30624,1.4294E+12,4.2322E-07
30625,1.4293E+12,4.2322E-07
30626,1.4293E+12,4.2322E-07
30627,1.4293E+12,4.2322E-07
30628,1.4293E+12,4.23225E-07
30629,1.4293E+12,4.23225E-07
30630,1.4293E+12,4.23225E-07
30631,1.4293E+12,4.23225E-07
30632,1.4293E+12,4.23225E-07
30633,1.4292E+12,4.23225E-07
30634,1.4292E+12,4.23225E-07
30635,1.4292E+12,4.23225E-07
30636,1.4292E+12,4.23225E-07
30637,1.4292E+12,4.23225E-07
30638,1.4292E+12,4.2323E-07
30639,1.4292E+12,4.2323E-07
30640,1.4292E+12,4.2323E-07
30641,1.4291E+12,4.2323E-07
30642,1.4291E+12,4.2323E-07
30643,1.4291E+12,4.2323E-07
30644,1.4291E+12,4.2323E-07
30645,1.4291E+12,4.2323E-07
30646,1.4291E+12,4.2323E-07
30647,1.4291E+12,4.2323E-07
30648,1.4291E+12,4.23235E-07
30649,1.4291E+12,4.23235E-07
30650,1.429E+12,4.23235E-07
30651,1.429E+12,4.23235E-07
30652,1.429E+12,4.23235E-07
30653,1.429E+12,4.23235E-07
30654,1.429E+12,4.23235E-07
30655,1.429E+12,4.23235E-07
30656,1.429E+12,4.23235E-07
30657,1.429E+12,4.23235E-07
30658,1.4289E+12,4.2324E-07
30659,1.4289E+12,4.2324E-07
30660,1.4289E+12,4.2324E-07
30661,1.4289E+12,4.2324E-07
30662,1.4289E+12,4.2324E-07
30663,1.4289E+12,4.2324E-07
30664,1.4289E+12,4.2324E-07
30665,1.4289E+12,4.2324E-07
30666,1.4288E+12,4.2324E-07
30667,1.4288E+12,4.2324E-07
30668,1.4288E+12,4.23245E-07
30669,1.4288E+12,4.23245E-07
30670,1.4288E+12,4.23245E-07
30671,1.4288E+12,4.23245E-07
30672,1.4288E+12,4.23245E-07
30673,1.4288E+12,4.23245E-07
30674,1.4288E+12,4.23245E-07
30675,1.4287E+12,4.23245E-07
30676,1.4287E+12,4.23245E-07
30677,1.4287E+12,4.23245E-07
30678,1.4287E+12,4.2325E-07
30679,1.4287E+12,4.2325E-07
30680,1.4287E+12,4.2325E-07
30681,1.4287E+12,4.2325E-07
30682,1.4287E+12,4.2325E-07
30683,1.4286E+12,4.2325E-07
30684,1.4286E+12,4.2325E-07
30685,1.4286E+12,4.2325E-07
30686,1.4286E+12,4.2325E-07
30687,1.4286E+12,4.2325E-07
30688,1.4286E+12,4.23255E-07
30689,1.4286E+12,4.23255E-07
30690,1.4286E+12,4.23255E-07
30691,1.4286E+12,4.23255E-07
30692,1.4285E+12,4.23255E-07
30693,1.4285E+12,4.23255E-07
30694,1.4285E+12,4.23255E-07
30695,1.4285E+12,4.23255E-07
30696,1.4285E+12,4.23255E-07
30697,1.4285E+12,4.23255E-07
30698,1.4285E+12,4.2326E-07
30699,1.4285E+12,4.2326E-07
30700,1.4284E+12,4.2326E-07
30701,1.4284E+12,4.2326E-07
30702,1.4284E+12,4.2326E-07
30703,1.4284E+12,4.2326E-07
30704,1.4284E+12,4.2326E-07
30705,1.4284E+12,4.2326E-07
30706,1.4284E+12,4.2326E-07
30707,1.4284E+12,4.2326E-07
30708,1.4283E+12,4.23265E-07
30709,1.4283E+12,4.23265E-07
30710,1.4283E+12,4.23265E-07
30711,1.4283E+12,4.23265E-07
30712,1.4283E+12,4.23265E-07
30713,1.4283E+12,4.23265E-07
30714,1.4283E+12,4.23265E-07
30715,1.4283E+12,4.23265E-07
30716,1.4283E+12,4.23265E-07
30717,1.4282E+12,4.23265E-07
30718,1.4282E+12,4.2327E-07
30719,1.4282E+12,4.2327E-07
30720,1.4282E+12,4.2327E-07
30721,1.4282E+12,4.2327E-07
30722,1.4282E+12,4.2327E-07
30723,1.4282E+12,4.2327E-07
30724,1.4282E+12,4.2327E-07
30725,1.4281E+12,4.2327E-07
30726,1.4281E+12,4.2327E-07
30727,1.4281E+12,4.2327E-07
30728,1.4281E+12,4.2327E-07
30729,1.4281E+12,4.23275E-07
30730,1.4281E+12,4.23275E-07
30731,1.4281E+12,4.23275E-07
30732,1.4281E+12,4.23275E-07
30733,1.4281E+12,4.23275E-07
30734,1.428E+12,4.23275E-07
30735,1.428E+12,4.23275E-07
30736,1.428E+12,4.23275E-07
30737,1.428E+12,4.23275E-07
30738,1.428E+12,4.23275E-07
30739,1.428E+12,4.2328E-07
30740,1.428E+12,4.2328E-07
30741,1.428E+12,4.2328E-07
30742,1.4279E+12,4.2328E-07
30743,1.4279E+12,4.2328E-07
30744,1.4279E+12,4.2328E-07
30745,1.4279E+12,4.2328E-07
30746,1.4279E+12,4.2328E-07
30747,1.4279E+12,4.2328E-07
30748,1.4279E+12,4.2328E-07
30749,1.4279E+12,4.23285E-07
30750,1.4278E+12,4.23285E-07
30751,1.4278E+12,4.23285E-07
30752,1.4278E+12,4.23285E-07
30753,1.4278E+12,4.23285E-07
30754,1.4278E+12,4.23285E-07
30755,1.4278E+12,4.23285E-07
30756,1.4278E+12,4.23285E-07
30757,1.4278E+12,4.23285E-07
30758,1.4278E+12,4.23285E-07
30759,1.4277E+12,4.2329E-07
30760,1.4277E+12,4.2329E-07
30761,1.4277E+12,4.2329E-07
30762,1.4277E+12,4.2329E-07
30763,1.4277E+12,4.2329E-07
30764,1.4277E+12,4.2329E-07
30765,1.4277E+12,4.2329E-07
30766,1.4277E+12,4.2329E-07
30767,1.4276E+12,4.2329E-07
30768,1.4276E+12,4.2329E-07
30769,1.4276E+12,4.23295E-07
30770,1.4276E+12,4.23295E-07
30771,1.4276E+12,4.23295E-07
30772,1.4276E+12,4.23295E-07
30773,1.4276E+12,4.23295E-07
30774,1.4276E+12,4.23295E-07
30775,1.4276E+12,4.23295E-07
30776,1.4275E+12,4.23295E-07
30777,1.4275E+12,4.23295E-07
30778,1.4275E+12,4.23295E-07
30779,1.4275E+12,4.233E-07
30780,1.4275E+12,4.233E-07
30781,1.4275E+12,4.233E-07
30782,1.4275E+12,4.233E-07
30783,1.4275E+12,4.233E-07
30784,1.4274E+12,4.233E-07
30785,1.4274E+12,4.233E-07
30786,1.4274E+12,4.233E-07
30787,1.4274E+12,4.233E-07
30788,1.4274E+12,4.233E-07
30789,1.4274E+12,4.23305E-07
30790,1.4274E+12,4.23305E-07
30791,1.4274E+12,4.23305E-07
30792,1.4273E+12,4.23305E-07
30793,1.4273E+12,4.23305E-07
30794,1.4273E+12,4.23305E-07
30795,1.4273E+12,4.23305E-07
30796,1.4273E+12,4.23305E-07
30797,1.4273E+12,4.23305E-07
30798,1.4273E+12,4.23305E-07
30799,1.4273E+12,4.2331E-07
30800,1.4273E+12,4.2331E-07
30801,1.4272E+12,4.2331E-07
30802,1.4272E+12,4.2331E-07
30803,1.4272E+12,4.2331E-07
30804,1.4272E+12,4.2331E-07
30805,1.4272E+12,4.2331E-07
30806,1.4272E+12,4.2331E-07
30807,1.4272E+12,4.2331E-07
30808,1.4272E+12,4.2331E-07
30809,1.4271E+12,4.2331E-07
30810,1.4271E+12,4.23315E-07
30811,1.4271E+12,4.23315E-07
30812,1.4271E+12,4.23315E-07
30813,1.4271E+12,4.23315E-07
30814,1.4271E+12,4.23315E-07
30815,1.4271E+12,4.23315E-07
30816,1.4271E+12,4.23315E-07
30817,1.4271E+12,4.23315E-07
30818,1.427E+12,4.23315E-07
30819,1.427E+12,4.23315E-07
30820,1.427E+12,4.2332E-07
30821,1.427E+12,4.2332E-07
30822,1.427E+12,4.2332E-07
30823,1.427E+12,4.2332E-07
30824,1.427E+12,4.2332E-07
30825,1.427E+12,4.2332E-07
30826,1.4269E+12,4.2332E-07
30827,1.4269E+12,4.2332E-07
30828,1.4269E+12,4.2332E-07
30829,1.4269E+12,4.2332E-07
30830,1.4269E+12,4.23325E-07
30831,1.4269E+12,4.23325E-07
30832,1.4269E+12,4.23325E-07
30833,1.4269E+12,4.23325E-07
30834,1.4269E+12,4.23325E-07
30835,1.4268E+12,4.23325E-07
30836,1.4268E+12,4.23325E-07
30837,1.4268E+12,4.23325E-07
30838,1.4268E+12,4.23325E-07
30839,1.4268E+12,4.23325E-07
30840,1.4268E+12,4.2333E-07
30841,1.4268E+12,4.2333E-07
30842,1.4268E+12,4.2333E-07
30843,1.4267E+12,4.2333E-07
30844,1.4267E+12,4.2333E-07
30845,1.4267E+12,4.2333E-07
30846,1.4267E+12,4.2333E-07
30847,1.4267E+12,4.2333E-07
30848,1.4267E+12,4.2333E-07
30849,1.4267E+12,4.2333E-07
30850,1.4267E+12,4.23335E-07
30851,1.4266E+12,4.23335E-07
30852,1.4266E+12,4.23335E-07
30853,1.4266E+12,4.23335E-07
30854,1.4266E+12,4.23335E-07
30855,1.4266E+12,4.23335E-07
30856,1.4266E+12,4.23335E-07
30857,1.4266E+12,4.23335E-07
30858,1.4266E+12,4.23335E-07
30859,1.4266E+12,4.23335E-07
30860,1.4265E+12,4.2334E-07
30861,1.4265E+12,4.2334E-07
30862,1.4265E+12,4.2334E-07
30863,1.4265E+12,4.2334E-07
30864,1.4265E+12,4.2334E-07
30865,1.4265E+12,4.2334E-07
30866,1.4265E+12,4.2334E-07
30867,1.4265E+12,4.2334E-07
30868,1.4264E+12,4.2334E-07
30869,1.4264E+12,4.2334E-07
30870,1.4264E+12,4.23345E-07
30871,1.4264E+12,4.23345E-07
30872,1.4264E+12,4.23345E-07
30873,1.4264E+12,4.23345E-07
30874,1.4264E+12,4.23345E-07
30875,1.4264E+12,4.23345E-07
30876,1.4264E+12,4.23345E-07
30877,1.4263E+12,4.23345E-07
30878,1.4263E+12,4.23345E-07
30879,1.4263E+12,4.23345E-07
30880,1.4263E+12,4.23345E-07
30881,1.4263E+12,4.2335E-07
30882,1.4263E+12,4.2335E-07
30883,1.4263E+12,4.2335E-07
30884,1.4263E+12,4.2335E-07
30885,1.4262E+12,4.2335E-07
30886,1.4262E+12,4.2335E-07
30887,1.4262E+12,4.2335E-07
30888,1.4262E+12,4.2335E-07
30889,1.4262E+12,4.2335E-07
30890,1.4262E+12,4.2335E-07
30891,1.4262E+12,4.23355E-07
30892,1.4262E+12,4.23355E-07
30893,1.4262E+12,4.23355E-07
30894,1.4261E+12,4.23355E-07
30895,1.4261E+12,4.23355E-07
30896,1.4261E+12,4.23355E-07
30897,1.4261E+12,4.23355E-07
30898,1.4261E+12,4.23355E-07
30899,1.4261E+12,4.23355E-07
30900,1.4261E+12,4.23355E-07
30901,1.4261E+12,4.2336E-07
30902,1.426E+12,4.2336E-07
30903,1.426E+12,4.2336E-07
30904,1.426E+12,4.2336E-07
30905,1.426E+12,4.2336E-07
30906,1.426E+12,4.2336E-07
30907,1.426E+12,4.2336E-07
30908,1.426E+12,4.2336E-07
30909,1.426E+12,4.2336E-07
30910,1.426E+12,4.2336E-07
30911,1.4259E+12,4.23365E-07
30912,1.4259E+12,4.23365E-07
30913,1.4259E+12,4.23365E-07
30914,1.4259E+12,4.23365E-07
30915,1.4259E+12,4.23365E-07
30916,1.4259E+12,4.23365E-07
30917,1.4259E+12,4.23365E-07
30918,1.4259E+12,4.23365E-07
30919,1.4258E+12,4.23365E-07
30920,1.4258E+12,4.23365E-07
30921,1.4258E+12,4.2337E-07
30922,1.4258E+12,4.2337E-07
30923,1.4258E+12,4.2337E-07
30924,1.4258E+12,4.2337E-07
30925,1.4258E+12,4.2337E-07
30926,1.4258E+12,4.2337E-07
30927,1.4257E+12,4.2337E-07
30928,1.4257E+12,4.2337E-07
30929,1.4257E+12,4.2337E-07
30930,1.4257E+12,4.2337E-07
30931,1.4257E+12,4.23375E-07
30932,1.4257E+12,4.23375E-07
30933,1.4257E+12,4.23375E-07
30934,1.4257E+12,4.23375E-07
30935,1.4257E+12,4.23375E-07
30936,1.4256E+12,4.23375E-07
30937,1.4256E+12,4.23375E-07
30938,1.4256E+12,4.23375E-07
30939,1.4256E+12,4.23375E-07
30940,1.4256E+12,4.23375E-07
30941,1.4256E+12,4.23375E-07
30942,1.4256E+12,4.2338E-07
30943,1.4256E+12,4.2338E-07
30944,1.4255E+12,4.2338E-07
30945,1.4255E+12,4.2338E-07
30946,1.4255E+12,4.2338E-07
30947,1.4255E+12,4.2338E-07
30948,1.4255E+12,4.2338E-07
30949,1.4255E+12,4.2338E-07
30950,1.4255E+12,4.2338E-07
30951,1.4255E+12,4.2338E-07
30952,1.4255E+12,4.23385E-07
30953,1.4254E+12,4.23385E-07
30954,1.4254E+12,4.23385E-07
30955,1.4254E+12,4.23385E-07
30956,1.4254E+12,4.23385E-07
30957,1.4254E+12,4.23385E-07
30958,1.4254E+12,4.23385E-07
30959,1.4254E+12,4.23385E-07
30960,1.4254E+12,4.23385E-07
30961,1.4253E+12,4.23385E-07
30962,1.4253E+12,4.2339E-07
30963,1.4253E+12,4.2339E-07
30964,1.4253E+12,4.2339E-07
30965,1.4253E+12,4.2339E-07
30966,1.4253E+12,4.2339E-07
30967,1.4253E+12,4.2339E-07
30968,1.4253E+12,4.2339E-07
30969,1.4253E+12,4.2339E-07
30970,1.4252E+12,4.2339E-07
30971,1.4252E+12,4.2339E-07
30972,1.4252E+12,4.23395E-07
30973,1.4252E+12,4.23395E-07
30974,1.4252E+12,4.23395E-07
30975,1.4252E+12,4.23395E-07
30976,1.4252E+12,4.23395E-07
30977,1.4252E+12,4.23395E-07
30978,1.4251E+12,4.23395E-07
30979,1.4251E+12,4.23395E-07
30980,1.4251E+12,4.23395E-07
30981,1.4251E+12,4.23395E-07
30982,1.4251E+12,4.234E-07
30983,1.4251E+12,4.234E-07
30984,1.4251E+12,4.234E-07
30985,1.4251E+12,4.234E-07
30986,1.4251E+12,4.234E-07
30987,1.425E+12,4.234E-07
30988,1.425E+12,4.234E-07
30989,1.425E+12,4.234E-07
30990,1.425E+12,4.234E-07
30991,1.425E+12,4.234E-07
30992,1.425E+12,4.234E-07
30993,1.425E+12,4.23405E-07
30994,1.425E+12,4.23405E-07
30995,1.4249E+12,4.23405E-07
30996,1.4249E+12,4.23405E-07
30997,1.4249E+12,4.23405E-07
30998,1.4249E+12,4.23405E-07
30999,1.4249E+12,4.23405E-07
31000,1.4249E+12,4.23405E-07
31001,1.4249E+12,4.23405E-07
31002,1.4249E+12,4.23405E-07
31003,1.4249E+12,4.2341E-07
31004,1.4248E+12,4.2341E-07
31005,1.4248E+12,4.2341E-07
31006,1.4248E+12,4.2341E-07
31007,1.4248E+12,4.2341E-07
31008,1.4248E+12,4.2341E-07
31009,1.4248E+12,4.2341E-07
31010,1.4248E+12,4.2341E-07
31011,1.4248E+12,4.2341E-07
31012,1.4247E+12,4.2341E-07
31013,1.4247E+12,4.23415E-07
31014,1.4247E+12,4.23415E-07
31015,1.4247E+12,4.23415E-07
31016,1.4247E+12,4.23415E-07
31017,1.4247E+12,4.23415E-07
31018,1.4247E+12,4.23415E-07
31019,1.4247E+12,4.23415E-07
31020,1.4247E+12,4.23415E-07
31021,1.4246E+12,4.23415E-07
31022,1.4246E+12,4.23415E-07
31023,1.4246E+12,4.2342E-07
31024,1.4246E+12,4.2342E-07
31025,1.4246E+12,4.2342E-07
31026,1.4246E+12,4.2342E-07
31027,1.4246E+12,4.2342E-07
31028,1.4246E+12,4.2342E-07
31029,1.4245E+12,4.2342E-07
31030,1.4245E+12,4.2342E-07
31031,1.4245E+12,4.2342E-07
31032,1.4245E+12,4.2342E-07
31033,1.4245E+12,4.23425E-07
31034,1.4245E+12,4.23425E-07
31035,1.4245E+12,4.23425E-07
31036,1.4245E+12,4.23425E-07
31037,1.4245E+12,4.23425E-07
31038,1.4244E+12,4.23425E-07
31039,1.4244E+12,4.23425E-07
31040,1.4244E+12,4.23425E-07
31041,1.4244E+12,4.23425E-07
31042,1.4244E+12,4.23425E-07
31043,1.4244E+12,4.23425E-07
31044,1.4244E+12,4.2343E-07
31045,1.4244E+12,4.2343E-07
31046,1.4243E+12,4.2343E-07
31047,1.4243E+12,4.2343E-07
31048,1.4243E+12,4.2343E-07
31049,1.4243E+12,4.2343E-07
31050,1.4243E+12,4.2343E-07
31051,1.4243E+12,4.2343E-07
31052,1.4243E+12,4.2343E-07
31053,1.4243E+12,4.2343E-07
31054,1.4243E+12,4.23435E-07
31055,1.4242E+12,4.23435E-07
31056,1.4242E+12,4.23435E-07
31057,1.4242E+12,4.23435E-07
31058,1.4242E+12,4.23435E-07
31059,1.4242E+12,4.23435E-07
31060,1.4242E+12,4.23435E-07
31061,1.4242E+12,4.23435E-07
31062,1.4242E+12,4.23435E-07
31063,1.4241E+12,4.23435E-07
31064,1.4241E+12,4.2344E-07
31065,1.4241E+12,4.2344E-07
31066,1.4241E+12,4.2344E-07
31067,1.4241E+12,4.2344E-07
31068,1.4241E+12,4.2344E-07
31069,1.4241E+12,4.2344E-07
31070,1.4241E+12,4.2344E-07
31071,1.4241E+12,4.2344E-07
31072,1.424E+12,4.2344E-07
31073,1.424E+12,4.2344E-07
31074,1.424E+12,4.23445E-07
31075,1.424E+12,4.23445E-07
31076,1.424E+12,4.23445E-07
31077,1.424E+12,4.23445E-07
31078,1.424E+12,4.23445E-07
31079,1.424E+12,4.23445E-07
31080,1.4239E+12,4.23445E-07
31081,1.4239E+12,4.23445E-07
31082,1.4239E+12,4.23445E-07
31083,1.4239E+12,4.23445E-07
31084,1.4239E+12,4.2345E-07
31085,1.4239E+12,4.2345E-07
31086,1.4239E+12,4.2345E-07
31087,1.4239E+12,4.2345E-07
31088,1.4239E+12,4.2345E-07
31089,1.4238E+12,4.2345E-07
31090,1.4238E+12,4.2345E-07
31091,1.4238E+12,4.2345E-07
31092,1.4238E+12,4.2345E-07
31093,1.4238E+12,4.2345E-07
31094,1.4238E+12,4.2345E-07
31095,1.4238E+12,4.23455E-07
31096,1.4238E+12,4.23455E-07
31097,1.4237E+12,4.23455E-07
31098,1.4237E+12,4.23455E-07
31099,1.4237E+12,4.23455E-07
31100,1.4237E+12,4.23455E-07
31101,1.4237E+12,4.23455E-07
31102,1.4237E+12,4.23455E-07
31103,1.4237E+12,4.23455E-07
31104,1.4237E+12,4.23455E-07
31105,1.4237E+12,4.2346E-07
31106,1.4236E+12,4.2346E-07
31107,1.4236E+12,4.2346E-07
31108,1.4236E+12,4.2346E-07
31109,1.4236E+12,4.2346E-07
31110,1.4236E+12,4.2346E-07
31111,1.4236E+12,4.2346E-07
31112,1.4236E+12,4.2346E-07
31113,1.4236E+12,4.2346E-07
31114,1.4235E+12,4.2346E-07
31115,1.4235E+12,4.23465E-07
31116,1.4235E+12,4.23465E-07
31117,1.4235E+12,4.23465E-07
31118,1.4235E+12,4.23465E-07
31119,1.4235E+12,4.23465E-07
31120,1.4235E+12,4.23465E-07
31121,1.4235E+12,4.23465E-07
31122,1.4235E+12,4.23465E-07
31123,1.4234E+12,4.23465E-07
31124,1.4234E+12,4.23465E-07
31125,1.4234E+12,4.2347E-07
31126,1.4234E+12,4.2347E-07
31127,1.4234E+12,4.2347E-07
31128,1.4234E+12,4.2347E-07
31129,1.4234E+12,4.2347E-07
31130,1.4234E+12,4.2347E-07
31131,1.4233E+12,4.2347E-07
31132,1.4233E+12,4.2347E-07
31133,1.4233E+12,4.2347E-07
31134,1.4233E+12,4.2347E-07
31135,1.4233E+12,4.2347E-07
31136,1.4233E+12,4.23475E-07
31137,1.4233E+12,4.23475E-07
31138,1.4233E+12,4.23475E-07
31139,1.4233E+12,4.23475E-07
31140,1.4232E+12,4.23475E-07
31141,1.4232E+12,4.23475E-07
31142,1.4232E+12,4.23475E-07
31143,1.4232E+12,4.23475E-07
31144,1.4232E+12,4.23475E-07
31145,1.4232E+12,4.23475E-07
31146,1.4232E+12,4.2348E-07
31147,1.4232E+12,4.2348E-07
31148,1.4232E+12,4.2348E-07
31149,1.4231E+12,4.2348E-07
31150,1.4231E+12,4.2348E-07
31151,1.4231E+12,4.2348E-07
31152,1.4231E+12,4.2348E-07
31153,1.4231E+12,4.2348E-07
31154,1.4231E+12,4.2348E-07
31155,1.4231E+12,4.2348E-07
31156,1.4231E+12,4.23485E-07
31157,1.423E+12,4.23485E-07
31158,1.423E+12,4.23485E-07
31159,1.423E+12,4.23485E-07
31160,1.423E+12,4.23485E-07
31161,1.423E+12,4.23485E-07
31162,1.423E+12,4.23485E-07
31163,1.423E+12,4.23485E-07
31164,1.423E+12,4.23485E-07
31165,1.423E+12,4.23485E-07
31166,1.4229E+12,4.2349E-07
31167,1.4229E+12,4.2349E-07
31168,1.4229E+12,4.2349E-07
31169,1.4229E+12,4.2349E-07
31170,1.4229E+12,4.2349E-07
31171,1.4229E+12,4.2349E-07
31172,1.4229E+12,4.2349E-07
31173,1.4229E+12,4.2349E-07
31174,1.4228E+12,4.2349E-07
31175,1.4228E+12,4.2349E-07
31176,1.4228E+12,4.2349E-07
31177,1.4228E+12,4.23495E-07
31178,1.4228E+12,4.23495E-07
31179,1.4228E+12,4.23495E-07
31180,1.4228E+12,4.23495E-07
31181,1.4228E+12,4.23495E-07
31182,1.4228E+12,4.23495E-07
31183,1.4227E+12,4.23495E-07
31184,1.4227E+12,4.23495E-07
31185,1.4227E+12,4.23495E-07
31186,1.4227E+12,4.23495E-07
31187,1.4227E+12,4.235E-07
31188,1.4227E+12,4.235E-07
31189,1.4227E+12,4.235E-07
31190,1.4227E+12,4.235E-07
31191,1.4226E+12,4.235E-07
31192,1.4226E+12,4.235E-07
31193,1.4226E+12,4.235E-07
31194,1.4226E+12,4.235E-07
31195,1.4226E+12,4.235E-07
31196,1.4226E+12,4.235E-07
31197,1.4226E+12,4.23505E-07
31198,1.4226E+12,4.23505E-07
31199,1.4226E+12,4.23505E-07
31200,1.4225E+12,4.23505E-07
31201,1.4225E+12,4.23505E-07
31202,1.4225E+12,4.23505E-07
31203,1.4225E+12,4.23505E-07
31204,1.4225E+12,4.23505E-07
31205,1.4225E+12,4.23505E-07
31206,1.4225E+12,4.23505E-07
31207,1.4225E+12,4.23505E-07
31208,1.4224E+12,4.2351E-07
31209,1.4224E+12,4.2351E-07
31210,1.4224E+12,4.2351E-07
31211,1.4224E+12,4.2351E-07
31212,1.4224E+12,4.2351E-07
31213,1.4224E+12,4.2351E-07
31214,1.4224E+12,4.2351E-07
31215,1.4224E+12,4.2351E-07
31216,1.4224E+12,4.2351E-07
31217,1.4223E+12,4.2351E-07
31218,1.4223E+12,4.23515E-07
31219,1.4223E+12,4.23515E-07
31220,1.4223E+12,4.23515E-07
31221,1.4223E+12,4.23515E-07
31222,1.4223E+12,4.23515E-07
31223,1.4223E+12,4.23515E-07
31224,1.4223E+12,4.23515E-07
31225,1.4223E+12,4.23515E-07
31226,1.4222E+12,4.23515E-07
31227,1.4222E+12,4.23515E-07
31228,1.4222E+12,4.2352E-07
31229,1.4222E+12,4.2352E-07
31230,1.4222E+12,4.2352E-07
31231,1.4222E+12,4.2352E-07
31232,1.4222E+12,4.2352E-07
31233,1.4222E+12,4.2352E-07
31234,1.4221E+12,4.2352E-07
31235,1.4221E+12,4.2352E-07
31236,1.4221E+12,4.2352E-07
31237,1.4221E+12,4.2352E-07
31238,1.4221E+12,4.23525E-07
31239,1.4221E+12,4.23525E-07
31240,1.4221E+12,4.23525E-07
31241,1.4221E+12,4.23525E-07
31242,1.4221E+12,4.23525E-07
31243,1.422E+12,4.23525E-07
31244,1.422E+12,4.23525E-07
31245,1.422E+12,4.23525E-07
31246,1.422E+12,4.23525E-07
31247,1.422E+12,4.23525E-07
31248,1.422E+12,4.23525E-07
31249,1.422E+12,4.2353E-07
31250,1.422E+12,4.2353E-07
31251,1.4219E+12,4.2353E-07
31252,1.4219E+12,4.2353E-07
31253,1.4219E+12,4.2353E-07
31254,1.4219E+12,4.2353E-07
31255,1.4219E+12,4.2353E-07
31256,1.4219E+12,4.2353E-07
31257,1.4219E+12,4.2353E-07
31258,1.4219E+12,4.2353E-07
31259,1.4219E+12,4.23535E-07
31260,1.4218E+12,4.23535E-07
31261,1.4218E+12,4.23535E-07
31262,1.4218E+12,4.23535E-07
31263,1.4218E+12,4.23535E-07
31264,1.4218E+12,4.23535E-07
31265,1.4218E+12,4.23535E-07
31266,1.4218E+12,4.23535E-07
31267,1.4218E+12,4.23535E-07
31268,1.4217E+12,4.23535E-07
31269,1.4217E+12,4.2354E-07
31270,1.4217E+12,4.2354E-07
31271,1.4217E+12,4.2354E-07
31272,1.4217E+12,4.2354E-07
31273,1.4217E+12,4.2354E-07
31274,1.4217E+12,4.2354E-07
31275,1.4217E+12,4.2354E-07
31276,1.4217E+12,4.2354E-07
31277,1.4216E+12,4.2354E-07
31278,1.4216E+12,4.2354E-07
31279,1.4216E+12,4.2354E-07
31280,1.4216E+12,4.23545E-07
31281,1.4216E+12,4.23545E-07
31282,1.4216E+12,4.23545E-07
31283,1.4216E+12,4.23545E-07
31284,1.4216E+12,4.23545E-07
31285,1.4216E+12,4.23545E-07
31286,1.4215E+12,4.23545E-07
31287,1.4215E+12,4.23545E-07
31288,1.4215E+12,4.23545E-07
31289,1.4215E+12,4.23545E-07
31290,1.4215E+12,4.2355E-07
31291,1.4215E+12,4.2355E-07
31292,1.4215E+12,4.2355E-07
31293,1.4215E+12,4.2355E-07
31294,1.4214E+12,4.2355E-07
31295,1.4214E+12,4.2355E-07
31296,1.4214E+12,4.2355E-07
31297,1.4214E+12,4.2355E-07
31298,1.4214E+12,4.2355E-07
31299,1.4214E+12,4.2355E-07
31300,1.4214E+12,4.23555E-07
31301,1.4214E+12,4.23555E-07
31302,1.4214E+12,4.23555E-07
31303,1.4213E+12,4.23555E-07
31304,1.4213E+12,4.23555E-07
31305,1.4213E+12,4.23555E-07
31306,1.4213E+12,4.23555E-07
31307,1.4213E+12,4.23555E-07
31308,1.4213E+12,4.23555E-07
31309,1.4213E+12,4.23555E-07
31310,1.4213E+12,4.23555E-07
31311,1.4212E+12,4.2356E-07
31312,1.4212E+12,4.2356E-07
31313,1.4212E+12,4.2356E-07
31314,1.4212E+12,4.2356E-07
31315,1.4212E+12,4.2356E-07
31316,1.4212E+12,4.2356E-07
31317,1.4212E+12,4.2356E-07
31318,1.4212E+12,4.2356E-07
31319,1.4212E+12,4.2356E-07
31320,1.4211E+12,4.2356E-07
31321,1.4211E+12,4.23565E-07
31322,1.4211E+12,4.23565E-07
31323,1.4211E+12,4.23565E-07
31324,1.4211E+12,4.23565E-07
31325,1.4211E+12,4.23565E-07
31326,1.4211E+12,4.23565E-07
31327,1.4211E+12,4.23565E-07
31328,1.4211E+12,4.23565E-07
31329,1.421E+12,4.23565E-07
31330,1.421E+12,4.23565E-07
31331,1.421E+12,4.2357E-07
31332,1.421E+12,4.2357E-07
31333,1.421E+12,4.2357E-07
31334,1.421E+12,4.2357E-07
31335,1.421E+12,4.2357E-07
31336,1.421E+12,4.2357E-07
31337,1.4209E+12,4.2357E-07
31338,1.4209E+12,4.2357E-07
31339,1.4209E+12,4.2357E-07
31340,1.4209E+12,4.2357E-07
31341,1.4209E+12,4.23575E-07
31342,1.4209E+12,4.23575E-07
31343,1.4209E+12,4.23575E-07
31344,1.4209E+12,4.23575E-07
31345,1.4209E+12,4.23575E-07
31346,1.4208E+12,4.23575E-07
31347,1.4208E+12,4.23575E-07
31348,1.4208E+12,4.23575E-07
31349,1.4208E+12,4.23575E-07
31350,1.4208E+12,4.23575E-07
31351,1.4208E+12,4.23575E-07
31352,1.4208E+12,4.2358E-07
31353,1.4208E+12,4.2358E-07
31354,1.4207E+12,4.2358E-07
31355,1.4207E+12,4.2358E-07
31356,1.4207E+12,4.2358E-07
31357,1.4207E+12,4.2358E-07
31358,1.4207E+12,4.2358E-07
31359,1.4207E+12,4.2358E-07
31360,1.4207E+12,4.2358E-07
31361,1.4207E+12,4.2358E-07
31362,1.4207E+12,4.23585E-07
31363,1.4206E+12,4.23585E-07
31364,1.4206E+12,4.23585E-07
31365,1.4206E+12,4.23585E-07
31366,1.4206E+12,4.23585E-07
31367,1.4206E+12,4.23585E-07
31368,1.4206E+12,4.23585E-07
31369,1.4206E+12,4.23585E-07
31370,1.4206E+12,4.23585E-07
31371,1.4206E+12,4.23585E-07
31372,1.4205E+12,4.2359E-07
31373,1.4205E+12,4.2359E-07
31374,1.4205E+12,4.2359E-07
31375,1.4205E+12,4.2359E-07
31376,1.4205E+12,4.2359E-07
31377,1.4205E+12,4.2359E-07
31378,1.4205E+12,4.2359E-07
31379,1.4205E+12,4.2359E-07
31380,1.4204E+12,4.2359E-07
31381,1.4204E+12,4.2359E-07
31382,1.4204E+12,4.2359E-07
31383,1.4204E+12,4.23595E-07
31384,1.4204E+12,4.23595E-07
31385,1.4204E+12,4.23595E-07
31386,1.4204E+12,4.23595E-07
31387,1.4204E+12,4.23595E-07
31388,1.4204E+12,4.23595E-07
31389,1.4203E+12,4.23595E-07
31390,1.4203E+12,4.23595E-07
31391,1.4203E+12,4.23595E-07
31392,1.4203E+12,4.23595E-07
31393,1.4203E+12,4.236E-07
31394,1.4203E+12,4.236E-07
31395,1.4203E+12,4.236E-07
31396,1.4203E+12,4.236E-07
31397,1.4203E+12,4.236E-07
31398,1.4202E+12,4.236E-07
31399,1.4202E+12,4.236E-07
31400,1.4202E+12,4.236E-07
31401,1.4202E+12,4.236E-07
31402,1.4202E+12,4.236E-07
31403,1.4202E+12,4.23605E-07
31404,1.4202E+12,4.23605E-07
31405,1.4202E+12,4.23605E-07
31406,1.4201E+12,4.23605E-07
31407,1.4201E+12,4.23605E-07
31408,1.4201E+12,4.23605E-07
31409,1.4201E+12,4.23605E-07
31410,1.4201E+12,4.23605E-07
31411,1.4201E+12,4.23605E-07
31412,1.4201E+12,4.23605E-07
31413,1.4201E+12,4.23605E-07
31414,1.4201E+12,4.2361E-07
31415,1.42E+12,4.2361E-07
31416,1.42E+12,4.2361E-07
31417,1.42E+12,4.2361E-07
31418,1.42E+12,4.2361E-07
31419,1.42E+12,4.2361E-07
31420,1.42E+12,4.2361E-07
31421,1.42E+12,4.2361E-07
31422,1.42E+12,4.2361E-07
31423,1.4199E+12,4.2361E-07
31424,1.4199E+12,4.23615E-07
31425,1.4199E+12,4.23615E-07
31426,1.4199E+12,4.23615E-07
31427,1.4199E+12,4.23615E-07
31428,1.4199E+12,4.23615E-07
31429,1.4199E+12,4.23615E-07
31430,1.4199E+12,4.23615E-07
31431,1.4199E+12,4.23615E-07
31432,1.4198E+12,4.23615E-07
31433,1.4198E+12,4.23615E-07
31434,1.4198E+12,4.23615E-07
31435,1.4198E+12,4.2362E-07
31436,1.4198E+12,4.2362E-07
31437,1.4198E+12,4.2362E-07
31438,1.4198E+12,4.2362E-07
31439,1.4198E+12,4.2362E-07
31440,1.4198E+12,4.2362E-07
31441,1.4197E+12,4.2362E-07
31442,1.4197E+12,4.2362E-07
31443,1.4197E+12,4.2362E-07
31444,1.4197E+12,4.2362E-07
31445,1.4197E+12,4.23625E-07
31446,1.4197E+12,4.23625E-07
31447,1.4197E+12,4.23625E-07
31448,1.4197E+12,4.23625E-07
31449,1.4196E+12,4.23625E-07
31450,1.4196E+12,4.23625E-07
31451,1.4196E+12,4.23625E-07
31452,1.4196E+12,4.23625E-07
31453,1.4196E+12,4.23625E-07
31454,1.4196E+12,4.23625E-07
31455,1.4196E+12,4.2363E-07
31456,1.4196E+12,4.2363E-07
31457,1.4196E+12,4.2363E-07
31458,1.4195E+12,4.2363E-07
31459,1.4195E+12,4.2363E-07
31460,1.4195E+12,4.2363E-07
31461,1.4195E+12,4.2363E-07
31462,1.4195E+12,4.2363E-07
31463,1.4195E+12,4.2363E-07
31464,1.4195E+12,4.2363E-07
31465,1.4195E+12,4.2363E-07
31466,1.4195E+12,4.23635E-07
31467,1.4194E+12,4.23635E-07
31468,1.4194E+12,4.23635E-07
31469,1.4194E+12,4.23635E-07
31470,1.4194E+12,4.23635E-07
31471,1.4194E+12,4.23635E-07
31472,1.4194E+12,4.23635E-07
31473,1.4194E+12,4.23635E-07
31474,1.4194E+12,4.23635E-07
31475,1.4193E+12,4.23635E-07
31476,1.4193E+12,4.2364E-07
31477,1.4193E+12,4.2364E-07
31478,1.4193E+12,4.2364E-07
31479,1.4193E+12,4.2364E-07
31480,1.4193E+12,4.2364E-07
31481,1.4193E+12,4.2364E-07
31482,1.4193E+12,4.2364E-07
31483,1.4193E+12,4.2364E-07
31484,1.4192E+12,4.2364E-07
31485,1.4192E+12,4.2364E-07
31486,1.4192E+12,4.23645E-07
31487,1.4192E+12,4.23645E-07
31488,1.4192E+12,4.23645E-07
31489,1.4192E+12,4.23645E-07
31490,1.4192E+12,4.23645E-07
31491,1.4192E+12,4.23645E-07
31492,1.4192E+12,4.23645E-07
31493,1.4191E+12,4.23645E-07
31494,1.4191E+12,4.23645E-07
31495,1.4191E+12,4.23645E-07
31496,1.4191E+12,4.23645E-07
31497,1.4191E+12,4.2365E-07
31498,1.4191E+12,4.2365E-07
31499,1.4191E+12,4.2365E-07
31500,1.4191E+12,4.2365E-07
31501,1.419E+12,4.2365E-07
31502,1.419E+12,4.2365E-07
31503,1.419E+12,4.2365E-07
31504,1.419E+12,4.2365E-07
31505,1.419E+12,4.2365E-07
31506,1.419E+12,4.2365E-07
31507,1.419E+12,4.23655E-07
31508,1.419E+12,4.23655E-07
31509,1.419E+12,4.23655E-07
31510,1.4189E+12,4.23655E-07
31511,1.4189E+12,4.23655E-07
31512,1.4189E+12,4.23655E-07
31513,1.4189E+12,4.23655E-07
31514,1.4189E+12,4.23655E-07
31515,1.4189E+12,4.23655E-07
31516,1.4189E+12,4.23655E-07
31517,1.4189E+12,4.23655E-07
31518,1.4189E+12,4.2366E-07
31519,1.4188E+12,4.2366E-07
31520,1.4188E+12,4.2366E-07
31521,1.4188E+12,4.2366E-07
31522,1.4188E+12,4.2366E-07
31523,1.4188E+12,4.2366E-07
31524,1.4188E+12,4.2366E-07
31525,1.4188E+12,4.2366E-07
31526,1.4188E+12,4.2366E-07
31527,1.4187E+12,4.2366E-07
31528,1.4187E+12,4.23665E-07
31529,1.4187E+12,4.23665E-07
31530,1.4187E+12,4.23665E-07
31531,1.4187E+12,4.23665E-07
31532,1.4187E+12,4.23665E-07
31533,1.4187E+12,4.23665E-07
31534,1.4187E+12,4.23665E-07
31535,1.4187E+12,4.23665E-07
31536,1.4186E+12,4.23665E-07
31537,1.4186E+12,4.23665E-07
31538,1.4186E+12,4.2367E-07
31539,1.4186E+12,4.2367E-07
31540,1.4186E+12,4.2367E-07
31541,1.4186E+12,4.2367E-07
31542,1.4186E+12,4.2367E-07
31543,1.4186E+12,4.2367E-07
31544,1.4186E+12,4.2367E-07
31545,1.4185E+12,4.2367E-07
31546,1.4185E+12,4.2367E-07
31547,1.4185E+12,4.2367E-07
31548,1.4185E+12,4.2367E-07
31549,1.4185E+12,4.23675E-07
31550,1.4185E+12,4.23675E-07
31551,1.4185E+12,4.23675E-07
31552,1.4185E+12,4.23675E-07
31553,1.4184E+12,4.23675E-07
31554,1.4184E+12,4.23675E-07
31555,1.4184E+12,4.23675E-07
31556,1.4184E+12,4.23675E-07
31557,1.4184E+12,4.23675E-07
31558,1.4184E+12,4.23675E-07
31559,1.4184E+12,4.2368E-07
31560,1.4184E+12,4.2368E-07
31561,1.4184E+12,4.2368E-07
31562,1.4183E+12,4.2368E-07
31563,1.4183E+12,4.2368E-07
31564,1.4183E+12,4.2368E-07
31565,1.4183E+12,4.2368E-07
31566,1.4183E+12,4.2368E-07
31567,1.4183E+12,4.2368E-07
31568,1.4183E+12,4.2368E-07
31569,1.4183E+12,4.2368E-07
31570,1.4183E+12,4.23685E-07
31571,1.4182E+12,4.23685E-07
31572,1.4182E+12,4.23685E-07
31573,1.4182E+12,4.23685E-07
31574,1.4182E+12,4.23685E-07
31575,1.4182E+12,4.23685E-07
31576,1.4182E+12,4.23685E-07
31577,1.4182E+12,4.23685E-07
31578,1.4182E+12,4.23685E-07
31579,1.4181E+12,4.23685E-07
31580,1.4181E+12,4.2369E-07
31581,1.4181E+12,4.2369E-07
31582,1.4181E+12,4.2369E-07
31583,1.4181E+12,4.2369E-07
31584,1.4181E+12,4.2369E-07
31585,1.4181E+12,4.2369E-07
31586,1.4181E+12,4.2369E-07
31587,1.4181E+12,4.2369E-07
31588,1.418E+12,4.2369E-07
31589,1.418E+12,4.2369E-07
31590,1.418E+12,4.23695E-07
31591,1.418E+12,4.23695E-07
31592,1.418E+12,4.23695E-07
31593,1.418E+12,4.23695E-07
31594,1.418E+12,4.23695E-07
31595,1.418E+12,4.23695E-07
31596,1.418E+12,4.23695E-07
31597,1.4179E+12,4.23695E-07
31598,1.4179E+12,4.23695E-07
31599,1.4179E+12,4.23695E-07
31600,1.4179E+12,4.23695E-07
31601,1.4179E+12,4.237E-07
31602,1.4179E+12,4.237E-07
31603,1.4179E+12,4.237E-07
31604,1.4179E+12,4.237E-07
31605,1.4179E+12,4.237E-07
31606,1.4178E+12,4.237E-07
31607,1.4178E+12,4.237E-07
31608,1.4178E+12,4.237E-07
31609,1.4178E+12,4.237E-07
31610,1.4178E+12,4.237E-07
31611,1.4178E+12,4.23705E-07
31612,1.4178E+12,4.23705E-07
31613,1.4178E+12,4.23705E-07
31614,1.4177E+12,4.23705E-07
31615,1.4177E+12,4.23705E-07
31616,1.4177E+12,4.23705E-07
31617,1.4177E+12,4.23705E-07
31618,1.4177E+12,4.23705E-07
31619,1.4177E+12,4.23705E-07
31620,1.4177E+12,4.23705E-07
31621,1.4177E+12,4.23705E-07
31622,1.4177E+12,4.2371E-07
31623,1.4176E+12,4.2371E-07
31624,1.4176E+12,4.2371E-07
31625,1.4176E+12,4.2371E-07
31626,1.4176E+12,4.2371E-07
31627,1.4176E+12,4.2371E-07
31628,1.4176E+12,4.2371E-07
31629,1.4176E+12,4.2371E-07
31630,1.4176E+12,4.2371E-07
31631,1.4176E+12,4.2371E-07
31632,1.4175E+12,4.23715E-07
31633,1.4175E+12,4.23715E-07
31634,1.4175E+12,4.23715E-07
31635,1.4175E+12,4.23715E-07
31636,1.4175E+12,4.23715E-07
31637,1.4175E+12,4.23715E-07
31638,1.4175E+12,4.23715E-07
31639,1.4175E+12,4.23715E-07
31640,1.4174E+12,4.23715E-07
31641,1.4174E+12,4.23715E-07
31642,1.4174E+12,4.2372E-07
31643,1.4174E+12,4.2372E-07
31644,1.4174E+12,4.2372E-07
31645,1.4174E+12,4.2372E-07
31646,1.4174E+12,4.2372E-07
31647,1.4174E+12,4.2372E-07
31648,1.4174E+12,4.2372E-07
31649,1.4173E+12,4.2372E-07
31650,1.4173E+12,4.2372E-07
31651,1.4173E+12,4.2372E-07
31652,1.4173E+12,4.2372E-07
31653,1.4173E+12,4.23725E-07
31654,1.4173E+12,4.23725E-07
31655,1.4173E+12,4.23725E-07
31656,1.4173E+12,4.23725E-07
31657,1.4173E+12,4.23725E-07
31658,1.4172E+12,4.23725E-07
31659,1.4172E+12,4.23725E-07
31660,1.4172E+12,4.23725E-07
31661,1.4172E+12,4.23725E-07
31662,1.4172E+12,4.23725E-07
31663,1.4172E+12,4.2373E-07
31664,1.4172E+12,4.2373E-07
31665,1.4172E+12,4.2373E-07
31666,1.4172E+12,4.2373E-07
31667,1.4171E+12,4.2373E-07
31668,1.4171E+12,4.2373E-07
31669,1.4171E+12,4.2373E-07
31670,1.4171E+12,4.2373E-07
31671,1.4171E+12,4.2373E-07
31672,1.4171E+12,4.2373E-07
31673,1.4171E+12,4.2373E-07
31674,1.4171E+12,4.23735E-07
31675,1.417E+12,4.23735E-07
31676,1.417E+12,4.23735E-07
31677,1.417E+12,4.23735E-07
31678,1.417E+12,4.23735E-07
31679,1.417E+12,4.23735E-07
31680,1.417E+12,4.23735E-07
31681,1.417E+12,4.23735E-07
31682,1.417E+12,4.23735E-07
31683,1.417E+12,4.23735E-07
31684,1.4169E+12,4.2374E-07
31685,1.4169E+12,4.2374E-07
31686,1.4169E+12,4.2374E-07
31687,1.4169E+12,4.2374E-07
31688,1.4169E+12,4.2374E-07
31689,1.4169E+12,4.2374E-07
31690,1.4169E+12,4.2374E-07
31691,1.4169E+12,4.2374E-07
31692,1.4169E+12,4.2374E-07
31693,1.4168E+12,4.2374E-07
31694,1.4168E+12,4.2374E-07
31695,1.4168E+12,4.23745E-07
31696,1.4168E+12,4.23745E-07
31697,1.4168E+12,4.23745E-07
31698,1.4168E+12,4.23745E-07
31699,1.4168E+12,4.23745E-07
31700,1.4168E+12,4.23745E-07
31701,1.4167E+12,4.23745E-07
31702,1.4167E+12,4.23745E-07
31703,1.4167E+12,4.23745E-07
31704,1.4167E+12,4.23745E-07
31705,1.4167E+12,4.2375E-07
31706,1.4167E+12,4.2375E-07
31707,1.4167E+12,4.2375E-07
31708,1.4167E+12,4.2375E-07
31709,1.4167E+12,4.2375E-07
31710,1.4166E+12,4.2375E-07
31711,1.4166E+12,4.2375E-07
31712,1.4166E+12,4.2375E-07
31713,1.4166E+12,4.2375E-07
31714,1.4166E+12,4.2375E-07
31715,1.4166E+12,4.2375E-07
31716,1.4166E+12,4.23755E-07
31717,1.4166E+12,4.23755E-07
31718,1.4166E+12,4.23755E-07
31719,1.4165E+12,4.23755E-07
31720,1.4165E+12,4.23755E-07
31721,1.4165E+12,4.23755E-07
31722,1.4165E+12,4.23755E-07
31723,1.4165E+12,4.23755E-07
31724,1.4165E+12,4.23755E-07
31725,1.4165E+12,4.23755E-07
31726,1.4165E+12,4.2376E-07
31727,1.4165E+12,4.2376E-07
31728,1.4164E+12,4.2376E-07
31729,1.4164E+12,4.2376E-07
31730,1.4164E+12,4.2376E-07
31731,1.4164E+12,4.2376E-07
31732,1.4164E+12,4.2376E-07
31733,1.4164E+12,4.2376E-07
31734,1.4164E+12,4.2376E-07
31735,1.4164E+12,4.2376E-07
31736,1.4163E+12,4.23765E-07
31737,1.4163E+12,4.23765E-07
31738,1.4163E+12,4.23765E-07
31739,1.4163E+12,4.23765E-07
31740,1.4163E+12,4.23765E-07
31741,1.4163E+12,4.23765E-07
31742,1.4163E+12,4.23765E-07
31743,1.4163E+12,4.23765E-07
31744,1.4163E+12,4.23765E-07
31745,1.4162E+12,4.23765E-07
31746,1.4162E+12,4.23765E-07
31747,1.4162E+12,4.2377E-07
31748,1.4162E+12,4.2377E-07
31749,1.4162E+12,4.2377E-07
31750,1.4162E+12,4.2377E-07
31751,1.4162E+12,4.2377E-07
31752,1.4162E+12,4.2377E-07
31753,1.4162E+12,4.2377E-07
31754,1.4161E+12,4.2377E-07
31755,1.4161E+12,4.2377E-07
31756,1.4161E+12,4.2377E-07
31757,1.4161E+12,4.23775E-07
31758,1.4161E+12,4.23775E-07
31759,1.4161E+12,4.23775E-07
31760,1.4161E+12,4.23775E-07
31761,1.4161E+12,4.23775E-07
31762,1.4161E+12,4.23775E-07
31763,1.416E+12,4.23775E-07
31764,1.416E+12,4.23775E-07
31765,1.416E+12,4.23775E-07
31766,1.416E+12,4.23775E-07
31767,1.416E+12,4.23775E-07
31768,1.416E+12,4.2378E-07
31769,1.416E+12,4.2378E-07
31770,1.416E+12,4.2378E-07
31771,1.4159E+12,4.2378E-07
31772,1.4159E+12,4.2378E-07
31773,1.4159E+12,4.2378E-07
31774,1.4159E+12,4.2378E-07
31775,1.4159E+12,4.2378E-07
31776,1.4159E+12,4.2378E-07
31777,1.4159E+12,4.2378E-07
31778,1.4159E+12,4.23785E-07
31779,1.4159E+12,4.23785E-07
31780,1.4158E+12,4.23785E-07
31781,1.4158E+12,4.23785E-07
31782,1.4158E+12,4.23785E-07
31783,1.4158E+12,4.23785E-07
31784,1.4158E+12,4.23785E-07
31785,1.4158E+12,4.23785E-07
31786,1.4158E+12,4.23785E-07
31787,1.4158E+12,4.23785E-07
31788,1.4158E+12,4.23785E-07
31789,1.4157E+12,4.2379E-07
31790,1.4157E+12,4.2379E-07
31791,1.4157E+12,4.2379E-07
31792,1.4157E+12,4.2379E-07
31793,1.4157E+12,4.2379E-07
31794,1.4157E+12,4.2379E-07
31795,1.4157E+12,4.2379E-07
31796,1.4157E+12,4.2379E-07
31797,1.4157E+12,4.2379E-07
31798,1.4156E+12,4.2379E-07
31799,1.4156E+12,4.23795E-07
31800,1.4156E+12,4.23795E-07
31801,1.4156E+12,4.23795E-07
31802,1.4156E+12,4.23795E-07
31803,1.4156E+12,4.23795E-07
31804,1.4156E+12,4.23795E-07
31805,1.4156E+12,4.23795E-07
31806,1.4156E+12,4.23795E-07
31807,1.4155E+12,4.23795E-07
31808,1.4155E+12,4.23795E-07
31809,1.4155E+12,4.23795E-07
31810,1.4155E+12,4.238E-07
31811,1.4155E+12,4.238E-07
31812,1.4155E+12,4.238E-07
31813,1.4155E+12,4.238E-07
31814,1.4155E+12,4.238E-07
31815,1.4154E+12,4.238E-07
31816,1.4154E+12,4.238E-07
31817,1.4154E+12,4.238E-07
31818,1.4154E+12,4.238E-07
31819,1.4154E+12,4.238E-07
31820,1.4154E+12,4.23805E-07
31821,1.4154E+12,4.23805E-07
31822,1.4154E+12,4.23805E-07
31823,1.4154E+12,4.23805E-07
31824,1.4153E+12,4.23805E-07
31825,1.4153E+12,4.23805E-07
31826,1.4153E+12,4.23805E-07
31827,1.4153E+12,4.23805E-07
31828,1.4153E+12,4.23805E-07
31829,1.4153E+12,4.23805E-07
31830,1.4153E+12,4.23805E-07
31831,1.4153E+12,4.2381E-07
31832,1.4153E+12,4.2381E-07
31833,1.4152E+12,4.2381E-07
31834,1.4152E+12,4.2381E-07
31835,1.4152E+12,4.2381E-07
31836,1.4152E+12,4.2381E-07
31837,1.4152E+12,4.2381E-07
31838,1.4152E+12,4.2381E-07
31839,1.4152E+12,4.2381E-07
31840,1.4152E+12,4.2381E-07
31841,1.4152E+12,4.23815E-07
31842,1.4151E+12,4.23815E-07
31843,1.4151E+12,4.23815E-07
31844,1.4151E+12,4.23815E-07
31845,1.4151E+12,4.23815E-07
31846,1.4151E+12,4.23815E-07
31847,1.4151E+12,4.23815E-07
31848,1.4151E+12,4.23815E-07
31849,1.4151E+12,4.23815E-07
31850,1.415E+12,4.23815E-07
31851,1.415E+12,4.23815E-07
31852,1.415E+12,4.2382E-07
31853,1.415E+12,4.2382E-07
31854,1.415E+12,4.2382E-07
31855,1.415E+12,4.2382E-07
31856,1.415E+12,4.2382E-07
31857,1.415E+12,4.2382E-07
31858,1.415E+12,4.2382E-07
31859,1.4149E+12,4.2382E-07
31860,1.4149E+12,4.2382E-07
31861,1.4149E+12,4.2382E-07
31862,1.4149E+12,4.23825E-07
31863,1.4149E+12,4.23825E-07
31864,1.4149E+12,4.23825E-07
31865,1.4149E+12,4.23825E-07
31866,1.4149E+12,4.23825E-07
31867,1.4149E+12,4.23825E-07
31868,1.4148E+12,4.23825E-07
31869,1.4148E+12,4.23825E-07
31870,1.4148E+12,4.23825E-07
31871,1.4148E+12,4.23825E-07
31872,1.4148E+12,4.23825E-07
31873,1.4148E+12,4.2383E-07
31874,1.4148E+12,4.2383E-07
31875,1.4148E+12,4.2383E-07
31876,1.4148E+12,4.2383E-07
31877,1.4147E+12,4.2383E-07
31878,1.4147E+12,4.2383E-07
31879,1.4147E+12,4.2383E-07
31880,1.4147E+12,4.2383E-07
31881,1.4147E+12,4.2383E-07
31882,1.4147E+12,4.2383E-07
31883,1.4147E+12,4.23835E-07
31884,1.4147E+12,4.23835E-07
31885,1.4147E+12,4.23835E-07
31886,1.4146E+12,4.23835E-07
31887,1.4146E+12,4.23835E-07
31888,1.4146E+12,4.23835E-07
31889,1.4146E+12,4.23835E-07
31890,1.4146E+12,4.23835E-07
31891,1.4146E+12,4.23835E-07
31892,1.4146E+12,4.23835E-07
31893,1.4146E+12,4.23835E-07
31894,1.4145E+12,4.2384E-07
31895,1.4145E+12,4.2384E-07
31896,1.4145E+12,4.2384E-07
31897,1.4145E+12,4.2384E-07
31898,1.4145E+12,4.2384E-07
31899,1.4145E+12,4.2384E-07
31900,1.4145E+12,4.2384E-07
31901,1.4145E+12,4.2384E-07
31902,1.4145E+12,4.2384E-07
31903,1.4144E+12,4.2384E-07
31904,1.4144E+12,4.23845E-07
31905,1.4144E+12,4.23845E-07
31906,1.4144E+12,4.23845E-07
31907,1.4144E+12,4.23845E-07
31908,1.4144E+12,4.23845E-07
31909,1.4144E+12,4.23845E-07
31910,1.4144E+12,4.23845E-07
31911,1.4144E+12,4.23845E-07
31912,1.4143E+12,4.23845E-07
31913,1.4143E+12,4.23845E-07
31914,1.4143E+12,4.23845E-07
31915,1.4143E+12,4.2385E-07
31916,1.4143E+12,4.2385E-07
31917,1.4143E+12,4.2385E-07
31918,1.4143E+12,4.2385E-07
31919,1.4143E+12,4.2385E-07
31920,1.4143E+12,4.2385E-07
31921,1.4142E+12,4.2385E-07
31922,1.4142E+12,4.2385E-07
31923,1.4142E+12,4.2385E-07
31924,1.4142E+12,4.2385E-07
31925,1.4142E+12,4.23855E-07
31926,1.4142E+12,4.23855E-07
31927,1.4142E+12,4.23855E-07
31928,1.4142E+12,4.23855E-07
31929,1.4142E+12,4.23855E-07
31930,1.4141E+12,4.23855E-07
31931,1.4141E+12,4.23855E-07
31932,1.4141E+12,4.23855E-07
31933,1.4141E+12,4.23855E-07
31934,1.4141E+12,4.23855E-07
31935,1.4141E+12,4.23855E-07
31936,1.4141E+12,4.2386E-07
31937,1.4141E+12,4.2386E-07
31938,1.414E+12,4.2386E-07
31939,1.414E+12,4.2386E-07
31940,1.414E+12,4.2386E-07
31941,1.414E+12,4.2386E-07
31942,1.414E+12,4.2386E-07
31943,1.414E+12,4.2386E-07
31944,1.414E+12,4.2386E-07
31945,1.414E+12,4.2386E-07
31946,1.414E+12,4.2386E-07
31947,1.4139E+12,4.23865E-07
31948,1.4139E+12,4.23865E-07
31949,1.4139E+12,4.23865E-07
31950,1.4139E+12,4.23865E-07
31951,1.4139E+12,4.23865E-07
31952,1.4139E+12,4.23865E-07
31953,1.4139E+12,4.23865E-07
31954,1.4139E+12,4.23865E-07
31955,1.4139E+12,4.23865E-07
31956,1.4138E+12,4.23865E-07
31957,1.4138E+12,4.2387E-07
31958,1.4138E+12,4.2387E-07
31959,1.4138E+12,4.2387E-07
31960,1.4138E+12,4.2387E-07
31961,1.4138E+12,4.2387E-07
31962,1.4138E+12,4.2387E-07
31963,1.4138E+12,4.2387E-07
31964,1.4138E+12,4.2387E-07
31965,1.4137E+12,4.2387E-07
31966,1.4137E+12,4.2387E-07
31967,1.4137E+12,4.2387E-07
31968,1.4137E+12,4.23875E-07
31969,1.4137E+12,4.23875E-07
31970,1.4137E+12,4.23875E-07
31971,1.4137E+12,4.23875E-07
31972,1.4137E+12,4.23875E-07
31973,1.4137E+12,4.23875E-07
31974,1.4136E+12,4.23875E-07
31975,1.4136E+12,4.23875E-07
31976,1.4136E+12,4.23875E-07
31977,1.4136E+12,4.23875E-07
31978,1.4136E+12,4.2388E-07
31979,1.4136E+12,4.2388E-07
31980,1.4136E+12,4.2388E-07
31981,1.4136E+12,4.2388E-07
31982,1.4136E+12,4.2388E-07
31983,1.4135E+12,4.2388E-07
31984,1.4135E+12,4.2388E-07
31985,1.4135E+12,4.2388E-07
31986,1.4135E+12,4.2388E-07
31987,1.4135E+12,4.2388E-07
31988,1.4135E+12,4.2388E-07
31989,1.4135E+12,4.23885E-07
31990,1.4135E+12,4.23885E-07
31991,1.4134E+12,4.23885E-07
31992,1.4134E+12,4.23885E-07
31993,1.4134E+12,4.23885E-07
31994,1.4134E+12,4.23885E-07
31995,1.4134E+12,4.23885E-07
31996,1.4134E+12,4.23885E-07
31997,1.4134E+12,4.23885E-07
31998,1.4134E+12,4.23885E-07
31999,1.4134E+12,4.2389E-07
32000,1.4133E+12,4.2389E-07
32001,1.4133E+12,4.2389E-07
32002,1.4133E+12,4.2389E-07
32003,1.4133E+12,4.2389E-07
32004,1.4133E+12,4.2389E-07
32005,1.4133E+12,4.2389E-07
32006,1.4133E+12,4.2389E-07
32007,1.4133E+12,4.2389E-07
32008,1.4133E+12,4.2389E-07
32009,1.4132E+12,4.2389E-07
32010,1.4132E+12,4.23895E-07
32011,1.4132E+12,4.23895E-07
32012,1.4132E+12,4.23895E-07
32013,1.4132E+12,4.23895E-07
32014,1.4132E+12,4.23895E-07
32015,1.4132E+12,4.23895E-07
32016,1.4132E+12,4.23895E-07
32017,1.4132E+12,4.23895E-07
32018,1.4131E+12,4.23895E-07
32019,1.4131E+12,4.23895E-07
32020,1.4131E+12,4.239E-07
32021,1.4131E+12,4.239E-07
32022,1.4131E+12,4.239E-07
32023,1.4131E+12,4.239E-07
32024,1.4131E+12,4.239E-07
32025,1.4131E+12,4.239E-07
32026,1.4131E+12,4.239E-07
32027,1.413E+12,4.239E-07
32028,1.413E+12,4.239E-07
32029,1.413E+12,4.239E-07
32030,1.413E+12,4.239E-07
32031,1.413E+12,4.23905E-07
32032,1.413E+12,4.23905E-07
32033,1.413E+12,4.23905E-07
32034,1.413E+12,4.23905E-07
32035,1.413E+12,4.23905E-07
32036,1.4129E+12,4.23905E-07
32037,1.4129E+12,4.23905E-07
32038,1.4129E+12,4.23905E-07
32039,1.4129E+12,4.23905E-07
32040,1.4129E+12,4.23905E-07
32041,1.4129E+12,4.23905E-07
32042,1.4129E+12,4.2391E-07
32043,1.4129E+12,4.2391E-07
32044,1.4129E+12,4.2391E-07
32045,1.4128E+12,4.2391E-07
32046,1.4128E+12,4.2391E-07
32047,1.4128E+12,4.2391E-07
32048,1.4128E+12,4.2391E-07
32049,1.4128E+12,4.2391E-07
32050,1.4128E+12,4.2391E-07
32051,1.4128E+12,4.2391E-07
32052,1.4128E+12,4.23915E-07
32053,1.4127E+12,4.23915E-07
32054,1.4127E+12,4.23915E-07
32055,1.4127E+12,4.23915E-07
32056,1.4127E+12,4.23915E-07
32057,1.4127E+12,4.23915E-07
32058,1.4127E+12,4.23915E-07
32059,1.4127E+12,4.23915E-07
32060,1.4127E+12,4.23915E-07
32061,1.4127E+12,4.23915E-07
32062,1.4126E+12,4.23915E-07
32063,1.4126E+12,4.2392E-07
32064,1.4126E+12,4.2392E-07
32065,1.4126E+12,4.2392E-07
32066,1.4126E+12,4.2392E-07
32067,1.4126E+12,4.2392E-07
32068,1.4126E+12,4.2392E-07
32069,1.4126E+12,4.2392E-07
32070,1.4126E+12,4.2392E-07
32071,1.4125E+12,4.2392E-07
32072,1.4125E+12,4.2392E-07
32073,1.4125E+12,4.23925E-07
32074,1.4125E+12,4.23925E-07
32075,1.4125E+12,4.23925E-07
32076,1.4125E+12,4.23925E-07
32077,1.4125E+12,4.23925E-07
32078,1.4125E+12,4.23925E-07
32079,1.4125E+12,4.23925E-07
32080,1.4124E+12,4.23925E-07
32081,1.4124E+12,4.23925E-07
32082,1.4124E+12,4.23925E-07
32083,1.4124E+12,4.23925E-07
32084,1.4124E+12,4.2393E-07
32085,1.4124E+12,4.2393E-07
32086,1.4124E+12,4.2393E-07
32087,1.4124E+12,4.2393E-07
32088,1.4124E+12,4.2393E-07
32089,1.4123E+12,4.2393E-07
32090,1.4123E+12,4.2393E-07
32091,1.4123E+12,4.2393E-07
32092,1.4123E+12,4.2393E-07
32093,1.4123E+12,4.2393E-07
32094,1.4123E+12,4.23935E-07
32095,1.4123E+12,4.23935E-07
32096,1.4123E+12,4.23935E-07
32097,1.4123E+12,4.23935E-07
32098,1.4122E+12,4.23935E-07
32099,1.4122E+12,4.23935E-07
32100,1.4122E+12,4.23935E-07
32101,1.4122E+12,4.23935E-07
32102,1.4122E+12,4.23935E-07
32103,1.4122E+12,4.23935E-07
32104,1.4122E+12,4.23935E-07
32105,1.4122E+12,4.2394E-07
32106,1.4122E+12,4.2394E-07
32107,1.4121E+12,4.2394E-07
32108,1.4121E+12,4.2394E-07
32109,1.4121E+12,4.2394E-07
32110,1.4121E+12,4.2394E-07
32111,1.4121E+12,4.2394E-07
32112,1.4121E+12,4.2394E-07
32113,1.4121E+12,4.2394E-07
32114,1.4121E+12,4.2394E-07
32115,1.412E+12,4.2394E-07
32116,1.412E+12,4.23945E-07
32117,1.412E+12,4.23945E-07
32118,1.412E+12,4.23945E-07
32119,1.412E+12,4.23945E-07
32120,1.412E+12,4.23945E-07
32121,1.412E+12,4.23945E-07
32122,1.412E+12,4.23945E-07
32123,1.412E+12,4.23945E-07
32124,1.4119E+12,4.23945E-07
32125,1.4119E+12,4.23945E-07
32126,1.4119E+12,4.2395E-07
32127,1.4119E+12,4.2395E-07
32128,1.4119E+12,4.2395E-07
32129,1.4119E+12,4.2395E-07
32130,1.4119E+12,4.2395E-07
32131,1.4119E+12,4.2395E-07
32132,1.4119E+12,4.2395E-07
32133,1.4118E+12,4.2395E-07
32134,1.4118E+12,4.2395E-07
32135,1.4118E+12,4.2395E-07
32136,1.4118E+12,4.2395E-07
32137,1.4118E+12,4.23955E-07
32138,1.4118E+12,4.23955E-07
32139,1.4118E+12,4.23955E-07
32140,1.4118E+12,4.23955E-07
32141,1.4118E+12,4.23955E-07
32142,1.4117E+12,4.23955E-07
32143,1.4117E+12,4.23955E-07
32144,1.4117E+12,4.23955E-07
32145,1.4117E+12,4.23955E-07
32146,1.4117E+12,4.23955E-07
32147,1.4117E+12,4.2396E-07
32148,1.4117E+12,4.2396E-07
32149,1.4117E+12,4.2396E-07
32150,1.4117E+12,4.2396E-07
32151,1.4116E+12,4.2396E-07
32152,1.4116E+12,4.2396E-07
32153,1.4116E+12,4.2396E-07
32154,1.4116E+12,4.2396E-07
32155,1.4116E+12,4.2396E-07
32156,1.4116E+12,4.2396E-07
32157,1.4116E+12,4.2396E-07
32158,1.4116E+12,4.23965E-07
32159,1.4116E+12,4.23965E-07
32160,1.4115E+12,4.23965E-07
32161,1.4115E+12,4.23965E-07
32162,1.4115E+12,4.23965E-07
32163,1.4115E+12,4.23965E-07
32164,1.4115E+12,4.23965E-07
32165,1.4115E+12,4.23965E-07
32166,1.4115E+12,4.23965E-07
32167,1.4115E+12,4.23965E-07
32168,1.4115E+12,4.23965E-07
32169,1.4114E+12,4.2397E-07
32170,1.4114E+12,4.2397E-07
32171,1.4114E+12,4.2397E-07
32172,1.4114E+12,4.2397E-07
32173,1.4114E+12,4.2397E-07
32174,1.4114E+12,4.2397E-07
32175,1.4114E+12,4.2397E-07
32176,1.4114E+12,4.2397E-07
32177,1.4114E+12,4.2397E-07
32178,1.4113E+12,4.2397E-07
32179,1.4113E+12,4.23975E-07
32180,1.4113E+12,4.23975E-07
32181,1.4113E+12,4.23975E-07
32182,1.4113E+12,4.23975E-07
32183,1.4113E+12,4.23975E-07
32184,1.4113E+12,4.23975E-07
32185,1.4113E+12,4.23975E-07
32186,1.4113E+12,4.23975E-07
32187,1.4112E+12,4.23975E-07
32188,1.4112E+12,4.23975E-07
32189,1.4112E+12,4.23975E-07
32190,1.4112E+12,4.2398E-07
32191,1.4112E+12,4.2398E-07
32192,1.4112E+12,4.2398E-07
32193,1.4112E+12,4.2398E-07
32194,1.4112E+12,4.2398E-07
32195,1.4112E+12,4.2398E-07
32196,1.4111E+12,4.2398E-07
32197,1.4111E+12,4.2398E-07
32198,1.4111E+12,4.2398E-07
32199,1.4111E+12,4.2398E-07
32200,1.4111E+12,4.2398E-07
32201,1.4111E+12,4.23985E-07
32202,1.4111E+12,4.23985E-07
32203,1.4111E+12,4.23985E-07
32204,1.411E+12,4.23985E-07
32205,1.411E+12,4.23985E-07
32206,1.411E+12,4.23985E-07
32207,1.411E+12,4.23985E-07
32208,1.411E+12,4.23985E-07
32209,1.411E+12,4.23985E-07
32210,1.411E+12,4.23985E-07
32211,1.411E+12,4.2399E-07
32212,1.411E+12,4.2399E-07
32213,1.4109E+12,4.2399E-07
32214,1.4109E+12,4.2399E-07
32215,1.4109E+12,4.2399E-07
32216,1.4109E+12,4.2399E-07
32217,1.4109E+12,4.2399E-07
32218,1.4109E+12,4.2399E-07
32219,1.4109E+12,4.2399E-07
32220,1.4109E+12,4.2399E-07
32221,1.4109E+12,4.2399E-07
32222,1.4108E+12,4.23995E-07
32223,1.4108E+12,4.23995E-07
32224,1.4108E+12,4.23995E-07
32225,1.4108E+12,4.23995E-07
32226,1.4108E+12,4.23995E-07
32227,1.4108E+12,4.23995E-07
32228,1.4108E+12,4.23995E-07
32229,1.4108E+12,4.23995E-07
32230,1.4108E+12,4.23995E-07
32231,1.4107E+12,4.23995E-07
32232,1.4107E+12,0.000000424
32233,1.4107E+12,0.000000424
32234,1.4107E+12,0.000000424
32235,1.4107E+12,0.000000424
32236,1.4107E+12,0.000000424
32237,1.4107E+12,0.000000424
32238,1.4107E+12,0.000000424
32239,1.4107E+12,0.000000424
32240,1.4106E+12,0.000000424
32241,1.4106E+12,0.000000424
32242,1.4106E+12,0.000000424
32243,1.4106E+12,4.24005E-07
32244,1.4106E+12,4.24005E-07
32245,1.4106E+12,4.24005E-07
32246,1.4106E+12,4.24005E-07
32247,1.4106E+12,4.24005E-07
32248,1.4106E+12,4.24005E-07
32249,1.4105E+12,4.24005E-07
32250,1.4105E+12,4.24005E-07
32251,1.4105E+12,4.24005E-07
32252,1.4105E+12,4.24005E-07
32253,1.4105E+12,4.24005E-07
32254,1.4105E+12,4.2401E-07
32255,1.4105E+12,4.2401E-07
32256,1.4105E+12,4.2401E-07
32257,1.4105E+12,4.2401E-07
32258,1.4104E+12,4.2401E-07
32259,1.4104E+12,4.2401E-07
32260,1.4104E+12,4.2401E-07
32261,1.4104E+12,4.2401E-07
32262,1.4104E+12,4.2401E-07
32263,1.4104E+12,4.2401E-07
32264,1.4104E+12,4.24015E-07
32265,1.4104E+12,4.24015E-07
32266,1.4104E+12,4.24015E-07
32267,1.4103E+12,4.24015E-07
32268,1.4103E+12,4.24015E-07
32269,1.4103E+12,4.24015E-07
32270,1.4103E+12,4.24015E-07
32271,1.4103E+12,4.24015E-07
32272,1.4103E+12,4.24015E-07
32273,1.4103E+12,4.24015E-07
32274,1.4103E+12,4.24015E-07
32275,1.4103E+12,4.2402E-07
32276,1.4102E+12,4.2402E-07
32277,1.4102E+12,4.2402E-07
32278,1.4102E+12,4.2402E-07
32279,1.4102E+12,4.2402E-07
32280,1.4102E+12,4.2402E-07
32281,1.4102E+12,4.2402E-07
32282,1.4102E+12,4.2402E-07
32283,1.4102E+12,4.2402E-07
32284,1.4102E+12,4.2402E-07
32285,1.4101E+12,4.2402E-07
32286,1.4101E+12,4.24025E-07
32287,1.4101E+12,4.24025E-07
32288,1.4101E+12,4.24025E-07
32289,1.4101E+12,4.24025E-07
32290,1.4101E+12,4.24025E-07
32291,1.4101E+12,4.24025E-07
32292,1.4101E+12,4.24025E-07
32293,1.4101E+12,4.24025E-07
32294,1.41E+12,4.24025E-07
32295,1.41E+12,4.24025E-07
32296,1.41E+12,4.2403E-07
32297,1.41E+12,4.2403E-07
32298,1.41E+12,4.2403E-07
32299,1.41E+12,4.2403E-07
32300,1.41E+12,4.2403E-07
32301,1.41E+12,4.2403E-07
32302,1.41E+12,4.2403E-07
32303,1.4099E+12,4.2403E-07
32304,1.4099E+12,4.2403E-07
32305,1.4099E+12,4.2403E-07
32306,1.4099E+12,4.2403E-07
32307,1.4099E+12,4.24035E-07
32308,1.4099E+12,4.24035E-07
32309,1.4099E+12,4.24035E-07
32310,1.4099E+12,4.24035E-07
32311,1.4099E+12,4.24035E-07
32312,1.4098E+12,4.24035E-07
32313,1.4098E+12,4.24035E-07
32314,1.4098E+12,4.24035E-07
32315,1.4098E+12,4.24035E-07
32316,1.4098E+12,4.24035E-07
32317,1.4098E+12,4.24035E-07
32318,1.4098E+12,4.2404E-07
32319,1.4098E+12,4.2404E-07
32320,1.4098E+12,4.2404E-07
32321,1.4097E+12,4.2404E-07
32322,1.4097E+12,4.2404E-07
32323,1.4097E+12,4.2404E-07
32324,1.4097E+12,4.2404E-07
32325,1.4097E+12,4.2404E-07
32326,1.4097E+12,4.2404E-07
32327,1.4097E+12,4.2404E-07
32328,1.4097E+12,4.24045E-07
32329,1.4097E+12,4.24045E-07
32330,1.4096E+12,4.24045E-07
32331,1.4096E+12,4.24045E-07
32332,1.4096E+12,4.24045E-07
32333,1.4096E+12,4.24045E-07
32334,1.4096E+12,4.24045E-07
32335,1.4096E+12,4.24045E-07
32336,1.4096E+12,4.24045E-07
32337,1.4096E+12,4.24045E-07
32338,1.4096E+12,4.24045E-07
32339,1.4095E+12,4.2405E-07
32340,1.4095E+12,4.2405E-07
32341,1.4095E+12,4.2405E-07
32342,1.4095E+12,4.2405E-07
32343,1.4095E+12,4.2405E-07
32344,1.4095E+12,4.2405E-07
32345,1.4095E+12,4.2405E-07
32346,1.4095E+12,4.2405E-07
32347,1.4094E+12,4.2405E-07
32348,1.4094E+12,4.2405E-07
32349,1.4094E+12,4.2405E-07
32350,1.4094E+12,4.24055E-07
32351,1.4094E+12,4.24055E-07
32352,1.4094E+12,4.24055E-07
32353,1.4094E+12,4.24055E-07
32354,1.4094E+12,4.24055E-07
32355,1.4094E+12,4.24055E-07
32356,1.4093E+12,4.24055E-07
32357,1.4093E+12,4.24055E-07
32358,1.4093E+12,4.24055E-07
32359,1.4093E+12,4.24055E-07
32360,1.4093E+12,4.2406E-07
32361,1.4093E+12,4.2406E-07
32362,1.4093E+12,4.2406E-07
32363,1.4093E+12,4.2406E-07
32364,1.4093E+12,4.2406E-07
32365,1.4092E+12,4.2406E-07
32366,1.4092E+12,4.2406E-07
32367,1.4092E+12,4.2406E-07
32368,1.4092E+12,4.2406E-07
32369,1.4092E+12,4.2406E-07
32370,1.4092E+12,4.2406E-07
32371,1.4092E+12,4.24065E-07
32372,1.4092E+12,4.24065E-07
32373,1.4092E+12,4.24065E-07
32374,1.4091E+12,4.24065E-07
32375,1.4091E+12,4.24065E-07
32376,1.4091E+12,4.24065E-07
32377,1.4091E+12,4.24065E-07
32378,1.4091E+12,4.24065E-07
32379,1.4091E+12,4.24065E-07
32380,1.4091E+12,4.24065E-07
32381,1.4091E+12,4.24065E-07
32382,1.4091E+12,4.2407E-07
32383,1.409E+12,4.2407E-07
32384,1.409E+12,4.2407E-07
32385,1.409E+12,4.2407E-07
32386,1.409E+12,4.2407E-07
32387,1.409E+12,4.2407E-07
32388,1.409E+12,4.2407E-07
32389,1.409E+12,4.2407E-07
32390,1.409E+12,4.2407E-07
32391,1.409E+12,4.2407E-07
32392,1.4089E+12,4.2407E-07
32393,1.4089E+12,4.24075E-07
32394,1.4089E+12,4.24075E-07
32395,1.4089E+12,4.24075E-07
32396,1.4089E+12,4.24075E-07
32397,1.4089E+12,4.24075E-07
32398,1.4089E+12,4.24075E-07
32399,1.4089E+12,4.24075E-07
32400,1.4089E+12,4.24075E-07
32401,1.4088E+12,4.24075E-07
32402,1.4088E+12,4.24075E-07
32403,1.4088E+12,4.2408E-07
32404,1.4088E+12,4.2408E-07
32405,1.4088E+12,4.2408E-07
32406,1.4088E+12,4.2408E-07
32407,1.4088E+12,4.2408E-07
32408,1.4088E+12,4.2408E-07
32409,1.4088E+12,4.2408E-07
32410,1.4087E+12,4.2408E-07
32411,1.4087E+12,4.2408E-07
32412,1.4087E+12,4.2408E-07
32413,1.4087E+12,4.2408E-07
32414,1.4087E+12,4.24085E-07
32415,1.4087E+12,4.24085E-07
32416,1.4087E+12,4.24085E-07
32417,1.4087E+12,4.24085E-07
32418,1.4087E+12,4.24085E-07
32419,1.4086E+12,4.24085E-07
32420,1.4086E+12,4.24085E-07
32421,1.4086E+12,4.24085E-07
32422,1.4086E+12,4.24085E-07
32423,1.4086E+12,4.24085E-07
32424,1.4086E+12,4.24085E-07
32425,1.4086E+12,4.2409E-07
32426,1.4086E+12,4.2409E-07
32427,1.4086E+12,4.2409E-07
32428,1.4085E+12,4.2409E-07
32429,1.4085E+12,4.2409E-07
32430,1.4085E+12,4.2409E-07
32431,1.4085E+12,4.2409E-07
32432,1.4085E+12,4.2409E-07
32433,1.4085E+12,4.2409E-07
32434,1.4085E+12,4.2409E-07
32435,1.4085E+12,4.24095E-07
32436,1.4085E+12,4.24095E-07
32437,1.4084E+12,4.24095E-07
32438,1.4084E+12,4.24095E-07
32439,1.4084E+12,4.24095E-07
32440,1.4084E+12,4.24095E-07
32441,1.4084E+12,4.24095E-07
32442,1.4084E+12,4.24095E-07
32443,1.4084E+12,4.24095E-07
32444,1.4084E+12,4.24095E-07
32445,1.4084E+12,4.24095E-07
32446,1.4083E+12,4.241E-07
32447,1.4083E+12,4.241E-07
32448,1.4083E+12,4.241E-07
32449,1.4083E+12,4.241E-07
32450,1.4083E+12,4.241E-07
32451,1.4083E+12,4.241E-07
32452,1.4083E+12,4.241E-07
32453,1.4083E+12,4.241E-07
32454,1.4083E+12,4.241E-07
32455,1.4082E+12,4.241E-07
32456,1.4082E+12,4.241E-07
32457,1.4082E+12,4.24105E-07
32458,1.4082E+12,4.24105E-07
32459,1.4082E+12,4.24105E-07
32460,1.4082E+12,4.24105E-07
32461,1.4082E+12,4.24105E-07
32462,1.4082E+12,4.24105E-07
32463,1.4082E+12,4.24105E-07
32464,1.4081E+12,4.24105E-07
32465,1.4081E+12,4.24105E-07
32466,1.4081E+12,4.24105E-07
32467,1.4081E+12,4.2411E-07
32468,1.4081E+12,4.2411E-07
32469,1.4081E+12,4.2411E-07
32470,1.4081E+12,4.2411E-07
32471,1.4081E+12,4.2411E-07
32472,1.4081E+12,4.2411E-07
32473,1.408E+12,4.2411E-07
32474,1.408E+12,4.2411E-07
32475,1.408E+12,4.2411E-07
32476,1.408E+12,4.2411E-07
32477,1.408E+12,4.2411E-07
32478,1.408E+12,4.24115E-07
32479,1.408E+12,4.24115E-07
32480,1.408E+12,4.24115E-07
32481,1.408E+12,4.24115E-07
32482,1.4079E+12,4.24115E-07
32483,1.4079E+12,4.24115E-07
32484,1.4079E+12,4.24115E-07
32485,1.4079E+12,4.24115E-07
32486,1.4079E+12,4.24115E-07
32487,1.4079E+12,4.24115E-07
32488,1.4079E+12,4.24115E-07
32489,1.4079E+12,4.2412E-07
32490,1.4079E+12,4.2412E-07
32491,1.4078E+12,4.2412E-07
32492,1.4078E+12,4.2412E-07
32493,1.4078E+12,4.2412E-07
32494,1.4078E+12,4.2412E-07
32495,1.4078E+12,4.2412E-07
32496,1.4078E+12,4.2412E-07
32497,1.4078E+12,4.2412E-07
32498,1.4078E+12,4.2412E-07
32499,1.4078E+12,4.2412E-07
32500,1.4077E+12,4.24125E-07
32501,1.4077E+12,4.24125E-07
32502,1.4077E+12,4.24125E-07
32503,1.4077E+12,4.24125E-07
32504,1.4077E+12,4.24125E-07
32505,1.4077E+12,4.24125E-07
32506,1.4077E+12,4.24125E-07
32507,1.4077E+12,4.24125E-07
32508,1.4077E+12,4.24125E-07
32509,1.4076E+12,4.24125E-07
32510,1.4076E+12,4.2413E-07
32511,1.4076E+12,4.2413E-07
32512,1.4076E+12,4.2413E-07
32513,1.4076E+12,4.2413E-07
32514,1.4076E+12,4.2413E-07
32515,1.4076E+12,4.2413E-07
32516,1.4076E+12,4.2413E-07
32517,1.4076E+12,4.2413E-07
32518,1.4075E+12,4.2413E-07
32519,1.4075E+12,4.2413E-07
32520,1.4075E+12,4.2413E-07
32521,1.4075E+12,4.24135E-07
32522,1.4075E+12,4.24135E-07
32523,1.4075E+12,4.24135E-07
32524,1.4075E+12,4.24135E-07
32525,1.4075E+12,4.24135E-07
32526,1.4075E+12,4.24135E-07
32527,1.4074E+12,4.24135E-07
32528,1.4074E+12,4.24135E-07
32529,1.4074E+12,4.24135E-07
32530,1.4074E+12,4.24135E-07
32531,1.4074E+12,4.24135E-07
32532,1.4074E+12,4.2414E-07
32533,1.4074E+12,4.2414E-07
32534,1.4074E+12,4.2414E-07
32535,1.4074E+12,4.2414E-07
32536,1.4073E+12,4.2414E-07
32537,1.4073E+12,4.2414E-07
32538,1.4073E+12,4.2414E-07
32539,1.4073E+12,4.2414E-07
32540,1.4073E+12,4.2414E-07
32541,1.4073E+12,4.2414E-07
32542,1.4073E+12,4.2414E-07
32543,1.4073E+12,4.24145E-07
32544,1.4073E+12,4.24145E-07
32545,1.4072E+12,4.24145E-07
32546,1.4072E+12,4.24145E-07
32547,1.4072E+12,4.24145E-07
32548,1.4072E+12,4.24145E-07
32549,1.4072E+12,4.24145E-07
32550,1.4072E+12,4.24145E-07
32551,1.4072E+12,4.24145E-07
32552,1.4072E+12,4.24145E-07
32553,1.4072E+12,4.2415E-07
32554,1.4071E+12,4.2415E-07
32555,1.4071E+12,4.2415E-07
32556,1.4071E+12,4.2415E-07
32557,1.4071E+12,4.2415E-07
32558,1.4071E+12,4.2415E-07
32559,1.4071E+12,4.2415E-07
32560,1.4071E+12,4.2415E-07
32561,1.4071E+12,4.2415E-07
32562,1.4071E+12,4.2415E-07
32563,1.4071E+12,4.2415E-07
32564,1.407E+12,4.24155E-07
32565,1.407E+12,4.24155E-07
32566,1.407E+12,4.24155E-07
32567,1.407E+12,4.24155E-07
32568,1.407E+12,4.24155E-07
32569,1.407E+12,4.24155E-07
32570,1.407E+12,4.24155E-07
32571,1.407E+12,4.24155E-07
32572,1.407E+12,4.24155E-07
32573,1.4069E+12,4.24155E-07
32574,1.4069E+12,4.24155E-07
32575,1.4069E+12,4.2416E-07
32576,1.4069E+12,4.2416E-07
32577,1.4069E+12,4.2416E-07
32578,1.4069E+12,4.2416E-07
32579,1.4069E+12,4.2416E-07
32580,1.4069E+12,4.2416E-07
32581,1.4069E+12,4.2416E-07
32582,1.4068E+12,4.2416E-07
32583,1.4068E+12,4.2416E-07
32584,1.4068E+12,4.2416E-07
32585,1.4068E+12,4.2416E-07
32586,1.4068E+12,4.24165E-07
32587,1.4068E+12,4.24165E-07
32588,1.4068E+12,4.24165E-07
32589,1.4068E+12,4.24165E-07
32590,1.4068E+12,4.24165E-07
32591,1.4067E+12,4.24165E-07
32592,1.4067E+12,4.24165E-07
32593,1.4067E+12,4.24165E-07
32594,1.4067E+12,4.24165E-07
32595,1.4067E+12,4.24165E-07
32596,1.4067E+12,4.2417E-07
32597,1.4067E+12,4.2417E-07
32598,1.4067E+12,4.2417E-07
32599,1.4067E+12,4.2417E-07
32600,1.4066E+12,4.2417E-07
32601,1.4066E+12,4.2417E-07
32602,1.4066E+12,4.2417E-07
32603,1.4066E+12,4.2417E-07
32604,1.4066E+12,4.2417E-07
32605,1.4066E+12,4.2417E-07
32606,1.4066E+12,4.2417E-07
32607,1.4066E+12,4.24175E-07
32608,1.4066E+12,4.24175E-07
32609,1.4065E+12,4.24175E-07
32610,1.4065E+12,4.24175E-07
32611,1.4065E+12,4.24175E-07
32612,1.4065E+12,4.24175E-07
32613,1.4065E+12,4.24175E-07
32614,1.4065E+12,4.24175E-07
32615,1.4065E+12,4.24175E-07
32616,1.4065E+12,4.24175E-07
32617,1.4065E+12,4.24175E-07
32618,1.4064E+12,4.2418E-07
32619,1.4064E+12,4.2418E-07
32620,1.4064E+12,4.2418E-07
32621,1.4064E+12,4.2418E-07
32622,1.4064E+12,4.2418E-07
32623,1.4064E+12,4.2418E-07
32624,1.4064E+12,4.2418E-07
32625,1.4064E+12,4.2418E-07
32626,1.4064E+12,4.2418E-07
32627,1.4063E+12,4.2418E-07
32628,1.4063E+12,4.2418E-07
32629,1.4063E+12,4.24185E-07
32630,1.4063E+12,4.24185E-07
32631,1.4063E+12,4.24185E-07
32632,1.4063E+12,4.24185E-07
32633,1.4063E+12,4.24185E-07
32634,1.4063E+12,4.24185E-07
32635,1.4063E+12,4.24185E-07
32636,1.4062E+12,4.24185E-07
32637,1.4062E+12,4.24185E-07
32638,1.4062E+12,4.24185E-07
32639,1.4062E+12,4.24185E-07
32640,1.4062E+12,4.2419E-07
32641,1.4062E+12,4.2419E-07
32642,1.4062E+12,4.2419E-07
32643,1.4062E+12,4.2419E-07
32644,1.4062E+12,4.2419E-07
32645,1.4061E+12,4.2419E-07
32646,1.4061E+12,4.2419E-07
32647,1.4061E+12,4.2419E-07
32648,1.4061E+12,4.2419E-07
32649,1.4061E+12,4.2419E-07
32650,1.4061E+12,4.24195E-07
32651,1.4061E+12,4.24195E-07
32652,1.4061E+12,4.24195E-07
32653,1.4061E+12,4.24195E-07
32654,1.406E+12,4.24195E-07
32655,1.406E+12,4.24195E-07
32656,1.406E+12,4.24195E-07
32657,1.406E+12,4.24195E-07
32658,1.406E+12,4.24195E-07
32659,1.406E+12,4.24195E-07
32660,1.406E+12,4.24195E-07
32661,1.406E+12,4.242E-07
32662,1.406E+12,4.242E-07
32663,1.4059E+12,4.242E-07
32664,1.4059E+12,4.242E-07
32665,1.4059E+12,4.242E-07
32666,1.4059E+12,4.242E-07
32667,1.4059E+12,4.242E-07
32668,1.4059E+12,4.242E-07
32669,1.4059E+12,4.242E-07
32670,1.4059E+12,4.242E-07
32671,1.4059E+12,4.242E-07
32672,1.4058E+12,4.24205E-07
32673,1.4058E+12,4.24205E-07
32674,1.4058E+12,4.24205E-07
32675,1.4058E+12,4.24205E-07
32676,1.4058E+12,4.24205E-07
32677,1.4058E+12,4.24205E-07
32678,1.4058E+12,4.24205E-07
32679,1.4058E+12,4.24205E-07
32680,1.4058E+12,4.24205E-07
32681,1.4057E+12,4.24205E-07
32682,1.4057E+12,4.24205E-07
32683,1.4057E+12,4.2421E-07
32684,1.4057E+12,4.2421E-07
32685,1.4057E+12,4.2421E-07
32686,1.4057E+12,4.2421E-07
32687,1.4057E+12,4.2421E-07
32688,1.4057E+12,4.2421E-07
32689,1.4057E+12,4.2421E-07
32690,1.4056E+12,4.2421E-07
32691,1.4056E+12,4.2421E-07
32692,1.4056E+12,4.2421E-07
32693,1.4056E+12,4.2421E-07
32694,1.4056E+12,4.24215E-07
32695,1.4056E+12,4.24215E-07
32696,1.4056E+12,4.24215E-07
32697,1.4056E+12,4.24215E-07
32698,1.4056E+12,4.24215E-07
32699,1.4055E+12,4.24215E-07
32700,1.4055E+12,4.24215E-07
32701,1.4055E+12,4.24215E-07
32702,1.4055E+12,4.24215E-07
32703,1.4055E+12,4.24215E-07
32704,1.4055E+12,4.2422E-07
32705,1.4055E+12,4.2422E-07
32706,1.4055E+12,4.2422E-07
32707,1.4055E+12,4.2422E-07
32708,1.4055E+12,4.2422E-07
32709,1.4054E+12,4.2422E-07
32710,1.4054E+12,4.2422E-07
32711,1.4054E+12,4.2422E-07
32712,1.4054E+12,4.2422E-07
32713,1.4054E+12,4.2422E-07
32714,1.4054E+12,4.2422E-07
32715,1.4054E+12,4.24225E-07
32716,1.4054E+12,4.24225E-07
32717,1.4054E+12,4.24225E-07
32718,1.4053E+12,4.24225E-07
32719,1.4053E+12,4.24225E-07
32720,1.4053E+12,4.24225E-07
32721,1.4053E+12,4.24225E-07
32722,1.4053E+12,4.24225E-07
32723,1.4053E+12,4.24225E-07
32724,1.4053E+12,4.24225E-07
32725,1.4053E+12,4.24225E-07
32726,1.4053E+12,4.2423E-07
32727,1.4052E+12,4.2423E-07
32728,1.4052E+12,4.2423E-07
32729,1.4052E+12,4.2423E-07
32730,1.4052E+12,4.2423E-07
32731,1.4052E+12,4.2423E-07
32732,1.4052E+12,4.2423E-07
32733,1.4052E+12,4.2423E-07
32734,1.4052E+12,4.2423E-07
32735,1.4052E+12,4.2423E-07
32736,1.4051E+12,4.2423E-07
32737,1.4051E+12,4.24235E-07
32738,1.4051E+12,4.24235E-07
32739,1.4051E+12,4.24235E-07
32740,1.4051E+12,4.24235E-07
32741,1.4051E+12,4.24235E-07
32742,1.4051E+12,4.24235E-07
32743,1.4051E+12,4.24235E-07
32744,1.4051E+12,4.24235E-07
32745,1.405E+12,4.24235E-07
32746,1.405E+12,4.24235E-07
32747,1.405E+12,4.24235E-07
32748,1.405E+12,4.2424E-07
32749,1.405E+12,4.2424E-07
32750,1.405E+12,4.2424E-07
32751,1.405E+12,4.2424E-07
32752,1.405E+12,4.2424E-07
32753,1.405E+12,4.2424E-07
32754,1.4049E+12,4.2424E-07
32755,1.4049E+12,4.2424E-07
32756,1.4049E+12,4.2424E-07
32757,1.4049E+12,4.2424E-07
32758,1.4049E+12,4.24245E-07
32759,1.4049E+12,4.24245E-07
32760,1.4049E+12,4.24245E-07
32761,1.4049E+12,4.24245E-07
32762,1.4049E+12,4.24245E-07
32763,1.4048E+12,4.24245E-07
32764,1.4048E+12,4.24245E-07
32765,1.4048E+12,4.24245E-07
32766,1.4048E+12,4.24245E-07
32767,1.4048E+12,4.24245E-07
32768,1.4048E+12,4.24245E-07
32769,1.4048E+12,4.2425E-07
32770,1.4048E+12,4.2425E-07
32771,1.4048E+12,4.2425E-07
32772,1.4047E+12,4.2425E-07
32773,1.4047E+12,4.2425E-07
32774,1.4047E+12,4.2425E-07
32775,1.4047E+12,4.2425E-07
32776,1.4047E+12,4.2425E-07
32777,1.4047E+12,4.2425E-07
32778,1.4047E+12,4.2425E-07
32779,1.4047E+12,4.2425E-07
32780,1.4047E+12,4.24255E-07
32781,1.4046E+12,4.24255E-07
32782,1.4046E+12,4.24255E-07
32783,1.4046E+12,4.24255E-07
32784,1.4046E+12,4.24255E-07
32785,1.4046E+12,4.24255E-07
32786,1.4046E+12,4.24255E-07
32787,1.4046E+12,4.24255E-07
32788,1.4046E+12,4.24255E-07
32789,1.4046E+12,4.24255E-07
32790,1.4046E+12,4.24255E-07
32791,1.4045E+12,4.2426E-07
32792,1.4045E+12,4.2426E-07
32793,1.4045E+12,4.2426E-07
32794,1.4045E+12,4.2426E-07
32795,1.4045E+12,4.2426E-07
32796,1.4045E+12,4.2426E-07
32797,1.4045E+12,4.2426E-07
32798,1.4045E+12,4.2426E-07
32799,1.4045E+12,4.2426E-07
32800,1.4044E+12,4.2426E-07
32801,1.4044E+12,4.2426E-07
32802,1.4044E+12,4.24265E-07
32803,1.4044E+12,4.24265E-07
32804,1.4044E+12,4.24265E-07
32805,1.4044E+12,4.24265E-07
32806,1.4044E+12,4.24265E-07
32807,1.4044E+12,4.24265E-07
32808,1.4044E+12,4.24265E-07
32809,1.4043E+12,4.24265E-07
32810,1.4043E+12,4.24265E-07
32811,1.4043E+12,4.24265E-07
32812,1.4043E+12,4.24265E-07
32813,1.4043E+12,4.2427E-07
32814,1.4043E+12,4.2427E-07
32815,1.4043E+12,4.2427E-07
32816,1.4043E+12,4.2427E-07
32817,1.4043E+12,4.2427E-07
32818,1.4042E+12,4.2427E-07
32819,1.4042E+12,4.2427E-07
32820,1.4042E+12,4.2427E-07
32821,1.4042E+12,4.2427E-07
32822,1.4042E+12,4.2427E-07
32823,1.4042E+12,4.2427E-07
32824,1.4042E+12,4.24275E-07
32825,1.4042E+12,4.24275E-07
32826,1.4042E+12,4.24275E-07
32827,1.4041E+12,4.24275E-07
32828,1.4041E+12,4.24275E-07
32829,1.4041E+12,4.24275E-07
32830,1.4041E+12,4.24275E-07
32831,1.4041E+12,4.24275E-07
32832,1.4041E+12,4.24275E-07
32833,1.4041E+12,4.24275E-07
32834,1.4041E+12,4.2428E-07
32835,1.4041E+12,4.2428E-07
32836,1.404E+12,4.2428E-07
32837,1.404E+12,4.2428E-07
32838,1.404E+12,4.2428E-07
32839,1.404E+12,4.2428E-07
32840,1.404E+12,4.2428E-07
32841,1.404E+12,4.2428E-07
32842,1.404E+12,4.2428E-07
32843,1.404E+12,4.2428E-07
32844,1.404E+12,4.2428E-07
32845,1.4039E+12,4.24285E-07
32846,1.4039E+12,4.24285E-07
32847,1.4039E+12,4.24285E-07
32848,1.4039E+12,4.24285E-07
32849,1.4039E+12,4.24285E-07
32850,1.4039E+12,4.24285E-07
32851,1.4039E+12,4.24285E-07
32852,1.4039E+12,4.24285E-07
32853,1.4039E+12,4.24285E-07
32854,1.4038E+12,4.24285E-07
32855,1.4038E+12,4.24285E-07
32856,1.4038E+12,4.2429E-07
32857,1.4038E+12,4.2429E-07
32858,1.4038E+12,4.2429E-07
32859,1.4038E+12,4.2429E-07
32860,1.4038E+12,4.2429E-07
32861,1.4038E+12,4.2429E-07
32862,1.4038E+12,4.2429E-07
32863,1.4038E+12,4.2429E-07
32864,1.4037E+12,4.2429E-07
32865,1.4037E+12,4.2429E-07
32866,1.4037E+12,4.2429E-07
32867,1.4037E+12,4.24295E-07
32868,1.4037E+12,4.24295E-07
32869,1.4037E+12,4.24295E-07
32870,1.4037E+12,4.24295E-07
32871,1.4037E+12,4.24295E-07
32872,1.4037E+12,4.24295E-07
32873,1.4036E+12,4.24295E-07
32874,1.4036E+12,4.24295E-07
32875,1.4036E+12,4.24295E-07
32876,1.4036E+12,4.24295E-07
32877,1.4036E+12,4.24295E-07
32878,1.4036E+12,4.243E-07
32879,1.4036E+12,4.243E-07
32880,1.4036E+12,4.243E-07
32881,1.4036E+12,4.243E-07
32882,1.4035E+12,4.243E-07
32883,1.4035E+12,4.243E-07
32884,1.4035E+12,4.243E-07
32885,1.4035E+12,4.243E-07
32886,1.4035E+12,4.243E-07
32887,1.4035E+12,4.243E-07
32888,1.4035E+12,4.243E-07
32889,1.4035E+12,4.24305E-07
32890,1.4035E+12,4.24305E-07
32891,1.4034E+12,4.24305E-07
32892,1.4034E+12,4.24305E-07
32893,1.4034E+12,4.24305E-07
32894,1.4034E+12,4.24305E-07
32895,1.4034E+12,4.24305E-07
32896,1.4034E+12,4.24305E-07
32897,1.4034E+12,4.24305E-07
32898,1.4034E+12,4.24305E-07
32899,1.4034E+12,4.24305E-07
32900,1.4033E+12,4.2431E-07
32901,1.4033E+12,4.2431E-07
32902,1.4033E+12,4.2431E-07
32903,1.4033E+12,4.2431E-07
32904,1.4033E+12,4.2431E-07
32905,1.4033E+12,4.2431E-07
32906,1.4033E+12,4.2431E-07
32907,1.4033E+12,4.2431E-07
32908,1.4033E+12,4.2431E-07
32909,1.4032E+12,4.2431E-07
32910,1.4032E+12,4.24315E-07
32911,1.4032E+12,4.24315E-07
32912,1.4032E+12,4.24315E-07
32913,1.4032E+12,4.24315E-07
32914,1.4032E+12,4.24315E-07
32915,1.4032E+12,4.24315E-07
32916,1.4032E+12,4.24315E-07
32917,1.4032E+12,4.24315E-07
32918,1.4032E+12,4.24315E-07
32919,1.4031E+12,4.24315E-07
32920,1.4031E+12,4.24315E-07
32921,1.4031E+12,4.2432E-07
32922,1.4031E+12,4.2432E-07
32923,1.4031E+12,4.2432E-07
32924,1.4031E+12,4.2432E-07
32925,1.4031E+12,4.2432E-07
32926,1.4031E+12,4.2432E-07
32927,1.4031E+12,4.2432E-07
32928,1.403E+12,4.2432E-07
32929,1.403E+12,4.2432E-07
32930,1.403E+12,4.2432E-07
32931,1.403E+12,4.2432E-07
32932,1.403E+12,4.24325E-07
32933,1.403E+12,4.24325E-07
32934,1.403E+12,4.24325E-07
32935,1.403E+12,4.24325E-07
32936,1.403E+12,4.24325E-07
32937,1.4029E+12,4.24325E-07
32938,1.4029E+12,4.24325E-07
32939,1.4029E+12,4.24325E-07
32940,1.4029E+12,4.24325E-07
32941,1.4029E+12,4.24325E-07
32942,1.4029E+12,4.24325E-07
32943,1.4029E+12,4.2433E-07
32944,1.4029E+12,4.2433E-07
32945,1.4029E+12,4.2433E-07
32946,1.4028E+12,4.2433E-07
32947,1.4028E+12,4.2433E-07
32948,1.4028E+12,4.2433E-07
32949,1.4028E+12,4.2433E-07
32950,1.4028E+12,4.2433E-07
32951,1.4028E+12,4.2433E-07
32952,1.4028E+12,4.2433E-07
32953,1.4028E+12,4.2433E-07
32954,1.4028E+12,4.24335E-07
32955,1.4027E+12,4.24335E-07
32956,1.4027E+12,4.24335E-07
32957,1.4027E+12,4.24335E-07
32958,1.4027E+12,4.24335E-07
32959,1.4027E+12,4.24335E-07
32960,1.4027E+12,4.24335E-07
32961,1.4027E+12,4.24335E-07
32962,1.4027E+12,4.24335E-07
32963,1.4027E+12,4.24335E-07
32964,1.4026E+12,4.24335E-07
32965,1.4026E+12,4.2434E-07
32966,1.4026E+12,4.2434E-07
32967,1.4026E+12,4.2434E-07
32968,1.4026E+12,4.2434E-07
32969,1.4026E+12,4.2434E-07
32970,1.4026E+12,4.2434E-07
32971,1.4026E+12,4.2434E-07
32972,1.4026E+12,4.2434E-07
32973,1.4026E+12,4.2434E-07
32974,1.4025E+12,4.2434E-07
32975,1.4025E+12,4.2434E-07
32976,1.4025E+12,4.24345E-07
32977,1.4025E+12,4.24345E-07
32978,1.4025E+12,4.24345E-07
32979,1.4025E+12,4.24345E-07
32980,1.4025E+12,4.24345E-07
32981,1.4025E+12,4.24345E-07
32982,1.4025E+12,4.24345E-07
32983,1.4024E+12,4.24345E-07
32984,1.4024E+12,4.24345E-07
32985,1.4024E+12,4.24345E-07
32986,1.4024E+12,4.24345E-07
32987,1.4024E+12,4.2435E-07
32988,1.4024E+12,4.2435E-07
32989,1.4024E+12,4.2435E-07
32990,1.4024E+12,4.2435E-07
32991,1.4024E+12,4.2435E-07
32992,1.4023E+12,4.2435E-07
32993,1.4023E+12,4.2435E-07
32994,1.4023E+12,4.2435E-07
32995,1.4023E+12,4.2435E-07
32996,1.4023E+12,4.2435E-07
32997,1.4023E+12,4.2435E-07
32998,1.4023E+12,4.24355E-07
32999,1.4023E+12,4.24355E-07
33000,1.4023E+12,4.24355E-07
33001,1.4022E+12,4.24355E-07
33002,1.4022E+12,4.24355E-07
33003,1.4022E+12,4.24355E-07
33004,1.4022E+12,4.24355E-07
33005,1.4022E+12,4.24355E-07
33006,1.4022E+12,4.24355E-07
33007,1.4022E+12,4.24355E-07
33008,1.4022E+12,4.24355E-07
33009,1.4022E+12,4.2436E-07
33010,1.4021E+12,4.2436E-07
33011,1.4021E+12,4.2436E-07
33012,1.4021E+12,4.2436E-07
33013,1.4021E+12,4.2436E-07
33014,1.4021E+12,4.2436E-07
33015,1.4021E+12,4.2436E-07
33016,1.4021E+12,4.2436E-07
33017,1.4021E+12,4.2436E-07
33018,1.4021E+12,4.2436E-07
33019,1.4021E+12,4.24365E-07
33020,1.402E+12,4.24365E-07
33021,1.402E+12,4.24365E-07
33022,1.402E+12,4.24365E-07
33023,1.402E+12,4.24365E-07
33024,1.402E+12,4.24365E-07
33025,1.402E+12,4.24365E-07
33026,1.402E+12,4.24365E-07
33027,1.402E+12,4.24365E-07
33028,1.402E+12,4.24365E-07
33029,1.4019E+12,4.24365E-07
33030,1.4019E+12,4.2437E-07
33031,1.4019E+12,4.2437E-07
33032,1.4019E+12,4.2437E-07
33033,1.4019E+12,4.2437E-07
33034,1.4019E+12,4.2437E-07
33035,1.4019E+12,4.2437E-07
33036,1.4019E+12,4.2437E-07
33037,1.4019E+12,4.2437E-07
33038,1.4018E+12,4.2437E-07
33039,1.4018E+12,4.2437E-07
33040,1.4018E+12,4.2437E-07
33041,1.4018E+12,4.24375E-07
33042,1.4018E+12,4.24375E-07
33043,1.4018E+12,4.24375E-07
33044,1.4018E+12,4.24375E-07
33045,1.4018E+12,4.24375E-07
33046,1.4018E+12,4.24375E-07
33047,1.4017E+12,4.24375E-07
33048,1.4017E+12,4.24375E-07
33049,1.4017E+12,4.24375E-07
33050,1.4017E+12,4.24375E-07
33051,1.4017E+12,4.24375E-07
33052,1.4017E+12,4.2438E-07
33053,1.4017E+12,4.2438E-07
33054,1.4017E+12,4.2438E-07
33055,1.4017E+12,4.2438E-07
33056,1.4016E+12,4.2438E-07
33057,1.4016E+12,4.2438E-07
33058,1.4016E+12,4.2438E-07
33059,1.4016E+12,4.2438E-07
33060,1.4016E+12,4.2438E-07
33061,1.4016E+12,4.2438E-07
33062,1.4016E+12,4.2438E-07
33063,1.4016E+12,4.24385E-07
33064,1.4016E+12,4.24385E-07
33065,1.4016E+12,4.24385E-07
33066,1.4015E+12,4.24385E-07
33067,1.4015E+12,4.24385E-07
33068,1.4015E+12,4.24385E-07
33069,1.4015E+12,4.24385E-07
33070,1.4015E+12,4.24385E-07
33071,1.4015E+12,4.24385E-07
33072,1.4015E+12,4.24385E-07
33073,1.4015E+12,4.24385E-07
33074,1.4015E+12,4.2439E-07
33075,1.4014E+12,4.2439E-07
33076,1.4014E+12,4.2439E-07
33077,1.4014E+12,4.2439E-07
33078,1.4014E+12,4.2439E-07
33079,1.4014E+12,4.2439E-07
33080,1.4014E+12,4.2439E-07
33081,1.4014E+12,4.2439E-07
33082,1.4014E+12,4.2439E-07
33083,1.4014E+12,4.2439E-07
33084,1.4013E+12,4.2439E-07
33085,1.4013E+12,4.24395E-07
33086,1.4013E+12,4.24395E-07
33087,1.4013E+12,4.24395E-07
33088,1.4013E+12,4.24395E-07
33089,1.4013E+12,4.24395E-07
33090,1.4013E+12,4.24395E-07
33091,1.4013E+12,4.24395E-07
33092,1.4013E+12,4.24395E-07
33093,1.4012E+12,4.24395E-07
33094,1.4012E+12,4.24395E-07
33095,1.4012E+12,4.24395E-07
33096,1.4012E+12,4.244E-07
33097,1.4012E+12,4.244E-07
33098,1.4012E+12,4.244E-07
33099,1.4012E+12,4.244E-07
33100,1.4012E+12,4.244E-07
33101,1.4012E+12,4.244E-07
33102,1.4011E+12,4.244E-07
33103,1.4011E+12,4.244E-07
33104,1.4011E+12,4.244E-07
33105,1.4011E+12,4.244E-07
33106,1.4011E+12,4.244E-07
33107,1.4011E+12,4.24405E-07
33108,1.4011E+12,4.24405E-07
33109,1.4011E+12,4.24405E-07
33110,1.4011E+12,4.24405E-07
33111,1.4011E+12,4.24405E-07
33112,1.401E+12,4.24405E-07
33113,1.401E+12,4.24405E-07
33114,1.401E+12,4.24405E-07
33115,1.401E+12,4.24405E-07
33116,1.401E+12,4.24405E-07
33117,1.401E+12,4.24405E-07
33118,1.401E+12,4.2441E-07
33119,1.401E+12,4.2441E-07
33120,1.401E+12,4.2441E-07
33121,1.4009E+12,4.2441E-07
33122,1.4009E+12,4.2441E-07
33123,1.4009E+12,4.2441E-07
33124,1.4009E+12,4.2441E-07
33125,1.4009E+12,4.2441E-07
33126,1.4009E+12,4.2441E-07
33127,1.4009E+12,4.2441E-07
33128,1.4009E+12,4.2441E-07
33129,1.4009E+12,4.24415E-07
33130,1.4008E+12,4.24415E-07
33131,1.4008E+12,4.24415E-07
33132,1.4008E+12,4.24415E-07
33133,1.4008E+12,4.24415E-07
33134,1.4008E+12,4.24415E-07
33135,1.4008E+12,4.24415E-07
33136,1.4008E+12,4.24415E-07
33137,1.4008E+12,4.24415E-07
33138,1.4008E+12,4.24415E-07
33139,1.4007E+12,4.24415E-07
33140,1.4007E+12,4.2442E-07
33141,1.4007E+12,4.2442E-07
33142,1.4007E+12,4.2442E-07
33143,1.4007E+12,4.2442E-07
33144,1.4007E+12,4.2442E-07
33145,1.4007E+12,4.2442E-07
33146,1.4007E+12,4.2442E-07
33147,1.4007E+12,4.2442E-07
33148,1.4007E+12,4.2442E-07
33149,1.4006E+12,4.2442E-07
33150,1.4006E+12,4.2442E-07
33151,1.4006E+12,4.24425E-07
33152,1.4006E+12,4.24425E-07
33153,1.4006E+12,4.24425E-07
33154,1.4006E+12,4.24425E-07
33155,1.4006E+12,4.24425E-07
33156,1.4006E+12,4.24425E-07
33157,1.4006E+12,4.24425E-07
33158,1.4005E+12,4.24425E-07
33159,1.4005E+12,4.24425E-07
33160,1.4005E+12,4.24425E-07
33161,1.4005E+12,4.24425E-07
33162,1.4005E+12,4.2443E-07
33163,1.4005E+12,4.2443E-07
33164,1.4005E+12,4.2443E-07
33165,1.4005E+12,4.2443E-07
33166,1.4005E+12,4.2443E-07
33167,1.4004E+12,4.2443E-07
33168,1.4004E+12,4.2443E-07
33169,1.4004E+12,4.2443E-07
33170,1.4004E+12,4.2443E-07
33171,1.4004E+12,4.2443E-07
33172,1.4004E+12,4.2443E-07
33173,1.4004E+12,4.24435E-07
33174,1.4004E+12,4.24435E-07
33175,1.4004E+12,4.24435E-07
33176,1.4003E+12,4.24435E-07
33177,1.4003E+12,4.24435E-07
33178,1.4003E+12,4.24435E-07
33179,1.4003E+12,4.24435E-07
33180,1.4003E+12,4.24435E-07
33181,1.4003E+12,4.24435E-07
33182,1.4003E+12,4.24435E-07
33183,1.4003E+12,4.24435E-07
33184,1.4003E+12,4.2444E-07
33185,1.4003E+12,4.2444E-07
33186,1.4002E+12,4.2444E-07
33187,1.4002E+12,4.2444E-07
33188,1.4002E+12,4.2444E-07
33189,1.4002E+12,4.2444E-07
33190,1.4002E+12,4.2444E-07
33191,1.4002E+12,4.2444E-07
33192,1.4002E+12,4.2444E-07
33193,1.4002E+12,4.2444E-07
33194,1.4002E+12,4.2444E-07
33195,1.4001E+12,4.24445E-07
33196,1.4001E+12,4.24445E-07
33197,1.4001E+12,4.24445E-07
33198,1.4001E+12,4.24445E-07
33199,1.4001E+12,4.24445E-07
33200,1.4001E+12,4.24445E-07
33201,1.4001E+12,4.24445E-07
33202,1.4001E+12,4.24445E-07
33203,1.4001E+12,4.24445E-07
33204,1.4E+12,4.24445E-07
33205,1.4E+12,4.24445E-07
33206,1.4E+12,4.2445E-07
33207,1.4E+12,4.2445E-07
33208,1.4E+12,4.2445E-07
33209,1.4E+12,4.2445E-07
33210,1.4E+12,4.2445E-07
33211,1.4E+12,4.2445E-07
33212,1.4E+12,4.2445E-07
33213,1.3999E+12,4.2445E-07
33214,1.3999E+12,4.2445E-07
33215,1.3999E+12,4.2445E-07
33216,1.3999E+12,4.2445E-07
33217,1.3999E+12,4.24455E-07
33218,1.3999E+12,4.24455E-07
33219,1.3999E+12,4.24455E-07
33220,1.3999E+12,4.24455E-07
33221,1.3999E+12,4.24455E-07
33222,1.3999E+12,4.24455E-07
33223,1.3998E+12,4.24455E-07
33224,1.3998E+12,4.24455E-07
33225,1.3998E+12,4.24455E-07
33226,1.3998E+12,4.24455E-07
33227,1.3998E+12,4.24455E-07
33228,1.3998E+12,4.2446E-07
33229,1.3998E+12,4.2446E-07
33230,1.3998E+12,4.2446E-07
33231,1.3998E+12,4.2446E-07
33232,1.3997E+12,4.2446E-07
33233,1.3997E+12,4.2446E-07
33234,1.3997E+12,4.2446E-07
33235,1.3997E+12,4.2446E-07
33236,1.3997E+12,4.2446E-07
33237,1.3997E+12,4.2446E-07
33238,1.3997E+12,4.2446E-07
33239,1.3997E+12,4.24465E-07
33240,1.3997E+12,4.24465E-07
33241,1.3996E+12,4.24465E-07
33242,1.3996E+12,4.24465E-07
33243,1.3996E+12,4.24465E-07
33244,1.3996E+12,4.24465E-07
33245,1.3996E+12,4.24465E-07
33246,1.3996E+12,4.24465E-07
33247,1.3996E+12,4.24465E-07
33248,1.3996E+12,4.24465E-07
33249,1.3996E+12,4.24465E-07
33250,1.3996E+12,4.2447E-07
33251,1.3995E+12,4.2447E-07
33252,1.3995E+12,4.2447E-07
33253,1.3995E+12,4.2447E-07
33254,1.3995E+12,4.2447E-07
33255,1.3995E+12,4.2447E-07
33256,1.3995E+12,4.2447E-07
33257,1.3995E+12,4.2447E-07
33258,1.3995E+12,4.2447E-07
33259,1.3995E+12,4.2447E-07
33260,1.3994E+12,4.2447E-07
33261,1.3994E+12,4.24475E-07
33262,1.3994E+12,4.24475E-07
33263,1.3994E+12,4.24475E-07
33264,1.3994E+12,4.24475E-07
33265,1.3994E+12,4.24475E-07
33266,1.3994E+12,4.24475E-07
33267,1.3994E+12,4.24475E-07
33268,1.3994E+12,4.24475E-07
33269,1.3993E+12,4.24475E-07
33270,1.3993E+12,4.24475E-07
33271,1.3993E+12,4.24475E-07
33272,1.3993E+12,4.2448E-07
33273,1.3993E+12,4.2448E-07
33274,1.3993E+12,4.2448E-07
33275,1.3993E+12,4.2448E-07
33276,1.3993E+12,4.2448E-07
33277,1.3993E+12,4.2448E-07
33278,1.3992E+12,4.2448E-07
33279,1.3992E+12,4.2448E-07
33280,1.3992E+12,4.2448E-07
33281,1.3992E+12,4.2448E-07
33282,1.3992E+12,4.2448E-07
33283,1.3992E+12,4.24485E-07
33284,1.3992E+12,4.24485E-07
33285,1.3992E+12,4.24485E-07
33286,1.3992E+12,4.24485E-07
33287,1.3992E+12,4.24485E-07
33288,1.3991E+12,4.24485E-07
33289,1.3991E+12,4.24485E-07
33290,1.3991E+12,4.24485E-07
33291,1.3991E+12,4.24485E-07
33292,1.3991E+12,4.24485E-07
33293,1.3991E+12,4.24485E-07
33294,1.3991E+12,4.2449E-07
33295,1.3991E+12,4.2449E-07
33296,1.3991E+12,4.2449E-07
33297,1.399E+12,4.2449E-07
33298,1.399E+12,4.2449E-07
33299,1.399E+12,4.2449E-07
33300,1.399E+12,4.2449E-07
33301,1.399E+12,4.2449E-07
33302,1.399E+12,4.2449E-07
33303,1.399E+12,4.2449E-07
33304,1.399E+12,4.2449E-07
33305,1.399E+12,4.24495E-07
33306,1.3989E+12,4.24495E-07
33307,1.3989E+12,4.24495E-07
33308,1.3989E+12,4.24495E-07
33309,1.3989E+12,4.24495E-07
33310,1.3989E+12,4.24495E-07
33311,1.3989E+12,4.24495E-07
33312,1.3989E+12,4.24495E-07
33313,1.3989E+12,4.24495E-07
33314,1.3989E+12,4.24495E-07
33315,1.3989E+12,4.24495E-07
33316,1.3988E+12,4.245E-07
33317,1.3988E+12,4.245E-07
33318,1.3988E+12,4.245E-07
33319,1.3988E+12,4.245E-07
33320,1.3988E+12,4.245E-07
33321,1.3988E+12,4.245E-07
33322,1.3988E+12,4.245E-07
33323,1.3988E+12,4.245E-07
33324,1.3988E+12,4.245E-07
33325,1.3987E+12,4.245E-07
33326,1.3987E+12,4.245E-07
33327,1.3987E+12,4.24505E-07
33328,1.3987E+12,4.24505E-07
33329,1.3987E+12,4.24505E-07
33330,1.3987E+12,4.24505E-07
33331,1.3987E+12,4.24505E-07
33332,1.3987E+12,4.24505E-07
33333,1.3987E+12,4.24505E-07
33334,1.3986E+12,4.24505E-07
33335,1.3986E+12,4.24505E-07
33336,1.3986E+12,4.24505E-07
33337,1.3986E+12,4.24505E-07
33338,1.3986E+12,4.2451E-07
33339,1.3986E+12,4.2451E-07
33340,1.3986E+12,4.2451E-07
33341,1.3986E+12,4.2451E-07
33342,1.3986E+12,4.2451E-07
33343,1.3986E+12,4.2451E-07
33344,1.3985E+12,4.2451E-07
33345,1.3985E+12,4.2451E-07
33346,1.3985E+12,4.2451E-07
33347,1.3985E+12,4.2451E-07
33348,1.3985E+12,4.2451E-07
33349,1.3985E+12,4.24515E-07
33350,1.3985E+12,4.24515E-07
33351,1.3985E+12,4.24515E-07
33352,1.3985E+12,4.24515E-07
33353,1.3984E+12,4.24515E-07
33354,1.3984E+12,4.24515E-07
33355,1.3984E+12,4.24515E-07
33356,1.3984E+12,4.24515E-07
33357,1.3984E+12,4.24515E-07
33358,1.3984E+12,4.24515E-07
33359,1.3984E+12,4.24515E-07
33360,1.3984E+12,4.2452E-07
33361,1.3984E+12,4.2452E-07
33362,1.3983E+12,4.2452E-07
33363,1.3983E+12,4.2452E-07
33364,1.3983E+12,4.2452E-07
33365,1.3983E+12,4.2452E-07
33366,1.3983E+12,4.2452E-07
33367,1.3983E+12,4.2452E-07
33368,1.3983E+12,4.2452E-07
33369,1.3983E+12,4.2452E-07
33370,1.3983E+12,4.2452E-07
33371,1.3983E+12,4.24525E-07
33372,1.3982E+12,4.24525E-07
33373,1.3982E+12,4.24525E-07
33374,1.3982E+12,4.24525E-07
33375,1.3982E+12,4.24525E-07
33376,1.3982E+12,4.24525E-07
33377,1.3982E+12,4.24525E-07
33378,1.3982E+12,4.24525E-07
33379,1.3982E+12,4.24525E-07
33380,1.3982E+12,4.24525E-07
33381,1.3981E+12,4.24525E-07
33382,1.3981E+12,4.2453E-07
33383,1.3981E+12,4.2453E-07
33384,1.3981E+12,4.2453E-07
33385,1.3981E+12,4.2453E-07
33386,1.3981E+12,4.2453E-07
33387,1.3981E+12,4.2453E-07
33388,1.3981E+12,4.2453E-07
33389,1.3981E+12,4.2453E-07
33390,1.398E+12,4.2453E-07
33391,1.398E+12,4.2453E-07
33392,1.398E+12,4.2453E-07
33393,1.398E+12,4.24535E-07
33394,1.398E+12,4.24535E-07
33395,1.398E+12,4.24535E-07
33396,1.398E+12,4.24535E-07
33397,1.398E+12,4.24535E-07
33398,1.398E+12,4.24535E-07
33399,1.398E+12,4.24535E-07
33400,1.3979E+12,4.24535E-07
33401,1.3979E+12,4.24535E-07
33402,1.3979E+12,4.24535E-07
33403,1.3979E+12,4.24535E-07
33404,1.3979E+12,4.2454E-07
33405,1.3979E+12,4.2454E-07
33406,1.3979E+12,4.2454E-07
33407,1.3979E+12,4.2454E-07
33408,1.3979E+12,4.2454E-07
33409,1.3978E+12,4.2454E-07
33410,1.3978E+12,4.2454E-07
33411,1.3978E+12,4.2454E-07
33412,1.3978E+12,4.2454E-07
33413,1.3978E+12,4.2454E-07
33414,1.3978E+12,4.2454E-07
33415,1.3978E+12,4.24545E-07
33416,1.3978E+12,4.24545E-07
33417,1.3978E+12,4.24545E-07
33418,1.3977E+12,4.24545E-07
33419,1.3977E+12,4.24545E-07
33420,1.3977E+12,4.24545E-07
33421,1.3977E+12,4.24545E-07
33422,1.3977E+12,4.24545E-07
33423,1.3977E+12,4.24545E-07
33424,1.3977E+12,4.24545E-07
33425,1.3977E+12,4.24545E-07
33426,1.3977E+12,4.2455E-07
33427,1.3977E+12,4.2455E-07
33428,1.3976E+12,4.2455E-07
33429,1.3976E+12,4.2455E-07
33430,1.3976E+12,4.2455E-07
33431,1.3976E+12,4.2455E-07
33432,1.3976E+12,4.2455E-07
33433,1.3976E+12,4.2455E-07
33434,1.3976E+12,4.2455E-07
33435,1.3976E+12,4.2455E-07
33436,1.3976E+12,4.2455E-07
33437,1.3975E+12,4.24555E-07
33438,1.3975E+12,4.24555E-07
33439,1.3975E+12,4.24555E-07
33440,1.3975E+12,4.24555E-07
33441,1.3975E+12,4.24555E-07
33442,1.3975E+12,4.24555E-07
33443,1.3975E+12,4.24555E-07
33444,1.3975E+12,4.24555E-07
33445,1.3975E+12,4.24555E-07
33446,1.3974E+12,4.24555E-07
33447,1.3974E+12,4.24555E-07
33448,1.3974E+12,4.2456E-07
33449,1.3974E+12,4.2456E-07
33450,1.3974E+12,4.2456E-07
33451,1.3974E+12,4.2456E-07
33452,1.3974E+12,4.2456E-07
33453,1.3974E+12,4.2456E-07
33454,1.3974E+12,4.2456E-07
33455,1.3974E+12,4.2456E-07
33456,1.3973E+12,4.2456E-07
33457,1.3973E+12,4.2456E-07
33458,1.3973E+12,4.2456E-07
33459,1.3973E+12,4.24565E-07
33460,1.3973E+12,4.24565E-07
33461,1.3973E+12,4.24565E-07
33462,1.3973E+12,4.24565E-07
33463,1.3973E+12,4.24565E-07
33464,1.3973E+12,4.24565E-07
33465,1.3972E+12,4.24565E-07
33466,1.3972E+12,4.24565E-07
33467,1.3972E+12,4.24565E-07
33468,1.3972E+12,4.24565E-07
33469,1.3972E+12,4.24565E-07
33470,1.3972E+12,4.24565E-07
33471,1.3972E+12,4.2457E-07
33472,1.3972E+12,4.2457E-07
33473,1.3972E+12,4.2457E-07
33474,1.3971E+12,4.2457E-07
33475,1.3971E+12,4.2457E-07
33476,1.3971E+12,4.2457E-07
33477,1.3971E+12,4.2457E-07
33478,1.3971E+12,4.2457E-07
33479,1.3971E+12,4.2457E-07
33480,1.3971E+12,4.2457E-07
33481,1.3971E+12,4.2457E-07
33482,1.3971E+12,4.24575E-07
33483,1.3971E+12,4.24575E-07
33484,1.397E+12,4.24575E-07
33485,1.397E+12,4.24575E-07
33486,1.397E+12,4.24575E-07
33487,1.397E+12,4.24575E-07
33488,1.397E+12,4.24575E-07
33489,1.397E+12,4.24575E-07
33490,1.397E+12,4.24575E-07
33491,1.397E+12,4.24575E-07
33492,1.397E+12,4.24575E-07
33493,1.3969E+12,4.2458E-07
33494,1.3969E+12,4.2458E-07
33495,1.3969E+12,4.2458E-07
33496,1.3969E+12,4.2458E-07
33497,1.3969E+12,4.2458E-07
33498,1.3969E+12,4.2458E-07
33499,1.3969E+12,4.2458E-07
33500,1.3969E+12,4.2458E-07
33501,1.3969E+12,4.2458E-07
33502,1.3968E+12,4.2458E-07
33503,1.3968E+12,4.2458E-07
33504,1.3968E+12,4.24585E-07
33505,1.3968E+12,4.24585E-07
33506,1.3968E+12,4.24585E-07
33507,1.3968E+12,4.24585E-07
33508,1.3968E+12,4.24585E-07
33509,1.3968E+12,4.24585E-07
33510,1.3968E+12,4.24585E-07
33511,1.3968E+12,4.24585E-07
33512,1.3967E+12,4.24585E-07
33513,1.3967E+12,4.24585E-07
33514,1.3967E+12,4.24585E-07
33515,1.3967E+12,4.2459E-07
33516,1.3967E+12,4.2459E-07
33517,1.3967E+12,4.2459E-07
33518,1.3967E+12,4.2459E-07
33519,1.3967E+12,4.2459E-07
33520,1.3967E+12,4.2459E-07
33521,1.3966E+12,4.2459E-07
33522,1.3966E+12,4.2459E-07
33523,1.3966E+12,4.2459E-07
33524,1.3966E+12,4.2459E-07
33525,1.3966E+12,4.2459E-07
33526,1.3966E+12,4.24595E-07
33527,1.3966E+12,4.24595E-07
33528,1.3966E+12,4.24595E-07
33529,1.3966E+12,4.24595E-07
33530,1.3966E+12,4.24595E-07
33531,1.3965E+12,4.24595E-07
33532,1.3965E+12,4.24595E-07
33533,1.3965E+12,4.24595E-07
33534,1.3965E+12,4.24595E-07
33535,1.3965E+12,4.24595E-07
33536,1.3965E+12,4.24595E-07
33537,1.3965E+12,4.246E-07
33538,1.3965E+12,4.246E-07
33539,1.3965E+12,4.246E-07
33540,1.3964E+12,4.246E-07
33541,1.3964E+12,4.246E-07
33542,1.3964E+12,4.246E-07
33543,1.3964E+12,4.246E-07
33544,1.3964E+12,4.246E-07
33545,1.3964E+12,4.246E-07
33546,1.3964E+12,4.246E-07
33547,1.3964E+12,4.246E-07
33548,1.3964E+12,4.24605E-07
33549,1.3963E+12,4.24605E-07
33550,1.3963E+12,4.24605E-07
33551,1.3963E+12,4.24605E-07
33552,1.3963E+12,4.24605E-07
33553,1.3963E+12,4.24605E-07
33554,1.3963E+12,4.24605E-07
33555,1.3963E+12,4.24605E-07
33556,1.3963E+12,4.24605E-07
33557,1.3963E+12,4.24605E-07
33558,1.3963E+12,4.24605E-07
33559,1.3962E+12,4.2461E-07
33560,1.3962E+12,4.2461E-07
33561,1.3962E+12,4.2461E-07
33562,1.3962E+12,4.2461E-07
33563,1.3962E+12,4.2461E-07
33564,1.3962E+12,4.2461E-07
33565,1.3962E+12,4.2461E-07
33566,1.3962E+12,4.2461E-07
33567,1.3962E+12,4.2461E-07
33568,1.3961E+12,4.2461E-07
33569,1.3961E+12,4.2461E-07
33570,1.3961E+12,4.24615E-07
33571,1.3961E+12,4.24615E-07
33572,1.3961E+12,4.24615E-07
33573,1.3961E+12,4.24615E-07
33574,1.3961E+12,4.24615E-07
33575,1.3961E+12,4.24615E-07
33576,1.3961E+12,4.24615E-07
33577,1.3961E+12,4.24615E-07
33578,1.396E+12,4.24615E-07
33579,1.396E+12,4.24615E-07
33580,1.396E+12,4.24615E-07
33581,1.396E+12,4.24615E-07
33582,1.396E+12,4.2462E-07
33583,1.396E+12,4.2462E-07
33584,1.396E+12,4.2462E-07
33585,1.396E+12,4.2462E-07
33586,1.396E+12,4.2462E-07
33587,1.3959E+12,4.2462E-07
33588,1.3959E+12,4.2462E-07
33589,1.3959E+12,4.2462E-07
33590,1.3959E+12,4.2462E-07
33591,1.3959E+12,4.2462E-07
33592,1.3959E+12,4.2462E-07
33593,1.3959E+12,4.24625E-07
33594,1.3959E+12,4.24625E-07
33595,1.3959E+12,4.24625E-07
33596,1.3958E+12,4.24625E-07
33597,1.3958E+12,4.24625E-07
33598,1.3958E+12,4.24625E-07
33599,1.3958E+12,4.24625E-07
33600,1.3958E+12,4.24625E-07
33601,1.3958E+12,4.24625E-07
33602,1.3958E+12,4.24625E-07
33603,1.3958E+12,4.24625E-07
33604,1.3958E+12,4.2463E-07
33605,1.3958E+12,4.2463E-07
33606,1.3957E+12,4.2463E-07
33607,1.3957E+12,4.2463E-07
33608,1.3957E+12,4.2463E-07
33609,1.3957E+12,4.2463E-07
33610,1.3957E+12,4.2463E-07
33611,1.3957E+12,4.2463E-07
33612,1.3957E+12,4.2463E-07
33613,1.3957E+12,4.2463E-07
33614,1.3957E+12,4.2463E-07
33615,1.3956E+12,4.24635E-07
33616,1.3956E+12,4.24635E-07
33617,1.3956E+12,4.24635E-07
33618,1.3956E+12,4.24635E-07
33619,1.3956E+12,4.24635E-07
33620,1.3956E+12,4.24635E-07
33621,1.3956E+12,4.24635E-07
33622,1.3956E+12,4.24635E-07
33623,1.3956E+12,4.24635E-07
33624,1.3956E+12,4.24635E-07
33625,1.3955E+12,4.24635E-07
33626,1.3955E+12,4.2464E-07
33627,1.3955E+12,4.2464E-07
33628,1.3955E+12,4.2464E-07
33629,1.3955E+12,4.2464E-07
33630,1.3955E+12,4.2464E-07
33631,1.3955E+12,4.2464E-07
33632,1.3955E+12,4.2464E-07
33633,1.3955E+12,4.2464E-07
33634,1.3954E+12,4.2464E-07
33635,1.3954E+12,4.2464E-07
33636,1.3954E+12,4.2464E-07
33637,1.3954E+12,4.24645E-07
33638,1.3954E+12,4.24645E-07
33639,1.3954E+12,4.24645E-07
33640,1.3954E+12,4.24645E-07
33641,1.3954E+12,4.24645E-07
33642,1.3954E+12,4.24645E-07
33643,1.3953E+12,4.24645E-07
33644,1.3953E+12,4.24645E-07
33645,1.3953E+12,4.24645E-07
33646,1.3953E+12,4.24645E-07
33647,1.3953E+12,4.24645E-07
33648,1.3953E+12,4.2465E-07
33649,1.3953E+12,4.2465E-07
33650,1.3953E+12,4.2465E-07
33651,1.3953E+12,4.2465E-07
33652,1.3953E+12,4.2465E-07
33653,1.3952E+12,4.2465E-07
33654,1.3952E+12,4.2465E-07
33655,1.3952E+12,4.2465E-07
33656,1.3952E+12,4.2465E-07
33657,1.3952E+12,4.2465E-07
33658,1.3952E+12,4.2465E-07
33659,1.3952E+12,4.2465E-07
33660,1.3952E+12,4.24655E-07
33661,1.3952E+12,4.24655E-07
33662,1.3951E+12,4.24655E-07
33663,1.3951E+12,4.24655E-07
33664,1.3951E+12,4.24655E-07
33665,1.3951E+12,4.24655E-07
33666,1.3951E+12,4.24655E-07
33667,1.3951E+12,4.24655E-07
33668,1.3951E+12,4.24655E-07
33669,1.3951E+12,4.24655E-07
33670,1.3951E+12,4.24655E-07
33671,1.3951E+12,4.2466E-07
33672,1.395E+12,4.2466E-07
33673,1.395E+12,4.2466E-07
33674,1.395E+12,4.2466E-07
33675,1.395E+12,4.2466E-07
33676,1.395E+12,4.2466E-07
33677,1.395E+12,4.2466E-07
33678,1.395E+12,4.2466E-07
33679,1.395E+12,4.2466E-07
33680,1.395E+12,4.2466E-07
33681,1.3949E+12,4.2466E-07
33682,1.3949E+12,4.24665E-07
33683,1.3949E+12,4.24665E-07
33684,1.3949E+12,4.24665E-07
33685,1.3949E+12,4.24665E-07
33686,1.3949E+12,4.24665E-07
33687,1.3949E+12,4.24665E-07
33688,1.3949E+12,4.24665E-07
33689,1.3949E+12,4.24665E-07
33690,1.3949E+12,4.24665E-07
33691,1.3948E+12,4.24665E-07
33692,1.3948E+12,4.24665E-07
33693,1.3948E+12,4.2467E-07
33694,1.3948E+12,4.2467E-07
33695,1.3948E+12,4.2467E-07
33696,1.3948E+12,4.2467E-07
33697,1.3948E+12,4.2467E-07
33698,1.3948E+12,4.2467E-07
33699,1.3948E+12,4.2467E-07
33700,1.3947E+12,4.2467E-07
33701,1.3947E+12,4.2467E-07
33702,1.3947E+12,4.2467E-07
33703,1.3947E+12,4.2467E-07
33704,1.3947E+12,4.24675E-07
33705,1.3947E+12,4.24675E-07
33706,1.3947E+12,4.24675E-07
33707,1.3947E+12,4.24675E-07
33708,1.3947E+12,4.24675E-07
33709,1.3946E+12,4.24675E-07
33710,1.3946E+12,4.24675E-07
33711,1.3946E+12,4.24675E-07
33712,1.3946E+12,4.24675E-07
33713,1.3946E+12,4.24675E-07
33714,1.3946E+12,4.24675E-07
33715,1.3946E+12,4.2468E-07
33716,1.3946E+12,4.2468E-07
33717,1.3946E+12,4.2468E-07
33718,1.3946E+12,4.2468E-07
33719,1.3945E+12,4.2468E-07
33720,1.3945E+12,4.2468E-07
33721,1.3945E+12,4.2468E-07
33722,1.3945E+12,4.2468E-07
33723,1.3945E+12,4.2468E-07
33724,1.3945E+12,4.2468E-07
33725,1.3945E+12,4.2468E-07
33726,1.3945E+12,4.24685E-07
33727,1.3945E+12,4.24685E-07
33728,1.3944E+12,4.24685E-07
33729,1.3944E+12,4.24685E-07
33730,1.3944E+12,4.24685E-07
33731,1.3944E+12,4.24685E-07
33732,1.3944E+12,4.24685E-07
33733,1.3944E+12,4.24685E-07
33734,1.3944E+12,4.24685E-07
33735,1.3944E+12,4.24685E-07
33736,1.3944E+12,4.24685E-07
33737,1.3944E+12,4.24685E-07
33738,1.3943E+12,4.2469E-07
33739,1.3943E+12,4.2469E-07
33740,1.3943E+12,4.2469E-07
33741,1.3943E+12,4.2469E-07
33742,1.3943E+12,4.2469E-07
33743,1.3943E+12,4.2469E-07
33744,1.3943E+12,4.2469E-07
33745,1.3943E+12,4.2469E-07
33746,1.3943E+12,4.2469E-07
33747,1.3942E+12,4.2469E-07
33748,1.3942E+12,4.2469E-07
33749,1.3942E+12,4.24695E-07
33750,1.3942E+12,4.24695E-07
33751,1.3942E+12,4.24695E-07
33752,1.3942E+12,4.24695E-07
33753,1.3942E+12,4.24695E-07
33754,1.3942E+12,4.24695E-07
33755,1.3942E+12,4.24695E-07
33756,1.3942E+12,4.24695E-07
33757,1.3941E+12,4.24695E-07
33758,1.3941E+12,4.24695E-07
33759,1.3941E+12,4.24695E-07
33760,1.3941E+12,4.247E-07
33761,1.3941E+12,4.247E-07
33762,1.3941E+12,4.247E-07
33763,1.3941E+12,4.247E-07
33764,1.3941E+12,4.247E-07
33765,1.3941E+12,4.247E-07
33766,1.394E+12,4.247E-07
33767,1.394E+12,4.247E-07
33768,1.394E+12,4.247E-07
33769,1.394E+12,4.247E-07
33770,1.394E+12,4.247E-07
33771,1.394E+12,4.24705E-07
33772,1.394E+12,4.24705E-07
33773,1.394E+12,4.24705E-07
33774,1.394E+12,4.24705E-07
33775,1.394E+12,4.24705E-07
33776,1.3939E+12,4.24705E-07
33777,1.3939E+12,4.24705E-07
33778,1.3939E+12,4.24705E-07
33779,1.3939E+12,4.24705E-07
33780,1.3939E+12,4.24705E-07
33781,1.3939E+12,4.24705E-07
33782,1.3939E+12,4.2471E-07
33783,1.3939E+12,4.2471E-07
33784,1.3939E+12,4.2471E-07
33785,1.3938E+12,4.2471E-07
33786,1.3938E+12,4.2471E-07
33787,1.3938E+12,4.2471E-07
33788,1.3938E+12,4.2471E-07
33789,1.3938E+12,4.2471E-07
33790,1.3938E+12,4.2471E-07
33791,1.3938E+12,4.2471E-07
33792,1.3938E+12,4.2471E-07
33793,1.3938E+12,4.2471E-07
33794,1.3938E+12,4.24715E-07
33795,1.3937E+12,4.24715E-07
33796,1.3937E+12,4.24715E-07
33797,1.3937E+12,4.24715E-07
33798,1.3937E+12,4.24715E-07
33799,1.3937E+12,4.24715E-07
33800,1.3937E+12,4.24715E-07
33801,1.3937E+12,4.24715E-07
33802,1.3937E+12,4.24715E-07
33803,1.3937E+12,4.24715E-07
33804,1.3936E+12,4.24715E-07
33805,1.3936E+12,4.2472E-07
33806,1.3936E+12,4.2472E-07
33807,1.3936E+12,4.2472E-07
33808,1.3936E+12,4.2472E-07
33809,1.3936E+12,4.2472E-07
33810,1.3936E+12,4.2472E-07
33811,1.3936E+12,4.2472E-07
33812,1.3936E+12,4.2472E-07
33813,1.3936E+12,4.2472E-07
33814,1.3935E+12,4.2472E-07
33815,1.3935E+12,4.2472E-07
33816,1.3935E+12,4.24725E-07
33817,1.3935E+12,4.24725E-07
33818,1.3935E+12,4.24725E-07
33819,1.3935E+12,4.24725E-07
33820,1.3935E+12,4.24725E-07
33821,1.3935E+12,4.24725E-07
33822,1.3935E+12,4.24725E-07
33823,1.3934E+12,4.24725E-07
33824,1.3934E+12,4.24725E-07
33825,1.3934E+12,4.24725E-07
33826,1.3934E+12,4.24725E-07
33827,1.3934E+12,4.2473E-07
33828,1.3934E+12,4.2473E-07
33829,1.3934E+12,4.2473E-07
33830,1.3934E+12,4.2473E-07
33831,1.3934E+12,4.2473E-07
33832,1.3934E+12,4.2473E-07
33833,1.3933E+12,4.2473E-07
33834,1.3933E+12,4.2473E-07
33835,1.3933E+12,4.2473E-07
33836,1.3933E+12,4.2473E-07
33837,1.3933E+12,4.2473E-07
33838,1.3933E+12,4.24735E-07
33839,1.3933E+12,4.24735E-07
33840,1.3933E+12,4.24735E-07
33841,1.3933E+12,4.24735E-07
33842,1.3932E+12,4.24735E-07
33843,1.3932E+12,4.24735E-07
33844,1.3932E+12,4.24735E-07
33845,1.3932E+12,4.24735E-07
33846,1.3932E+12,4.24735E-07
33847,1.3932E+12,4.24735E-07
33848,1.3932E+12,4.24735E-07
33849,1.3932E+12,4.24735E-07
33850,1.3932E+12,4.2474E-07
33851,1.3932E+12,4.2474E-07
33852,1.3931E+12,4.2474E-07
33853,1.3931E+12,4.2474E-07
33854,1.3931E+12,4.2474E-07
33855,1.3931E+12,4.2474E-07
33856,1.3931E+12,4.2474E-07
33857,1.3931E+12,4.2474E-07
33858,1.3931E+12,4.2474E-07
33859,1.3931E+12,4.2474E-07
33860,1.3931E+12,4.2474E-07
33861,1.393E+12,4.24745E-07
33862,1.393E+12,4.24745E-07
33863,1.393E+12,4.24745E-07
33864,1.393E+12,4.24745E-07
33865,1.393E+12,4.24745E-07
33866,1.393E+12,4.24745E-07
33867,1.393E+12,4.24745E-07
33868,1.393E+12,4.24745E-07
33869,1.393E+12,4.24745E-07
33870,1.393E+12,4.24745E-07
33871,1.3929E+12,4.24745E-07
33872,1.3929E+12,4.2475E-07
33873,1.3929E+12,4.2475E-07
33874,1.3929E+12,4.2475E-07
33875,1.3929E+12,4.2475E-07
33876,1.3929E+12,4.2475E-07
33877,1.3929E+12,4.2475E-07
33878,1.3929E+12,4.2475E-07
33879,1.3929E+12,4.2475E-07
33880,1.3928E+12,4.2475E-07
33881,1.3928E+12,4.2475E-07
33882,1.3928E+12,4.2475E-07
33883,1.3928E+12,4.24755E-07
33884,1.3928E+12,4.24755E-07
33885,1.3928E+12,4.24755E-07
33886,1.3928E+12,4.24755E-07
33887,1.3928E+12,4.24755E-07
33888,1.3928E+12,4.24755E-07
33889,1.3928E+12,4.24755E-07
33890,1.3927E+12,4.24755E-07
33891,1.3927E+12,4.24755E-07
33892,1.3927E+12,4.24755E-07
33893,1.3927E+12,4.24755E-07
33894,1.3927E+12,4.24755E-07
33895,1.3927E+12,4.2476E-07
33896,1.3927E+12,4.2476E-07
33897,1.3927E+12,4.2476E-07
33898,1.3927E+12,4.2476E-07
33899,1.3926E+12,4.2476E-07
33900,1.3926E+12,4.2476E-07
33901,1.3926E+12,4.2476E-07
33902,1.3926E+12,4.2476E-07
33903,1.3926E+12,4.2476E-07
33904,1.3926E+12,4.2476E-07
33905,1.3926E+12,4.2476E-07
33906,1.3926E+12,4.24765E-07
33907,1.3926E+12,4.24765E-07
33908,1.3926E+12,4.24765E-07
33909,1.3925E+12,4.24765E-07
33910,1.3925E+12,4.24765E-07
33911,1.3925E+12,4.24765E-07
33912,1.3925E+12,4.24765E-07
33913,1.3925E+12,4.24765E-07
33914,1.3925E+12,4.24765E-07
33915,1.3925E+12,4.24765E-07
33916,1.3925E+12,4.24765E-07
33917,1.3925E+12,4.2477E-07
33918,1.3924E+12,4.2477E-07
33919,1.3924E+12,4.2477E-07
33920,1.3924E+12,4.2477E-07
33921,1.3924E+12,4.2477E-07
33922,1.3924E+12,4.2477E-07
33923,1.3924E+12,4.2477E-07
33924,1.3924E+12,4.2477E-07
33925,1.3924E+12,4.2477E-07
33926,1.3924E+12,4.2477E-07
33927,1.3924E+12,4.2477E-07
33928,1.3923E+12,4.24775E-07
33929,1.3923E+12,4.24775E-07
33930,1.3923E+12,4.24775E-07
33931,1.3923E+12,4.24775E-07
33932,1.3923E+12,4.24775E-07
33933,1.3923E+12,4.24775E-07
33934,1.3923E+12,4.24775E-07
33935,1.3923E+12,4.24775E-07
33936,1.3923E+12,4.24775E-07
33937,1.3922E+12,4.24775E-07
33938,1.3922E+12,4.24775E-07
33939,1.3922E+12,4.2478E-07
33940,1.3922E+12,4.2478E-07
33941,1.3922E+12,4.2478E-07
33942,1.3922E+12,4.2478E-07
33943,1.3922E+12,4.2478E-07
33944,1.3922E+12,4.2478E-07
33945,1.3922E+12,4.2478E-07
33946,1.3922E+12,4.2478E-07
33947,1.3921E+12,4.2478E-07
33948,1.3921E+12,4.2478E-07
33949,1.3921E+12,4.2478E-07
33950,1.3921E+12,4.2478E-07
33951,1.3921E+12,4.24785E-07
33952,1.3921E+12,4.24785E-07
33953,1.3921E+12,4.24785E-07
33954,1.3921E+12,4.24785E-07
33955,1.3921E+12,4.24785E-07
33956,1.392E+12,4.24785E-07
33957,1.392E+12,4.24785E-07
33958,1.392E+12,4.24785E-07
33959,1.392E+12,4.24785E-07
33960,1.392E+12,4.24785E-07
33961,1.392E+12,4.24785E-07
33962,1.392E+12,4.2479E-07
33963,1.392E+12,4.2479E-07
33964,1.392E+12,4.2479E-07
33965,1.392E+12,4.2479E-07
33966,1.3919E+12,4.2479E-07
33967,1.3919E+12,4.2479E-07
33968,1.3919E+12,4.2479E-07
33969,1.3919E+12,4.2479E-07
33970,1.3919E+12,4.2479E-07
33971,1.3919E+12,4.2479E-07
33972,1.3919E+12,4.2479E-07
33973,1.3919E+12,4.24795E-07
33974,1.3919E+12,4.24795E-07
33975,1.3918E+12,4.24795E-07
33976,1.3918E+12,4.24795E-07
33977,1.3918E+12,4.24795E-07
33978,1.3918E+12,4.24795E-07
33979,1.3918E+12,4.24795E-07
33980,1.3918E+12,4.24795E-07
33981,1.3918E+12,4.24795E-07
33982,1.3918E+12,4.24795E-07
33983,1.3918E+12,4.24795E-07
33984,1.3918E+12,4.24795E-07
33985,1.3917E+12,4.248E-07
33986,1.3917E+12,4.248E-07
33987,1.3917E+12,4.248E-07
33988,1.3917E+12,4.248E-07
33989,1.3917E+12,4.248E-07
33990,1.3917E+12,4.248E-07
33991,1.3917E+12,4.248E-07
33992,1.3917E+12,4.248E-07
33993,1.3917E+12,4.248E-07
33994,1.3916E+12,4.248E-07
33995,1.3916E+12,4.248E-07
33996,1.3916E+12,4.24805E-07
33997,1.3916E+12,4.24805E-07
33998,1.3916E+12,4.24805E-07
33999,1.3916E+12,4.24805E-07
34000,1.3916E+12,4.24805E-07
34001,1.3916E+12,4.24805E-07
34002,1.3916E+12,4.24805E-07
34003,1.3916E+12,4.24805E-07
34004,1.3915E+12,4.24805E-07
34005,1.3915E+12,4.24805E-07
34006,1.3915E+12,4.24805E-07
34007,1.3915E+12,4.2481E-07
34008,1.3915E+12,4.2481E-07
34009,1.3915E+12,4.2481E-07
34010,1.3915E+12,4.2481E-07
34011,1.3915E+12,4.2481E-07
34012,1.3915E+12,4.2481E-07
34013,1.3915E+12,4.2481E-07
34014,1.3914E+12,4.2481E-07
34015,1.3914E+12,4.2481E-07
34016,1.3914E+12,4.2481E-07
34017,1.3914E+12,4.2481E-07
34018,1.3914E+12,4.24815E-07
34019,1.3914E+12,4.24815E-07
34020,1.3914E+12,4.24815E-07
34021,1.3914E+12,4.24815E-07
34022,1.3914E+12,4.24815E-07
34023,1.3913E+12,4.24815E-07
34024,1.3913E+12,4.24815E-07
34025,1.3913E+12,4.24815E-07
34026,1.3913E+12,4.24815E-07
34027,1.3913E+12,4.24815E-07
34028,1.3913E+12,4.24815E-07
34029,1.3913E+12,4.24815E-07
34030,1.3913E+12,4.2482E-07
34031,1.3913E+12,4.2482E-07
34032,1.3913E+12,4.2482E-07
34033,1.3912E+12,4.2482E-07
34034,1.3912E+12,4.2482E-07
34035,1.3912E+12,4.2482E-07
34036,1.3912E+12,4.2482E-07
34037,1.3912E+12,4.2482E-07
34038,1.3912E+12,4.2482E-07
34039,1.3912E+12,4.2482E-07
34040,1.3912E+12,4.2482E-07
34041,1.3912E+12,4.24825E-07
34042,1.3911E+12,4.24825E-07
34043,1.3911E+12,4.24825E-07
34044,1.3911E+12,4.24825E-07
34045,1.3911E+12,4.24825E-07
34046,1.3911E+12,4.24825E-07
34047,1.3911E+12,4.24825E-07
34048,1.3911E+12,4.24825E-07
34049,1.3911E+12,4.24825E-07
34050,1.3911E+12,4.24825E-07
34051,1.3911E+12,4.24825E-07
34052,1.391E+12,4.2483E-07
34053,1.391E+12,4.2483E-07
34054,1.391E+12,4.2483E-07
34055,1.391E+12,4.2483E-07
34056,1.391E+12,4.2483E-07
34057,1.391E+12,4.2483E-07
34058,1.391E+12,4.2483E-07
34059,1.391E+12,4.2483E-07
34060,1.391E+12,4.2483E-07
34061,1.3909E+12,4.2483E-07
34062,1.3909E+12,4.2483E-07
34063,1.3909E+12,4.24835E-07
34064,1.3909E+12,4.24835E-07
34065,1.3909E+12,4.24835E-07
34066,1.3909E+12,4.24835E-07
34067,1.3909E+12,4.24835E-07
34068,1.3909E+12,4.24835E-07
34069,1.3909E+12,4.24835E-07
34070,1.3909E+12,4.24835E-07
34071,1.3908E+12,4.24835E-07
34072,1.3908E+12,4.24835E-07
34073,1.3908E+12,4.24835E-07
34074,1.3908E+12,4.24835E-07
34075,1.3908E+12,4.2484E-07
34076,1.3908E+12,4.2484E-07
34077,1.3908E+12,4.2484E-07
34078,1.3908E+12,4.2484E-07
34079,1.3908E+12,4.2484E-07
34080,1.3907E+12,4.2484E-07
34081,1.3907E+12,4.2484E-07
34082,1.3907E+12,4.2484E-07
34083,1.3907E+12,4.2484E-07
34084,1.3907E+12,4.2484E-07
34085,1.3907E+12,4.2484E-07
34086,1.3907E+12,4.24845E-07
34087,1.3907E+12,4.24845E-07
34088,1.3907E+12,4.24845E-07
34089,1.3907E+12,4.24845E-07
34090,1.3906E+12,4.24845E-07
34091,1.3906E+12,4.24845E-07
34092,1.3906E+12,4.24845E-07
34093,1.3906E+12,4.24845E-07
34094,1.3906E+12,4.24845E-07
34095,1.3906E+12,4.24845E-07
34096,1.3906E+12,4.24845E-07
34097,1.3906E+12,4.2485E-07
34098,1.3906E+12,4.2485E-07
34099,1.3906E+12,4.2485E-07
34100,1.3905E+12,4.2485E-07
34101,1.3905E+12,4.2485E-07
34102,1.3905E+12,4.2485E-07
34103,1.3905E+12,4.2485E-07
34104,1.3905E+12,4.2485E-07
34105,1.3905E+12,4.2485E-07
34106,1.3905E+12,4.2485E-07
34107,1.3905E+12,4.2485E-07
34108,1.3905E+12,4.2485E-07
34109,1.3904E+12,4.24855E-07
34110,1.3904E+12,4.24855E-07
34111,1.3904E+12,4.24855E-07
34112,1.3904E+12,4.24855E-07
34113,1.3904E+12,4.24855E-07
34114,1.3904E+12,4.24855E-07
34115,1.3904E+12,4.24855E-07
34116,1.3904E+12,4.24855E-07
34117,1.3904E+12,4.24855E-07
34118,1.3904E+12,4.24855E-07
34119,1.3903E+12,4.24855E-07
34120,1.3903E+12,4.2486E-07
34121,1.3903E+12,4.2486E-07
34122,1.3903E+12,4.2486E-07
34123,1.3903E+12,4.2486E-07
34124,1.3903E+12,4.2486E-07
34125,1.3903E+12,4.2486E-07
34126,1.3903E+12,4.2486E-07
34127,1.3903E+12,4.2486E-07
34128,1.3902E+12,4.2486E-07
34129,1.3902E+12,4.2486E-07
34130,1.3902E+12,4.2486E-07
34131,1.3902E+12,4.24865E-07
34132,1.3902E+12,4.24865E-07
34133,1.3902E+12,4.24865E-07
34134,1.3902E+12,4.24865E-07
34135,1.3902E+12,4.24865E-07
34136,1.3902E+12,4.24865E-07
34137,1.3902E+12,4.24865E-07
34138,1.3901E+12,4.24865E-07
34139,1.3901E+12,4.24865E-07
34140,1.3901E+12,4.24865E-07
34141,1.3901E+12,4.24865E-07
34142,1.3901E+12,4.24865E-07
34143,1.3901E+12,4.2487E-07
34144,1.3901E+12,4.2487E-07
34145,1.3901E+12,4.2487E-07
34146,1.3901E+12,4.2487E-07
34147,1.3901E+12,4.2487E-07
34148,1.39E+12,4.2487E-07
34149,1.39E+12,4.2487E-07
34150,1.39E+12,4.2487E-07
34151,1.39E+12,4.2487E-07
34152,1.39E+12,4.2487E-07
34153,1.39E+12,4.2487E-07
34154,1.39E+12,4.24875E-07
34155,1.39E+12,4.24875E-07
34156,1.39E+12,4.24875E-07
34157,1.3899E+12,4.24875E-07
34158,1.3899E+12,4.24875E-07
34159,1.3899E+12,4.24875E-07
34160,1.3899E+12,4.24875E-07
34161,1.3899E+12,4.24875E-07
34162,1.3899E+12,4.24875E-07
34163,1.3899E+12,4.24875E-07
34164,1.3899E+12,4.24875E-07
34165,1.3899E+12,4.2488E-07
34166,1.3899E+12,4.2488E-07
34167,1.3898E+12,4.2488E-07
34168,1.3898E+12,4.2488E-07
34169,1.3898E+12,4.2488E-07
34170,1.3898E+12,4.2488E-07
34171,1.3898E+12,4.2488E-07
34172,1.3898E+12,4.2488E-07
34173,1.3898E+12,4.2488E-07
34174,1.3898E+12,4.2488E-07
34175,1.3898E+12,4.2488E-07
34176,1.3897E+12,4.2488E-07
34177,1.3897E+12,4.24885E-07
34178,1.3897E+12,4.24885E-07
34179,1.3897E+12,4.24885E-07
34180,1.3897E+12,4.24885E-07
34181,1.3897E+12,4.24885E-07
34182,1.3897E+12,4.24885E-07
34183,1.3897E+12,4.24885E-07
34184,1.3897E+12,4.24885E-07
34185,1.3897E+12,4.24885E-07
34186,1.3896E+12,4.24885E-07
34187,1.3896E+12,4.24885E-07
34188,1.3896E+12,4.2489E-07
34189,1.3896E+12,4.2489E-07
34190,1.3896E+12,4.2489E-07
34191,1.3896E+12,4.2489E-07
34192,1.3896E+12,4.2489E-07
34193,1.3896E+12,4.2489E-07
34194,1.3896E+12,4.2489E-07
34195,1.3896E+12,4.2489E-07
34196,1.3895E+12,4.2489E-07
34197,1.3895E+12,4.2489E-07
34198,1.3895E+12,4.2489E-07
34199,1.3895E+12,4.24895E-07
34200,1.3895E+12,4.24895E-07
34201,1.3895E+12,4.24895E-07
34202,1.3895E+12,4.24895E-07
34203,1.3895E+12,4.24895E-07
34204,1.3895E+12,4.24895E-07
34205,1.3894E+12,4.24895E-07
34206,1.3894E+12,4.24895E-07
34207,1.3894E+12,4.24895E-07
34208,1.3894E+12,4.24895E-07
34209,1.3894E+12,4.24895E-07
34210,1.3894E+12,4.24895E-07
34211,1.3894E+12,4.249E-07
34212,1.3894E+12,4.249E-07
34213,1.3894E+12,4.249E-07
34214,1.3894E+12,4.249E-07
34215,1.3893E+12,4.249E-07
34216,1.3893E+12,4.249E-07
34217,1.3893E+12,4.249E-07
34218,1.3893E+12,4.249E-07
34219,1.3893E+12,4.249E-07
34220,1.3893E+12,4.249E-07
34221,1.3893E+12,4.249E-07
34222,1.3893E+12,4.24905E-07
34223,1.3893E+12,4.24905E-07
34224,1.3893E+12,4.24905E-07
34225,1.3892E+12,4.24905E-07
34226,1.3892E+12,4.24905E-07
34227,1.3892E+12,4.24905E-07
34228,1.3892E+12,4.24905E-07
34229,1.3892E+12,4.24905E-07
34230,1.3892E+12,4.24905E-07
34231,1.3892E+12,4.24905E-07
34232,1.3892E+12,4.24905E-07
34233,1.3892E+12,4.2491E-07
34234,1.3891E+12,4.2491E-07
34235,1.3891E+12,4.2491E-07
34236,1.3891E+12,4.2491E-07
34237,1.3891E+12,4.2491E-07
34238,1.3891E+12,4.2491E-07
34239,1.3891E+12,4.2491E-07
34240,1.3891E+12,4.2491E-07
34241,1.3891E+12,4.2491E-07
34242,1.3891E+12,4.2491E-07
34243,1.3891E+12,4.2491E-07
34244,1.389E+12,4.2491E-07
34245,1.389E+12,4.24915E-07
34246,1.389E+12,4.24915E-07
34247,1.389E+12,4.24915E-07
34248,1.389E+12,4.24915E-07
34249,1.389E+12,4.24915E-07
34250,1.389E+12,4.24915E-07
34251,1.389E+12,4.24915E-07
34252,1.389E+12,4.24915E-07
34253,1.3889E+12,4.24915E-07
34254,1.3889E+12,4.24915E-07
34255,1.3889E+12,4.24915E-07
34256,1.3889E+12,4.2492E-07
34257,1.3889E+12,4.2492E-07
34258,1.3889E+12,4.2492E-07
34259,1.3889E+12,4.2492E-07
34260,1.3889E+12,4.2492E-07
34261,1.3889E+12,4.2492E-07
34262,1.3889E+12,4.2492E-07
34263,1.3888E+12,4.2492E-07
34264,1.3888E+12,4.2492E-07
34265,1.3888E+12,4.2492E-07
34266,1.3888E+12,4.2492E-07
34267,1.3888E+12,4.24925E-07
34268,1.3888E+12,4.24925E-07
34269,1.3888E+12,4.24925E-07
34270,1.3888E+12,4.24925E-07
34271,1.3888E+12,4.24925E-07
34272,1.3888E+12,4.24925E-07
34273,1.3887E+12,4.24925E-07
34274,1.3887E+12,4.24925E-07
34275,1.3887E+12,4.24925E-07
34276,1.3887E+12,4.24925E-07
34277,1.3887E+12,4.24925E-07
34278,1.3887E+12,4.24925E-07
34279,1.3887E+12,4.2493E-07
34280,1.3887E+12,4.2493E-07
34281,1.3887E+12,4.2493E-07
34282,1.3886E+12,4.2493E-07
34283,1.3886E+12,4.2493E-07
34284,1.3886E+12,4.2493E-07
34285,1.3886E+12,4.2493E-07
34286,1.3886E+12,4.2493E-07
34287,1.3886E+12,4.2493E-07
34288,1.3886E+12,4.2493E-07
34289,1.3886E+12,4.2493E-07
34290,1.3886E+12,4.24935E-07
34291,1.3886E+12,4.24935E-07
34292,1.3885E+12,4.24935E-07
34293,1.3885E+12,4.24935E-07
34294,1.3885E+12,4.24935E-07
34295,1.3885E+12,4.24935E-07
34296,1.3885E+12,4.24935E-07
34297,1.3885E+12,4.24935E-07
34298,1.3885E+12,4.24935E-07
34299,1.3885E+12,4.24935E-07
34300,1.3885E+12,4.24935E-07
34301,1.3885E+12,4.24935E-07
34302,1.3884E+12,4.2494E-07
34303,1.3884E+12,4.2494E-07
34304,1.3884E+12,4.2494E-07
34305,1.3884E+12,4.2494E-07
34306,1.3884E+12,4.2494E-07
34307,1.3884E+12,4.2494E-07
34308,1.3884E+12,4.2494E-07
34309,1.3884E+12,4.2494E-07
34310,1.3884E+12,4.2494E-07
34311,1.3883E+12,4.2494E-07
34312,1.3883E+12,4.2494E-07
34313,1.3883E+12,4.24945E-07
34314,1.3883E+12,4.24945E-07
34315,1.3883E+12,4.24945E-07
34316,1.3883E+12,4.24945E-07
34317,1.3883E+12,4.24945E-07
34318,1.3883E+12,4.24945E-07
34319,1.3883E+12,4.24945E-07
34320,1.3883E+12,4.24945E-07
34321,1.3882E+12,4.24945E-07
34322,1.3882E+12,4.24945E-07
34323,1.3882E+12,4.24945E-07
34324,1.3882E+12,4.2495E-07
34325,1.3882E+12,4.2495E-07
34326,1.3882E+12,4.2495E-07
34327,1.3882E+12,4.2495E-07
34328,1.3882E+12,4.2495E-07
34329,1.3882E+12,4.2495E-07
34330,1.3882E+12,4.2495E-07
34331,1.3881E+12,4.2495E-07
34332,1.3881E+12,4.2495E-07
34333,1.3881E+12,4.2495E-07
34334,1.3881E+12,4.2495E-07
34335,1.3881E+12,4.2495E-07
34336,1.3881E+12,4.24955E-07
34337,1.3881E+12,4.24955E-07
34338,1.3881E+12,4.24955E-07
34339,1.3881E+12,4.24955E-07
34340,1.388E+12,4.24955E-07
34341,1.388E+12,4.24955E-07
34342,1.388E+12,4.24955E-07
34343,1.388E+12,4.24955E-07
34344,1.388E+12,4.24955E-07
34345,1.388E+12,4.24955E-07
34346,1.388E+12,4.24955E-07
34347,1.388E+12,4.2496E-07
34348,1.388E+12,4.2496E-07
34349,1.388E+12,4.2496E-07
34350,1.3879E+12,4.2496E-07
34351,1.3879E+12,4.2496E-07
34352,1.3879E+12,4.2496E-07
34353,1.3879E+12,4.2496E-07
34354,1.3879E+12,4.2496E-07
34355,1.3879E+12,4.2496E-07
34356,1.3879E+12,4.2496E-07
34357,1.3879E+12,4.2496E-07
34358,1.3879E+12,4.2496E-07
34359,1.3879E+12,4.24965E-07
34360,1.3878E+12,4.24965E-07
34361,1.3878E+12,4.24965E-07
34362,1.3878E+12,4.24965E-07
34363,1.3878E+12,4.24965E-07
34364,1.3878E+12,4.24965E-07
34365,1.3878E+12,4.24965E-07
34366,1.3878E+12,4.24965E-07
34367,1.3878E+12,4.24965E-07
34368,1.3878E+12,4.24965E-07
34369,1.3877E+12,4.24965E-07
34370,1.3877E+12,4.2497E-07
34371,1.3877E+12,4.2497E-07
34372,1.3877E+12,4.2497E-07
34373,1.3877E+12,4.2497E-07
34374,1.3877E+12,4.2497E-07
34375,1.3877E+12,4.2497E-07
34376,1.3877E+12,4.2497E-07
34377,1.3877E+12,4.2497E-07
34378,1.3877E+12,4.2497E-07
34379,1.3876E+12,4.2497E-07
34380,1.3876E+12,4.2497E-07
34381,1.3876E+12,4.24975E-07
34382,1.3876E+12,4.24975E-07
34383,1.3876E+12,4.24975E-07
34384,1.3876E+12,4.24975E-07
34385,1.3876E+12,4.24975E-07
34386,1.3876E+12,4.24975E-07
34387,1.3876E+12,4.24975E-07
34388,1.3876E+12,4.24975E-07
34389,1.3875E+12,4.24975E-07
34390,1.3875E+12,4.24975E-07
34391,1.3875E+12,4.24975E-07
34392,1.3875E+12,4.24975E-07
34393,1.3875E+12,4.2498E-07
34394,1.3875E+12,4.2498E-07
34395,1.3875E+12,4.2498E-07
34396,1.3875E+12,4.2498E-07
34397,1.3875E+12,4.2498E-07
34398,1.3874E+12,4.2498E-07
34399,1.3874E+12,4.2498E-07
34400,1.3874E+12,4.2498E-07
34401,1.3874E+12,4.2498E-07
34402,1.3874E+12,4.2498E-07
34403,1.3874E+12,4.2498E-07
34404,1.3874E+12,4.24985E-07
34405,1.3874E+12,4.24985E-07
34406,1.3874E+12,4.24985E-07
34407,1.3874E+12,4.24985E-07
34408,1.3873E+12,4.24985E-07
34409,1.3873E+12,4.24985E-07
34410,1.3873E+12,4.24985E-07
34411,1.3873E+12,4.24985E-07
34412,1.3873E+12,4.24985E-07
34413,1.3873E+12,4.24985E-07
34414,1.3873E+12,4.24985E-07
34415,1.3873E+12,4.24985E-07
34416,1.3873E+12,4.2499E-07
34417,1.3873E+12,4.2499E-07
34418,1.3872E+12,4.2499E-07
34419,1.3872E+12,4.2499E-07
34420,1.3872E+12,4.2499E-07
34421,1.3872E+12,4.2499E-07
34422,1.3872E+12,4.2499E-07
34423,1.3872E+12,4.2499E-07
34424,1.3872E+12,4.2499E-07
34425,1.3872E+12,4.2499E-07
34426,1.3872E+12,4.2499E-07
34427,1.3872E+12,4.24995E-07
34428,1.3871E+12,4.24995E-07
34429,1.3871E+12,4.24995E-07
34430,1.3871E+12,4.24995E-07
34431,1.3871E+12,4.24995E-07
34432,1.3871E+12,4.24995E-07
34433,1.3871E+12,4.24995E-07
34434,1.3871E+12,4.24995E-07
34435,1.3871E+12,4.24995E-07
34436,1.3871E+12,4.24995E-07
34437,1.387E+12,4.24995E-07
34438,1.387E+12,0.000000425
34439,1.387E+12,0.000000425
34440,1.387E+12,0.000000425
34441,1.387E+12,0.000000425
34442,1.387E+12,0.000000425
34443,1.387E+12,0.000000425
34444,1.387E+12,0.000000425
34445,1.387E+12,0.000000425
34446,1.387E+12,0.000000425
34447,1.3869E+12,0.000000425
34448,1.3869E+12,0.000000425
34449,1.3869E+12,0.000000425
34450,1.3869E+12,4.25005E-07
34451,1.3869E+12,4.25005E-07
34452,1.3869E+12,4.25005E-07
34453,1.3869E+12,4.25005E-07
34454,1.3869E+12,4.25005E-07
34455,1.3869E+12,4.25005E-07
34456,1.3869E+12,4.25005E-07
34457,1.3868E+12,4.25005E-07
34458,1.3868E+12,4.25005E-07
34459,1.3868E+12,4.25005E-07
34460,1.3868E+12,4.25005E-07
34461,1.3868E+12,4.2501E-07
34462,1.3868E+12,4.2501E-07
34463,1.3868E+12,4.2501E-07
34464,1.3868E+12,4.2501E-07
34465,1.3868E+12,4.2501E-07
34466,1.3867E+12,4.2501E-07
34467,1.3867E+12,4.2501E-07
34468,1.3867E+12,4.2501E-07
34469,1.3867E+12,4.2501E-07
34470,1.3867E+12,4.2501E-07
34471,1.3867E+12,4.2501E-07
34472,1.3867E+12,4.2501E-07
34473,1.3867E+12,4.25015E-07
34474,1.3867E+12,4.25015E-07
34475,1.3867E+12,4.25015E-07
34476,1.3866E+12,4.25015E-07
34477,1.3866E+12,4.25015E-07
34478,1.3866E+12,4.25015E-07
34479,1.3866E+12,4.25015E-07
34480,1.3866E+12,4.25015E-07
34481,1.3866E+12,4.25015E-07
34482,1.3866E+12,4.25015E-07
34483,1.3866E+12,4.25015E-07
34484,1.3866E+12,4.2502E-07
34485,1.3866E+12,4.2502E-07
34486,1.3865E+12,4.2502E-07
34487,1.3865E+12,4.2502E-07
34488,1.3865E+12,4.2502E-07
34489,1.3865E+12,4.2502E-07
34490,1.3865E+12,4.2502E-07
34491,1.3865E+12,4.2502E-07
34492,1.3865E+12,4.2502E-07
34493,1.3865E+12,4.2502E-07
34494,1.3865E+12,4.2502E-07
34495,1.3865E+12,4.2502E-07
34496,1.3864E+12,4.25025E-07
34497,1.3864E+12,4.25025E-07
34498,1.3864E+12,4.25025E-07
34499,1.3864E+12,4.25025E-07
34500,1.3864E+12,4.25025E-07
34501,1.3864E+12,4.25025E-07
34502,1.3864E+12,4.25025E-07
34503,1.3864E+12,4.25025E-07
34504,1.3864E+12,4.25025E-07
34505,1.3863E+12,4.25025E-07
34506,1.3863E+12,4.25025E-07
34507,1.3863E+12,4.2503E-07
34508,1.3863E+12,4.2503E-07
34509,1.3863E+12,4.2503E-07
34510,1.3863E+12,4.2503E-07
34511,1.3863E+12,4.2503E-07
34512,1.3863E+12,4.2503E-07
34513,1.3863E+12,4.2503E-07
34514,1.3863E+12,4.2503E-07
34515,1.3862E+12,4.2503E-07
34516,1.3862E+12,4.2503E-07
34517,1.3862E+12,4.2503E-07
34518,1.3862E+12,4.25035E-07
34519,1.3862E+12,4.25035E-07
34520,1.3862E+12,4.25035E-07
34521,1.3862E+12,4.25035E-07
34522,1.3862E+12,4.25035E-07
34523,1.3862E+12,4.25035E-07
34524,1.3862E+12,4.25035E-07
34525,1.3861E+12,4.25035E-07
34526,1.3861E+12,4.25035E-07
34527,1.3861E+12,4.25035E-07
34528,1.3861E+12,4.25035E-07
34529,1.3861E+12,4.25035E-07
34530,1.3861E+12,4.2504E-07
34531,1.3861E+12,4.2504E-07
34532,1.3861E+12,4.2504E-07
34533,1.3861E+12,4.2504E-07
34534,1.3861E+12,4.2504E-07
34535,1.386E+12,4.2504E-07
34536,1.386E+12,4.2504E-07
34537,1.386E+12,4.2504E-07
34538,1.386E+12,4.2504E-07
34539,1.386E+12,4.2504E-07
34540,1.386E+12,4.2504E-07
34541,1.386E+12,4.25045E-07
34542,1.386E+12,4.25045E-07
34543,1.386E+12,4.25045E-07
34544,1.3859E+12,4.25045E-07
34545,1.3859E+12,4.25045E-07
34546,1.3859E+12,4.25045E-07
34547,1.3859E+12,4.25045E-07
34548,1.3859E+12,4.25045E-07
34549,1.3859E+12,4.25045E-07
34550,1.3859E+12,4.25045E-07
34551,1.3859E+12,4.25045E-07
34552,1.3859E+12,4.25045E-07
34553,1.3859E+12,4.2505E-07
34554,1.3858E+12,4.2505E-07
34555,1.3858E+12,4.2505E-07
34556,1.3858E+12,4.2505E-07
34557,1.3858E+12,4.2505E-07
34558,1.3858E+12,4.2505E-07
34559,1.3858E+12,4.2505E-07
34560,1.3858E+12,4.2505E-07
34561,1.3858E+12,4.2505E-07
34562,1.3858E+12,4.2505E-07
34563,1.3858E+12,4.2505E-07
34564,1.3857E+12,4.25055E-07
34565,1.3857E+12,4.25055E-07
34566,1.3857E+12,4.25055E-07
34567,1.3857E+12,4.25055E-07
34568,1.3857E+12,4.25055E-07
34569,1.3857E+12,4.25055E-07
34570,1.3857E+12,4.25055E-07
34571,1.3857E+12,4.25055E-07
34572,1.3857E+12,4.25055E-07
34573,1.3857E+12,4.25055E-07
34574,1.3856E+12,4.25055E-07
34575,1.3856E+12,4.25055E-07
34576,1.3856E+12,4.2506E-07
34577,1.3856E+12,4.2506E-07
34578,1.3856E+12,4.2506E-07
34579,1.3856E+12,4.2506E-07
34580,1.3856E+12,4.2506E-07
34581,1.3856E+12,4.2506E-07
34582,1.3856E+12,4.2506E-07
34583,1.3855E+12,4.2506E-07
34584,1.3855E+12,4.2506E-07
34585,1.3855E+12,4.2506E-07
34586,1.3855E+12,4.2506E-07
34587,1.3855E+12,4.25065E-07
34588,1.3855E+12,4.25065E-07
34589,1.3855E+12,4.25065E-07
34590,1.3855E+12,4.25065E-07
34591,1.3855E+12,4.25065E-07
34592,1.3855E+12,4.25065E-07
34593,1.3854E+12,4.25065E-07
34594,1.3854E+12,4.25065E-07
34595,1.3854E+12,4.25065E-07
34596,1.3854E+12,4.25065E-07
34597,1.3854E+12,4.25065E-07
34598,1.3854E+12,4.25065E-07
34599,1.3854E+12,4.2507E-07
34600,1.3854E+12,4.2507E-07
34601,1.3854E+12,4.2507E-07
34602,1.3854E+12,4.2507E-07
34603,1.3853E+12,4.2507E-07
34604,1.3853E+12,4.2507E-07
34605,1.3853E+12,4.2507E-07
34606,1.3853E+12,4.2507E-07
34607,1.3853E+12,4.2507E-07
34608,1.3853E+12,4.2507E-07
34609,1.3853E+12,4.2507E-07
34610,1.3853E+12,4.25075E-07
34611,1.3853E+12,4.25075E-07
34612,1.3853E+12,4.25075E-07
34613,1.3852E+12,4.25075E-07
34614,1.3852E+12,4.25075E-07
34615,1.3852E+12,4.25075E-07
34616,1.3852E+12,4.25075E-07
34617,1.3852E+12,4.25075E-07
34618,1.3852E+12,4.25075E-07
34619,1.3852E+12,4.25075E-07
34620,1.3852E+12,4.25075E-07
34621,1.3852E+12,4.25075E-07
34622,1.3851E+12,4.2508E-07
34623,1.3851E+12,4.2508E-07
34624,1.3851E+12,4.2508E-07
34625,1.3851E+12,4.2508E-07
34626,1.3851E+12,4.2508E-07
34627,1.3851E+12,4.2508E-07
34628,1.3851E+12,4.2508E-07
34629,1.3851E+12,4.2508E-07
34630,1.3851E+12,4.2508E-07
34631,1.3851E+12,4.2508E-07
34632,1.385E+12,4.2508E-07
34633,1.385E+12,4.25085E-07
34634,1.385E+12,4.25085E-07
34635,1.385E+12,4.25085E-07
34636,1.385E+12,4.25085E-07
34637,1.385E+12,4.25085E-07
34638,1.385E+12,4.25085E-07
34639,1.385E+12,4.25085E-07
34640,1.385E+12,4.25085E-07
34641,1.385E+12,4.25085E-07
34642,1.3849E+12,4.25085E-07
34643,1.3849E+12,4.25085E-07
34644,1.3849E+12,4.25085E-07
34645,1.3849E+12,4.2509E-07
34646,1.3849E+12,4.2509E-07
34647,1.3849E+12,4.2509E-07
34648,1.3849E+12,4.2509E-07
34649,1.3849E+12,4.2509E-07
34650,1.3849E+12,4.2509E-07
34651,1.3849E+12,4.2509E-07
34652,1.3848E+12,4.2509E-07
34653,1.3848E+12,4.2509E-07
34654,1.3848E+12,4.2509E-07
34655,1.3848E+12,4.2509E-07
34656,1.3848E+12,4.25095E-07
34657,1.3848E+12,4.25095E-07
34658,1.3848E+12,4.25095E-07
34659,1.3848E+12,4.25095E-07
34660,1.3848E+12,4.25095E-07
34661,1.3847E+12,4.25095E-07
34662,1.3847E+12,4.25095E-07
34663,1.3847E+12,4.25095E-07
34664,1.3847E+12,4.25095E-07
34665,1.3847E+12,4.25095E-07
34666,1.3847E+12,4.25095E-07
34667,1.3847E+12,4.25095E-07
34668,1.3847E+12,4.251E-07
34669,1.3847E+12,4.251E-07
34670,1.3847E+12,4.251E-07
34671,1.3846E+12,4.251E-07
34672,1.3846E+12,4.251E-07
34673,1.3846E+12,4.251E-07
34674,1.3846E+12,4.251E-07
34675,1.3846E+12,4.251E-07
34676,1.3846E+12,4.251E-07
34677,1.3846E+12,4.251E-07
34678,1.3846E+12,4.251E-07
34679,1.3846E+12,4.25105E-07
34680,1.3846E+12,4.25105E-07
34681,1.3845E+12,4.25105E-07
34682,1.3845E+12,4.25105E-07
34683,1.3845E+12,4.25105E-07
34684,1.3845E+12,4.25105E-07
34685,1.3845E+12,4.25105E-07
34686,1.3845E+12,4.25105E-07
34687,1.3845E+12,4.25105E-07
34688,1.3845E+12,4.25105E-07
34689,1.3845E+12,4.25105E-07
34690,1.3845E+12,4.25105E-07
34691,1.3844E+12,4.2511E-07
34692,1.3844E+12,4.2511E-07
34693,1.3844E+12,4.2511E-07
34694,1.3844E+12,4.2511E-07
34695,1.3844E+12,4.2511E-07
34696,1.3844E+12,4.2511E-07
34697,1.3844E+12,4.2511E-07
34698,1.3844E+12,4.2511E-07
34699,1.3844E+12,4.2511E-07
34700,1.3844E+12,4.2511E-07
34701,1.3843E+12,4.2511E-07
34702,1.3843E+12,4.25115E-07
34703,1.3843E+12,4.25115E-07
34704,1.3843E+12,4.25115E-07
34705,1.3843E+12,4.25115E-07
34706,1.3843E+12,4.25115E-07
34707,1.3843E+12,4.25115E-07
34708,1.3843E+12,4.25115E-07
34709,1.3843E+12,4.25115E-07
34710,1.3842E+12,4.25115E-07
34711,1.3842E+12,4.25115E-07
34712,1.3842E+12,4.25115E-07
34713,1.3842E+12,4.25115E-07
34714,1.3842E+12,4.2512E-07
34715,1.3842E+12,4.2512E-07
34716,1.3842E+12,4.2512E-07
34717,1.3842E+12,4.2512E-07
34718,1.3842E+12,4.2512E-07
34719,1.3842E+12,4.2512E-07
34720,1.3841E+12,4.2512E-07
34721,1.3841E+12,4.2512E-07
34722,1.3841E+12,4.2512E-07
34723,1.3841E+12,4.2512E-07
34724,1.3841E+12,4.2512E-07
34725,1.3841E+12,4.25125E-07
34726,1.3841E+12,4.25125E-07
34727,1.3841E+12,4.25125E-07
34728,1.3841E+12,4.25125E-07
34729,1.3841E+12,4.25125E-07
34730,1.384E+12,4.25125E-07
34731,1.384E+12,4.25125E-07
34732,1.384E+12,4.25125E-07
34733,1.384E+12,4.25125E-07
34734,1.384E+12,4.25125E-07
34735,1.384E+12,4.25125E-07
34736,1.384E+12,4.25125E-07
34737,1.384E+12,4.2513E-07
34738,1.384E+12,4.2513E-07
34739,1.384E+12,4.2513E-07
34740,1.3839E+12,4.2513E-07
34741,1.3839E+12,4.2513E-07
34742,1.3839E+12,4.2513E-07
34743,1.3839E+12,4.2513E-07
34744,1.3839E+12,4.2513E-07
34745,1.3839E+12,4.2513E-07
34746,1.3839E+12,4.2513E-07
34747,1.3839E+12,4.2513E-07
34748,1.3839E+12,4.25135E-07
34749,1.3839E+12,4.25135E-07
34750,1.3838E+12,4.25135E-07
34751,1.3838E+12,4.25135E-07
34752,1.3838E+12,4.25135E-07
34753,1.3838E+12,4.25135E-07
34754,1.3838E+12,4.25135E-07
34755,1.3838E+12,4.25135E-07
34756,1.3838E+12,4.25135E-07
34757,1.3838E+12,4.25135E-07
34758,1.3838E+12,4.25135E-07
34759,1.3838E+12,4.25135E-07
34760,1.3837E+12,4.2514E-07
34761,1.3837E+12,4.2514E-07
34762,1.3837E+12,4.2514E-07
34763,1.3837E+12,4.2514E-07
34764,1.3837E+12,4.2514E-07
34765,1.3837E+12,4.2514E-07
34766,1.3837E+12,4.2514E-07
34767,1.3837E+12,4.2514E-07
34768,1.3837E+12,4.2514E-07
34769,1.3836E+12,4.2514E-07
34770,1.3836E+12,4.2514E-07
34771,1.3836E+12,4.2514E-07
34772,1.3836E+12,4.25145E-07
34773,1.3836E+12,4.25145E-07
34774,1.3836E+12,4.25145E-07
34775,1.3836E+12,4.25145E-07
34776,1.3836E+12,4.25145E-07
34777,1.3836E+12,4.25145E-07
34778,1.3836E+12,4.25145E-07
34779,1.3835E+12,4.25145E-07
34780,1.3835E+12,4.25145E-07
34781,1.3835E+12,4.25145E-07
34782,1.3835E+12,4.25145E-07
34783,1.3835E+12,4.2515E-07
34784,1.3835E+12,4.2515E-07
34785,1.3835E+12,4.2515E-07
34786,1.3835E+12,4.2515E-07
34787,1.3835E+12,4.2515E-07
34788,1.3835E+12,4.2515E-07
34789,1.3834E+12,4.2515E-07
34790,1.3834E+12,4.2515E-07
34791,1.3834E+12,4.2515E-07
34792,1.3834E+12,4.2515E-07
34793,1.3834E+12,4.2515E-07
34794,1.3834E+12,4.2515E-07
34795,1.3834E+12,4.25155E-07
34796,1.3834E+12,4.25155E-07
34797,1.3834E+12,4.25155E-07
34798,1.3834E+12,4.25155E-07
34799,1.3833E+12,4.25155E-07
34800,1.3833E+12,4.25155E-07
34801,1.3833E+12,4.25155E-07
34802,1.3833E+12,4.25155E-07
34803,1.3833E+12,4.25155E-07
34804,1.3833E+12,4.25155E-07
34805,1.3833E+12,4.25155E-07
34806,1.3833E+12,4.2516E-07
34807,1.3833E+12,4.2516E-07
34808,1.3833E+12,4.2516E-07
34809,1.3832E+12,4.2516E-07
34810,1.3832E+12,4.2516E-07
34811,1.3832E+12,4.2516E-07
34812,1.3832E+12,4.2516E-07
34813,1.3832E+12,4.2516E-07
34814,1.3832E+12,4.2516E-07
34815,1.3832E+12,4.2516E-07
34816,1.3832E+12,4.2516E-07
34817,1.3832E+12,4.2516E-07
34818,1.3832E+12,4.25165E-07
34819,1.3831E+12,4.25165E-07
34820,1.3831E+12,4.25165E-07
34821,1.3831E+12,4.25165E-07
34822,1.3831E+12,4.25165E-07
34823,1.3831E+12,4.25165E-07
34824,1.3831E+12,4.25165E-07
34825,1.3831E+12,4.25165E-07
34826,1.3831E+12,4.25165E-07
34827,1.3831E+12,4.25165E-07
34828,1.383E+12,4.25165E-07
34829,1.383E+12,4.2517E-07
34830,1.383E+12,4.2517E-07
34831,1.383E+12,4.2517E-07
34832,1.383E+12,4.2517E-07
34833,1.383E+12,4.2517E-07
34834,1.383E+12,4.2517E-07
34835,1.383E+12,4.2517E-07
34836,1.383E+12,4.2517E-07
34837,1.383E+12,4.2517E-07
34838,1.3829E+12,4.2517E-07
34839,1.3829E+12,4.2517E-07
34840,1.3829E+12,4.2517E-07
34841,1.3829E+12,4.25175E-07
34842,1.3829E+12,4.25175E-07
34843,1.3829E+12,4.25175E-07
34844,1.3829E+12,4.25175E-07
34845,1.3829E+12,4.25175E-07
34846,1.3829E+12,4.25175E-07
34847,1.3829E+12,4.25175E-07
34848,1.3828E+12,4.25175E-07
34849,1.3828E+12,4.25175E-07
34850,1.3828E+12,4.25175E-07
34851,1.3828E+12,4.25175E-07
34852,1.3828E+12,4.2518E-07
34853,1.3828E+12,4.2518E-07
34854,1.3828E+12,4.2518E-07
34855,1.3828E+12,4.2518E-07
34856,1.3828E+12,4.2518E-07
34857,1.3828E+12,4.2518E-07
34858,1.3827E+12,4.2518E-07
34859,1.3827E+12,4.2518E-07
34860,1.3827E+12,4.2518E-07
34861,1.3827E+12,4.2518E-07
34862,1.3827E+12,4.2518E-07
34863,1.3827E+12,4.2518E-07
34864,1.3827E+12,4.25185E-07
34865,1.3827E+12,4.25185E-07
34866,1.3827E+12,4.25185E-07
34867,1.3827E+12,4.25185E-07
34868,1.3826E+12,4.25185E-07
34869,1.3826E+12,4.25185E-07
34870,1.3826E+12,4.25185E-07
34871,1.3826E+12,4.25185E-07
34872,1.3826E+12,4.25185E-07
34873,1.3826E+12,4.25185E-07
34874,1.3826E+12,4.25185E-07
34875,1.3826E+12,4.25185E-07
34876,1.3826E+12,4.2519E-07
34877,1.3826E+12,4.2519E-07
34878,1.3825E+12,4.2519E-07
34879,1.3825E+12,4.2519E-07
34880,1.3825E+12,4.2519E-07
34881,1.3825E+12,4.2519E-07
34882,1.3825E+12,4.2519E-07
34883,1.3825E+12,4.2519E-07
34884,1.3825E+12,4.2519E-07
34885,1.3825E+12,4.2519E-07
34886,1.3825E+12,4.2519E-07
34887,1.3825E+12,4.25195E-07
34888,1.3824E+12,4.25195E-07
34889,1.3824E+12,4.25195E-07
34890,1.3824E+12,4.25195E-07
34891,1.3824E+12,4.25195E-07
34892,1.3824E+12,4.25195E-07
34893,1.3824E+12,4.25195E-07
34894,1.3824E+12,4.25195E-07
34895,1.3824E+12,4.25195E-07
34896,1.3824E+12,4.25195E-07
34897,1.3823E+12,4.25195E-07
34898,1.3823E+12,4.25195E-07
34899,1.3823E+12,4.252E-07
34900,1.3823E+12,4.252E-07
34901,1.3823E+12,4.252E-07
34902,1.3823E+12,4.252E-07
34903,1.3823E+12,4.252E-07
34904,1.3823E+12,4.252E-07
34905,1.3823E+12,4.252E-07
34906,1.3823E+12,4.252E-07
34907,1.3822E+12,4.252E-07
34908,1.3822E+12,4.252E-07
34909,1.3822E+12,4.252E-07
34910,1.3822E+12,4.25205E-07
34911,1.3822E+12,4.25205E-07
34912,1.3822E+12,4.25205E-07
34913,1.3822E+12,4.25205E-07
34914,1.3822E+12,4.25205E-07
34915,1.3822E+12,4.25205E-07
34916,1.3822E+12,4.25205E-07
34917,1.3821E+12,4.25205E-07
34918,1.3821E+12,4.25205E-07
34919,1.3821E+12,4.25205E-07
34920,1.3821E+12,4.25205E-07
34921,1.3821E+12,4.25205E-07
34922,1.3821E+12,4.2521E-07
34923,1.3821E+12,4.2521E-07
34924,1.3821E+12,4.2521E-07
34925,1.3821E+12,4.2521E-07
34926,1.3821E+12,4.2521E-07
34927,1.382E+12,4.2521E-07
34928,1.382E+12,4.2521E-07
34929,1.382E+12,4.2521E-07
34930,1.382E+12,4.2521E-07
34931,1.382E+12,4.2521E-07
34932,1.382E+12,4.2521E-07
34933,1.382E+12,4.2521E-07
34934,1.382E+12,4.25215E-07
34935,1.382E+12,4.25215E-07
34936,1.382E+12,4.25215E-07
34937,1.3819E+12,4.25215E-07
34938,1.3819E+12,4.25215E-07
34939,1.3819E+12,4.25215E-07
34940,1.3819E+12,4.25215E-07
34941,1.3819E+12,4.25215E-07
34942,1.3819E+12,4.25215E-07
34943,1.3819E+12,4.25215E-07
34944,1.3819E+12,4.25215E-07
34945,1.3819E+12,4.2522E-07
34946,1.3819E+12,4.2522E-07
34947,1.3818E+12,4.2522E-07
34948,1.3818E+12,4.2522E-07
34949,1.3818E+12,4.2522E-07
34950,1.3818E+12,4.2522E-07
34951,1.3818E+12,4.2522E-07
34952,1.3818E+12,4.2522E-07
34953,1.3818E+12,4.2522E-07
34954,1.3818E+12,4.2522E-07
34955,1.3818E+12,4.2522E-07
34956,1.3818E+12,4.2522E-07
34957,1.3817E+12,4.25225E-07
34958,1.3817E+12,4.25225E-07
34959,1.3817E+12,4.25225E-07
34960,1.3817E+12,4.25225E-07
34961,1.3817E+12,4.25225E-07
34962,1.3817E+12,4.25225E-07
34963,1.3817E+12,4.25225E-07
34964,1.3817E+12,4.25225E-07
34965,1.3817E+12,4.25225E-07
34966,1.3817E+12,4.25225E-07
34967,1.3816E+12,4.25225E-07
34968,1.3816E+12,4.2523E-07
34969,1.3816E+12,4.2523E-07
34970,1.3816E+12,4.2523E-07
34971,1.3816E+12,4.2523E-07
34972,1.3816E+12,4.2523E-07
34973,1.3816E+12,4.2523E-07
34974,1.3816E+12,4.2523E-07
34975,1.3816E+12,4.2523E-07
34976,1.3815E+12,4.2523E-07
34977,1.3815E+12,4.2523E-07
34978,1.3815E+12,4.2523E-07
34979,1.3815E+12,4.2523E-07
34980,1.3815E+12,4.25235E-07
34981,1.3815E+12,4.25235E-07
34982,1.3815E+12,4.25235E-07
34983,1.3815E+12,4.25235E-07
34984,1.3815E+12,4.25235E-07
34985,1.3815E+12,4.25235E-07
34986,1.3814E+12,4.25235E-07
34987,1.3814E+12,4.25235E-07
34988,1.3814E+12,4.25235E-07
34989,1.3814E+12,4.25235E-07
34990,1.3814E+12,4.25235E-07
34991,1.3814E+12,4.25235E-07
34992,1.3814E+12,4.2524E-07
34993,1.3814E+12,4.2524E-07
34994,1.3814E+12,4.2524E-07
34995,1.3814E+12,4.2524E-07
34996,1.3813E+12,4.2524E-07
34997,1.3813E+12,4.2524E-07
34998,1.3813E+12,4.2524E-07
34999,1.3813E+12,4.2524E-07
35000,1.3813E+12,4.2524E-07
35001,1.3813E+12,4.2524E-07
35002,1.3813E+12,4.2524E-07
35003,1.3813E+12,4.25245E-07
35004,1.3813E+12,4.25245E-07
35005,1.3813E+12,4.25245E-07
35006,1.3812E+12,4.25245E-07
35007,1.3812E+12,4.25245E-07
35008,1.3812E+12,4.25245E-07
35009,1.3812E+12,4.25245E-07
35010,1.3812E+12,4.25245E-07
35011,1.3812E+12,4.25245E-07
35012,1.3812E+12,4.25245E-07
35013,1.3812E+12,4.25245E-07
35014,1.3812E+12,4.25245E-07
35015,1.3812E+12,4.2525E-07
35016,1.3811E+12,4.2525E-07
35017,1.3811E+12,4.2525E-07
35018,1.3811E+12,4.2525E-07
35019,1.3811E+12,4.2525E-07
35020,1.3811E+12,4.2525E-07
35021,1.3811E+12,4.2525E-07
35022,1.3811E+12,4.2525E-07
35023,1.3811E+12,4.2525E-07
35024,1.3811E+12,4.2525E-07
35025,1.3811E+12,4.2525E-07
35026,1.381E+12,4.2525E-07
35027,1.381E+12,4.25255E-07
35028,1.381E+12,4.25255E-07
35029,1.381E+12,4.25255E-07
35030,1.381E+12,4.25255E-07
35031,1.381E+12,4.25255E-07
35032,1.381E+12,4.25255E-07
35033,1.381E+12,4.25255E-07
35034,1.381E+12,4.25255E-07
35035,1.381E+12,4.25255E-07
35036,1.3809E+12,4.25255E-07
35037,1.3809E+12,4.25255E-07
35038,1.3809E+12,4.2526E-07
35039,1.3809E+12,4.2526E-07
35040,1.3809E+12,4.2526E-07
35041,1.3809E+12,4.2526E-07
35042,1.3809E+12,4.2526E-07
35043,1.3809E+12,4.2526E-07
35044,1.3809E+12,4.2526E-07
35045,1.3809E+12,4.2526E-07
35046,1.3808E+12,4.2526E-07
35047,1.3808E+12,4.2526E-07
35048,1.3808E+12,4.2526E-07
35049,1.3808E+12,4.2526E-07
35050,1.3808E+12,4.25265E-07
35051,1.3808E+12,4.25265E-07
35052,1.3808E+12,4.25265E-07
35053,1.3808E+12,4.25265E-07
35054,1.3808E+12,4.25265E-07
35055,1.3808E+12,4.25265E-07
35056,1.3807E+12,4.25265E-07
35057,1.3807E+12,4.25265E-07
35058,1.3807E+12,4.25265E-07
35059,1.3807E+12,4.25265E-07
35060,1.3807E+12,4.25265E-07
35061,1.3807E+12,4.25265E-07
35062,1.3807E+12,4.2527E-07
35063,1.3807E+12,4.2527E-07
35064,1.3807E+12,4.2527E-07
35065,1.3807E+12,4.2527E-07
35066,1.3806E+12,4.2527E-07
35067,1.3806E+12,4.2527E-07
35068,1.3806E+12,4.2527E-07
35069,1.3806E+12,4.2527E-07
35070,1.3806E+12,4.2527E-07
35071,1.3806E+12,4.2527E-07
35072,1.3806E+12,4.2527E-07
35073,1.3806E+12,4.25275E-07
35074,1.3806E+12,4.25275E-07
35075,1.3806E+12,4.25275E-07
35076,1.3805E+12,4.25275E-07
35077,1.3805E+12,4.25275E-07
35078,1.3805E+12,4.25275E-07
35079,1.3805E+12,4.25275E-07
35080,1.3805E+12,4.25275E-07
35081,1.3805E+12,4.25275E-07
35082,1.3805E+12,4.25275E-07
35083,1.3805E+12,4.25275E-07
35084,1.3805E+12,4.25275E-07
35085,1.3805E+12,4.2528E-07
35086,1.3804E+12,4.2528E-07
35087,1.3804E+12,4.2528E-07
35088,1.3804E+12,4.2528E-07
35089,1.3804E+12,4.2528E-07
35090,1.3804E+12,4.2528E-07
35091,1.3804E+12,4.2528E-07
35092,1.3804E+12,4.2528E-07
35093,1.3804E+12,4.2528E-07
35094,1.3804E+12,4.2528E-07
35095,1.3804E+12,4.2528E-07
35096,1.3803E+12,4.25285E-07
35097,1.3803E+12,4.25285E-07
35098,1.3803E+12,4.25285E-07
35099,1.3803E+12,4.25285E-07
35100,1.3803E+12,4.25285E-07
35101,1.3803E+12,4.25285E-07
35102,1.3803E+12,4.25285E-07
35103,1.3803E+12,4.25285E-07
35104,1.3803E+12,4.25285E-07
35105,1.3802E+12,4.25285E-07
35106,1.3802E+12,4.25285E-07
35107,1.3802E+12,4.25285E-07
35108,1.3802E+12,4.2529E-07
35109,1.3802E+12,4.2529E-07
35110,1.3802E+12,4.2529E-07
35111,1.3802E+12,4.2529E-07
35112,1.3802E+12,4.2529E-07
35113,1.3802E+12,4.2529E-07
35114,1.3802E+12,4.2529E-07
35115,1.3801E+12,4.2529E-07
35116,1.3801E+12,4.2529E-07
35117,1.3801E+12,4.2529E-07
35118,1.3801E+12,4.2529E-07
35119,1.3801E+12,4.2529E-07
35120,1.3801E+12,4.25295E-07
35121,1.3801E+12,4.25295E-07
35122,1.3801E+12,4.25295E-07
35123,1.3801E+12,4.25295E-07
35124,1.3801E+12,4.25295E-07
35125,1.38E+12,4.25295E-07
35126,1.38E+12,4.25295E-07
35127,1.38E+12,4.25295E-07
35128,1.38E+12,4.25295E-07
35129,1.38E+12,4.25295E-07
35130,1.38E+12,4.25295E-07
35131,1.38E+12,4.25295E-07
35132,1.38E+12,4.253E-07
35133,1.38E+12,4.253E-07
35134,1.38E+12,4.253E-07
35135,1.3799E+12,4.253E-07
35136,1.3799E+12,4.253E-07
35137,1.3799E+12,4.253E-07
35138,1.3799E+12,4.253E-07
35139,1.3799E+12,4.253E-07
35140,1.3799E+12,4.253E-07
35141,1.3799E+12,4.253E-07
35142,1.3799E+12,4.253E-07
35143,1.3799E+12,4.25305E-07
35144,1.3799E+12,4.25305E-07
35145,1.3798E+12,4.25305E-07
35146,1.3798E+12,4.25305E-07
35147,1.3798E+12,4.25305E-07
35148,1.3798E+12,4.25305E-07
35149,1.3798E+12,4.25305E-07
35150,1.3798E+12,4.25305E-07
35151,1.3798E+12,4.25305E-07
35152,1.3798E+12,4.25305E-07
35153,1.3798E+12,4.25305E-07
35154,1.3798E+12,4.25305E-07
35155,1.3797E+12,4.2531E-07
35156,1.3797E+12,4.2531E-07
35157,1.3797E+12,4.2531E-07
35158,1.3797E+12,4.2531E-07
35159,1.3797E+12,4.2531E-07
35160,1.3797E+12,4.2531E-07
35161,1.3797E+12,4.2531E-07
35162,1.3797E+12,4.2531E-07
35163,1.3797E+12,4.2531E-07
35164,1.3797E+12,4.2531E-07
35165,1.3796E+12,4.2531E-07
35166,1.3796E+12,4.2531E-07
35167,1.3796E+12,4.25315E-07
35168,1.3796E+12,4.25315E-07
35169,1.3796E+12,4.25315E-07
35170,1.3796E+12,4.25315E-07
35171,1.3796E+12,4.25315E-07
35172,1.3796E+12,4.25315E-07
35173,1.3796E+12,4.25315E-07
35174,1.3796E+12,4.25315E-07
35175,1.3795E+12,4.25315E-07
35176,1.3795E+12,4.25315E-07
35177,1.3795E+12,4.25315E-07
35178,1.3795E+12,4.2532E-07
35179,1.3795E+12,4.2532E-07
35180,1.3795E+12,4.2532E-07
35181,1.3795E+12,4.2532E-07
35182,1.3795E+12,4.2532E-07
35183,1.3795E+12,4.2532E-07
35184,1.3795E+12,4.2532E-07
35185,1.3794E+12,4.2532E-07
35186,1.3794E+12,4.2532E-07
35187,1.3794E+12,4.2532E-07
35188,1.3794E+12,4.2532E-07
35189,1.3794E+12,4.2532E-07
35190,1.3794E+12,4.25325E-07
35191,1.3794E+12,4.25325E-07
35192,1.3794E+12,4.25325E-07
35193,1.3794E+12,4.25325E-07
35194,1.3794E+12,4.25325E-07
35195,1.3793E+12,4.25325E-07
35196,1.3793E+12,4.25325E-07
35197,1.3793E+12,4.25325E-07
35198,1.3793E+12,4.25325E-07
35199,1.3793E+12,4.25325E-07
35200,1.3793E+12,4.25325E-07
35201,1.3793E+12,4.25325E-07
35202,1.3793E+12,4.2533E-07
35203,1.3793E+12,4.2533E-07
35204,1.3793E+12,4.2533E-07
35205,1.3792E+12,4.2533E-07
35206,1.3792E+12,4.2533E-07
35207,1.3792E+12,4.2533E-07
35208,1.3792E+12,4.2533E-07
35209,1.3792E+12,4.2533E-07
35210,1.3792E+12,4.2533E-07
35211,1.3792E+12,4.2533E-07
35212,1.3792E+12,4.2533E-07
35213,1.3792E+12,4.25335E-07
35214,1.3792E+12,4.25335E-07
35215,1.3791E+12,4.25335E-07
35216,1.3791E+12,4.25335E-07
35217,1.3791E+12,4.25335E-07
35218,1.3791E+12,4.25335E-07
35219,1.3791E+12,4.25335E-07
35220,1.3791E+12,4.25335E-07
35221,1.3791E+12,4.25335E-07
35222,1.3791E+12,4.25335E-07
35223,1.3791E+12,4.25335E-07
35224,1.3791E+12,4.25335E-07
35225,1.379E+12,4.2534E-07
35226,1.379E+12,4.2534E-07
35227,1.379E+12,4.2534E-07
35228,1.379E+12,4.2534E-07
35229,1.379E+12,4.2534E-07
35230,1.379E+12,4.2534E-07
35231,1.379E+12,4.2534E-07
35232,1.379E+12,4.2534E-07
35233,1.379E+12,4.2534E-07
35234,1.379E+12,4.2534E-07
35235,1.3789E+12,4.2534E-07
35236,1.3789E+12,4.2534E-07
35237,1.3789E+12,4.25345E-07
35238,1.3789E+12,4.25345E-07
35239,1.3789E+12,4.25345E-07
35240,1.3789E+12,4.25345E-07
35241,1.3789E+12,4.25345E-07
35242,1.3789E+12,4.25345E-07
35243,1.3789E+12,4.25345E-07
35244,1.3789E+12,4.25345E-07
35245,1.3788E+12,4.25345E-07
35246,1.3788E+12,4.25345E-07
35247,1.3788E+12,4.25345E-07
35248,1.3788E+12,4.2535E-07
35249,1.3788E+12,4.2535E-07
35250,1.3788E+12,4.2535E-07
35251,1.3788E+12,4.2535E-07
35252,1.3788E+12,4.2535E-07
35253,1.3788E+12,4.2535E-07
35254,1.3788E+12,4.2535E-07
35255,1.3787E+12,4.2535E-07
35256,1.3787E+12,4.2535E-07
35257,1.3787E+12,4.2535E-07
35258,1.3787E+12,4.2535E-07
35259,1.3787E+12,4.2535E-07
35260,1.3787E+12,4.25355E-07
35261,1.3787E+12,4.25355E-07
35262,1.3787E+12,4.25355E-07
35263,1.3787E+12,4.25355E-07
35264,1.3787E+12,4.25355E-07
35265,1.3786E+12,4.25355E-07
35266,1.3786E+12,4.25355E-07
35267,1.3786E+12,4.25355E-07
35268,1.3786E+12,4.25355E-07
35269,1.3786E+12,4.25355E-07
35270,1.3786E+12,4.25355E-07
35271,1.3786E+12,4.25355E-07
35272,1.3786E+12,4.2536E-07
35273,1.3786E+12,4.2536E-07
35274,1.3786E+12,4.2536E-07
35275,1.3785E+12,4.2536E-07
35276,1.3785E+12,4.2536E-07
35277,1.3785E+12,4.2536E-07
35278,1.3785E+12,4.2536E-07
35279,1.3785E+12,4.2536E-07
35280,1.3785E+12,4.2536E-07
35281,1.3785E+12,4.2536E-07
35282,1.3785E+12,4.2536E-07
35283,1.3785E+12,4.2536E-07
35284,1.3785E+12,4.25365E-07
35285,1.3784E+12,4.25365E-07
35286,1.3784E+12,4.25365E-07
35287,1.3784E+12,4.25365E-07
35288,1.3784E+12,4.25365E-07
35289,1.3784E+12,4.25365E-07
35290,1.3784E+12,4.25365E-07
35291,1.3784E+12,4.25365E-07
35292,1.3784E+12,4.25365E-07
35293,1.3784E+12,4.25365E-07
35294,1.3784E+12,4.25365E-07
35295,1.3783E+12,4.2537E-07
35296,1.3783E+12,4.2537E-07
35297,1.3783E+12,4.2537E-07
35298,1.3783E+12,4.2537E-07
35299,1.3783E+12,4.2537E-07
35300,1.3783E+12,4.2537E-07
35301,1.3783E+12,4.2537E-07
35302,1.3783E+12,4.2537E-07
35303,1.3783E+12,4.2537E-07
35304,1.3783E+12,4.2537E-07
35305,1.3782E+12,4.2537E-07
35306,1.3782E+12,4.2537E-07
35307,1.3782E+12,4.25375E-07
35308,1.3782E+12,4.25375E-07
35309,1.3782E+12,4.25375E-07
35310,1.3782E+12,4.25375E-07
35311,1.3782E+12,4.25375E-07
35312,1.3782E+12,4.25375E-07
35313,1.3782E+12,4.25375E-07
35314,1.3782E+12,4.25375E-07
35315,1.3781E+12,4.25375E-07
35316,1.3781E+12,4.25375E-07
35317,1.3781E+12,4.25375E-07
35318,1.3781E+12,4.25375E-07
35319,1.3781E+12,4.2538E-07
35320,1.3781E+12,4.2538E-07
35321,1.3781E+12,4.2538E-07
35322,1.3781E+12,4.2538E-07
35323,1.3781E+12,4.2538E-07
35324,1.3781E+12,4.2538E-07
35325,1.378E+12,4.2538E-07
35326,1.378E+12,4.2538E-07
35327,1.378E+12,4.2538E-07
35328,1.378E+12,4.2538E-07
35329,1.378E+12,4.2538E-07
35330,1.378E+12,4.2538E-07
35331,1.378E+12,4.25385E-07
35332,1.378E+12,4.25385E-07
35333,1.378E+12,4.25385E-07
35334,1.378E+12,4.25385E-07
35335,1.3779E+12,4.25385E-07
35336,1.3779E+12,4.25385E-07
35337,1.3779E+12,4.25385E-07
35338,1.3779E+12,4.25385E-07
35339,1.3779E+12,4.25385E-07
35340,1.3779E+12,4.25385E-07
35341,1.3779E+12,4.25385E-07
35342,1.3779E+12,4.2539E-07
35343,1.3779E+12,4.2539E-07
35344,1.3779E+12,4.2539E-07
35345,1.3778E+12,4.2539E-07
35346,1.3778E+12,4.2539E-07
35347,1.3778E+12,4.2539E-07
35348,1.3778E+12,4.2539E-07
35349,1.3778E+12,4.2539E-07
35350,1.3778E+12,4.2539E-07
35351,1.3778E+12,4.2539E-07
35352,1.3778E+12,4.2539E-07
35353,1.3778E+12,4.2539E-07
35354,1.3778E+12,4.25395E-07
35355,1.3777E+12,4.25395E-07
35356,1.3777E+12,4.25395E-07
35357,1.3777E+12,4.25395E-07
35358,1.3777E+12,4.25395E-07
35359,1.3777E+12,4.25395E-07
35360,1.3777E+12,4.25395E-07
35361,1.3777E+12,4.25395E-07
35362,1.3777E+12,4.25395E-07
35363,1.3777E+12,4.25395E-07
35364,1.3777E+12,4.25395E-07
35365,1.3776E+12,4.25395E-07
35366,1.3776E+12,4.254E-07
35367,1.3776E+12,4.254E-07
35368,1.3776E+12,4.254E-07
35369,1.3776E+12,4.254E-07
35370,1.3776E+12,4.254E-07
35371,1.3776E+12,4.254E-07
35372,1.3776E+12,4.254E-07
35373,1.3776E+12,4.254E-07
35374,1.3776E+12,4.254E-07
35375,1.3775E+12,4.254E-07
35376,1.3775E+12,4.254E-07
35377,1.3775E+12,4.254E-07
35378,1.3775E+12,4.25405E-07
35379,1.3775E+12,4.25405E-07
35380,1.3775E+12,4.25405E-07
35381,1.3775E+12,4.25405E-07
35382,1.3775E+12,4.25405E-07
35383,1.3775E+12,4.25405E-07
35384,1.3775E+12,4.25405E-07
35385,1.3774E+12,4.25405E-07
35386,1.3774E+12,4.25405E-07
35387,1.3774E+12,4.25405E-07
35388,1.3774E+12,4.25405E-07
35389,1.3774E+12,4.2541E-07
35390,1.3774E+12,4.2541E-07
35391,1.3774E+12,4.2541E-07
35392,1.3774E+12,4.2541E-07
35393,1.3774E+12,4.2541E-07
35394,1.3774E+12,4.2541E-07
35395,1.3773E+12,4.2541E-07
35396,1.3773E+12,4.2541E-07
35397,1.3773E+12,4.2541E-07
35398,1.3773E+12,4.2541E-07
35399,1.3773E+12,4.2541E-07
35400,1.3773E+12,4.2541E-07
35401,1.3773E+12,4.25415E-07
35402,1.3773E+12,4.25415E-07
35403,1.3773E+12,4.25415E-07
35404,1.3773E+12,4.25415E-07
35405,1.3773E+12,4.25415E-07
35406,1.3772E+12,4.25415E-07
35407,1.3772E+12,4.25415E-07
35408,1.3772E+12,4.25415E-07
35409,1.3772E+12,4.25415E-07
35410,1.3772E+12,4.25415E-07
35411,1.3772E+12,4.25415E-07
35412,1.3772E+12,4.25415E-07
35413,1.3772E+12,4.2542E-07
35414,1.3772E+12,4.2542E-07
35415,1.3772E+12,4.2542E-07
35416,1.3771E+12,4.2542E-07
35417,1.3771E+12,4.2542E-07
35418,1.3771E+12,4.2542E-07
35419,1.3771E+12,4.2542E-07
35420,1.3771E+12,4.2542E-07
35421,1.3771E+12,4.2542E-07
35422,1.3771E+12,4.2542E-07
35423,1.3771E+12,4.2542E-07
35424,1.3771E+12,4.2542E-07
35425,1.3771E+12,4.25425E-07
35426,1.377E+12,4.25425E-07
35427,1.377E+12,4.25425E-07
35428,1.377E+12,4.25425E-07
35429,1.377E+12,4.25425E-07
35430,1.377E+12,4.25425E-07
35431,1.377E+12,4.25425E-07
35432,1.377E+12,4.25425E-07
35433,1.377E+12,4.25425E-07
35434,1.377E+12,4.25425E-07
35435,1.377E+12,4.25425E-07
35436,1.3769E+12,4.25425E-07
35437,1.3769E+12,4.2543E-07
35438,1.3769E+12,4.2543E-07
35439,1.3769E+12,4.2543E-07
35440,1.3769E+12,4.2543E-07
35441,1.3769E+12,4.2543E-07
35442,1.3769E+12,4.2543E-07
35443,1.3769E+12,4.2543E-07
35444,1.3769E+12,4.2543E-07
35445,1.3769E+12,4.2543E-07
35446,1.3768E+12,4.2543E-07
35447,1.3768E+12,4.2543E-07
35448,1.3768E+12,4.25435E-07
35449,1.3768E+12,4.25435E-07
35450,1.3768E+12,4.25435E-07
35451,1.3768E+12,4.25435E-07
35452,1.3768E+12,4.25435E-07
35453,1.3768E+12,4.25435E-07
35454,1.3768E+12,4.25435E-07
35455,1.3768E+12,4.25435E-07
35456,1.3767E+12,4.25435E-07
35457,1.3767E+12,4.25435E-07
35458,1.3767E+12,4.25435E-07
35459,1.3767E+12,4.25435E-07
35460,1.3767E+12,4.2544E-07
35461,1.3767E+12,4.2544E-07
35462,1.3767E+12,4.2544E-07
35463,1.3767E+12,4.2544E-07
35464,1.3767E+12,4.2544E-07
35465,1.3767E+12,4.2544E-07
35466,1.3766E+12,4.2544E-07
35467,1.3766E+12,4.2544E-07
35468,1.3766E+12,4.2544E-07
35469,1.3766E+12,4.2544E-07
35470,1.3766E+12,4.2544E-07
35471,1.3766E+12,4.2544E-07
35472,1.3766E+12,4.25445E-07
35473,1.3766E+12,4.25445E-07
35474,1.3766E+12,4.25445E-07
35475,1.3766E+12,4.25445E-07
35476,1.3765E+12,4.25445E-07
35477,1.3765E+12,4.25445E-07
35478,1.3765E+12,4.25445E-07
35479,1.3765E+12,4.25445E-07
35480,1.3765E+12,4.25445E-07
35481,1.3765E+12,4.25445E-07
35482,1.3765E+12,4.25445E-07
35483,1.3765E+12,4.25445E-07
35484,1.3765E+12,4.2545E-07
35485,1.3765E+12,4.2545E-07
35486,1.3764E+12,4.2545E-07
35487,1.3764E+12,4.2545E-07
35488,1.3764E+12,4.2545E-07
35489,1.3764E+12,4.2545E-07
35490,1.3764E+12,4.2545E-07
35491,1.3764E+12,4.2545E-07
35492,1.3764E+12,4.2545E-07
35493,1.3764E+12,4.2545E-07
35494,1.3764E+12,4.2545E-07
35495,1.3764E+12,4.25455E-07
35496,1.3763E+12,4.25455E-07
35497,1.3763E+12,4.25455E-07
35498,1.3763E+12,4.25455E-07
35499,1.3763E+12,4.25455E-07
35500,1.3763E+12,4.25455E-07
35501,1.3763E+12,4.25455E-07
35502,1.3763E+12,4.25455E-07
35503,1.3763E+12,4.25455E-07
35504,1.3763E+12,4.25455E-07
35505,1.3763E+12,4.25455E-07
35506,1.3762E+12,4.25455E-07
35507,1.3762E+12,4.2546E-07
35508,1.3762E+12,4.2546E-07
35509,1.3762E+12,4.2546E-07
35510,1.3762E+12,4.2546E-07
35511,1.3762E+12,4.2546E-07
35512,1.3762E+12,4.2546E-07
35513,1.3762E+12,4.2546E-07
35514,1.3762E+12,4.2546E-07
35515,1.3762E+12,4.2546E-07
35516,1.3761E+12,4.2546E-07
35517,1.3761E+12,4.2546E-07
35518,1.3761E+12,4.2546E-07
35519,1.3761E+12,4.25465E-07
35520,1.3761E+12,4.25465E-07
35521,1.3761E+12,4.25465E-07
35522,1.3761E+12,4.25465E-07
35523,1.3761E+12,4.25465E-07
35524,1.3761E+12,4.25465E-07
35525,1.3761E+12,4.25465E-07
35526,1.376E+12,4.25465E-07
35527,1.376E+12,4.25465E-07
35528,1.376E+12,4.25465E-07
35529,1.376E+12,4.25465E-07
35530,1.376E+12,4.25465E-07
35531,1.376E+12,4.2547E-07
35532,1.376E+12,4.2547E-07
35533,1.376E+12,4.2547E-07
35534,1.376E+12,4.2547E-07
35535,1.376E+12,4.2547E-07
35536,1.376E+12,4.2547E-07
35537,1.3759E+12,4.2547E-07
35538,1.3759E+12,4.2547E-07
35539,1.3759E+12,4.2547E-07
35540,1.3759E+12,4.2547E-07
35541,1.3759E+12,4.2547E-07
35542,1.3759E+12,4.2547E-07
35543,1.3759E+12,4.25475E-07
35544,1.3759E+12,4.25475E-07
35545,1.3759E+12,4.25475E-07
35546,1.3759E+12,4.25475E-07
35547,1.3758E+12,4.25475E-07
35548,1.3758E+12,4.25475E-07
35549,1.3758E+12,4.25475E-07
35550,1.3758E+12,4.25475E-07
35551,1.3758E+12,4.25475E-07
35552,1.3758E+12,4.25475E-07
35553,1.3758E+12,4.25475E-07
35554,1.3758E+12,4.25475E-07
35555,1.3758E+12,4.2548E-07
35556,1.3758E+12,4.2548E-07
35557,1.3757E+12,4.2548E-07
35558,1.3757E+12,4.2548E-07
35559,1.3757E+12,4.2548E-07
35560,1.3757E+12,4.2548E-07
35561,1.3757E+12,4.2548E-07
35562,1.3757E+12,4.2548E-07
35563,1.3757E+12,4.2548E-07
35564,1.3757E+12,4.2548E-07
35565,1.3757E+12,4.2548E-07
35566,1.3757E+12,4.25485E-07
35567,1.3756E+12,4.25485E-07
35568,1.3756E+12,4.25485E-07
35569,1.3756E+12,4.25485E-07
35570,1.3756E+12,4.25485E-07
35571,1.3756E+12,4.25485E-07
35572,1.3756E+12,4.25485E-07
35573,1.3756E+12,4.25485E-07
35574,1.3756E+12,4.25485E-07
35575,1.3756E+12,4.25485E-07
35576,1.3756E+12,4.25485E-07
35577,1.3755E+12,4.25485E-07
35578,1.3755E+12,4.2549E-07
35579,1.3755E+12,4.2549E-07
35580,1.3755E+12,4.2549E-07
35581,1.3755E+12,4.2549E-07
35582,1.3755E+12,4.2549E-07
35583,1.3755E+12,4.2549E-07
35584,1.3755E+12,4.2549E-07
35585,1.3755E+12,4.2549E-07
35586,1.3755E+12,4.2549E-07
35587,1.3754E+12,4.2549E-07
35588,1.3754E+12,4.2549E-07
35589,1.3754E+12,4.2549E-07
35590,1.3754E+12,4.25495E-07
35591,1.3754E+12,4.25495E-07
35592,1.3754E+12,4.25495E-07
35593,1.3754E+12,4.25495E-07
35594,1.3754E+12,4.25495E-07
35595,1.3754E+12,4.25495E-07
35596,1.3754E+12,4.25495E-07
35597,1.3753E+12,4.25495E-07
35598,1.3753E+12,4.25495E-07
35599,1.3753E+12,4.25495E-07
35600,1.3753E+12,4.25495E-07
35601,1.3753E+12,4.25495E-07
35602,1.3753E+12,4.255E-07
35603,1.3753E+12,4.255E-07
35604,1.3753E+12,4.255E-07
35605,1.3753E+12,4.255E-07
35606,1.3753E+12,4.255E-07
35607,1.3752E+12,4.255E-07
35608,1.3752E+12,4.255E-07
35609,1.3752E+12,4.255E-07
35610,1.3752E+12,4.255E-07
35611,1.3752E+12,4.255E-07
35612,1.3752E+12,4.255E-07
35613,1.3752E+12,4.255E-07
35614,1.3752E+12,4.25505E-07
35615,1.3752E+12,4.25505E-07
35616,1.3752E+12,4.25505E-07
35617,1.3751E+12,4.25505E-07
35618,1.3751E+12,4.25505E-07
35619,1.3751E+12,4.25505E-07
35620,1.3751E+12,4.25505E-07
35621,1.3751E+12,4.25505E-07
35622,1.3751E+12,4.25505E-07
35623,1.3751E+12,4.25505E-07
35624,1.3751E+12,4.25505E-07
35625,1.3751E+12,4.25505E-07
35626,1.3751E+12,4.2551E-07
35627,1.3751E+12,4.2551E-07
35628,1.375E+12,4.2551E-07
35629,1.375E+12,4.2551E-07
35630,1.375E+12,4.2551E-07
35631,1.375E+12,4.2551E-07
35632,1.375E+12,4.2551E-07
35633,1.375E+12,4.2551E-07
35634,1.375E+12,4.2551E-07
35635,1.375E+12,4.2551E-07
35636,1.375E+12,4.2551E-07
35637,1.375E+12,4.25515E-07
35638,1.3749E+12,4.25515E-07
35639,1.3749E+12,4.25515E-07
35640,1.3749E+12,4.25515E-07
35641,1.3749E+12,4.25515E-07
35642,1.3749E+12,4.25515E-07
35643,1.3749E+12,4.25515E-07
35644,1.3749E+12,4.25515E-07
35645,1.3749E+12,4.25515E-07
35646,1.3749E+12,4.25515E-07
35647,1.3749E+12,4.25515E-07
35648,1.3748E+12,4.25515E-07
35649,1.3748E+12,4.2552E-07
35650,1.3748E+12,4.2552E-07
35651,1.3748E+12,4.2552E-07
35652,1.3748E+12,4.2552E-07
35653,1.3748E+12,4.2552E-07
35654,1.3748E+12,4.2552E-07
35655,1.3748E+12,4.2552E-07
35656,1.3748E+12,4.2552E-07
35657,1.3748E+12,4.2552E-07
35658,1.3747E+12,4.2552E-07
35659,1.3747E+12,4.2552E-07
35660,1.3747E+12,4.2552E-07
35661,1.3747E+12,4.25525E-07
35662,1.3747E+12,4.25525E-07
35663,1.3747E+12,4.25525E-07
35664,1.3747E+12,4.25525E-07
35665,1.3747E+12,4.25525E-07
35666,1.3747E+12,4.25525E-07
35667,1.3747E+12,4.25525E-07
35668,1.3746E+12,4.25525E-07
35669,1.3746E+12,4.25525E-07
35670,1.3746E+12,4.25525E-07
35671,1.3746E+12,4.25525E-07
35672,1.3746E+12,4.25525E-07
35673,1.3746E+12,4.2553E-07
35674,1.3746E+12,4.2553E-07
35675,1.3746E+12,4.2553E-07
35676,1.3746E+12,4.2553E-07
35677,1.3746E+12,4.2553E-07
35678,1.3745E+12,4.2553E-07
35679,1.3745E+12,4.2553E-07
35680,1.3745E+12,4.2553E-07
35681,1.3745E+12,4.2553E-07
35682,1.3745E+12,4.2553E-07
35683,1.3745E+12,4.2553E-07
35684,1.3745E+12,4.2553E-07
35685,1.3745E+12,4.25535E-07
35686,1.3745E+12,4.25535E-07
35687,1.3745E+12,4.25535E-07
35688,1.3744E+12,4.25535E-07
35689,1.3744E+12,4.25535E-07
35690,1.3744E+12,4.25535E-07
35691,1.3744E+12,4.25535E-07
35692,1.3744E+12,4.25535E-07
35693,1.3744E+12,4.25535E-07
35694,1.3744E+12,4.25535E-07
35695,1.3744E+12,4.25535E-07
35696,1.3744E+12,4.25535E-07
35697,1.3744E+12,4.2554E-07
35698,1.3744E+12,4.2554E-07
35699,1.3743E+12,4.2554E-07
35700,1.3743E+12,4.2554E-07
35701,1.3743E+12,4.2554E-07
35702,1.3743E+12,4.2554E-07
35703,1.3743E+12,4.2554E-07
35704,1.3743E+12,4.2554E-07
35705,1.3743E+12,4.2554E-07
35706,1.3743E+12,4.2554E-07
35707,1.3743E+12,4.2554E-07
35708,1.3743E+12,4.2554E-07
35709,1.3742E+12,4.25545E-07
35710,1.3742E+12,4.25545E-07
35711,1.3742E+12,4.25545E-07
35712,1.3742E+12,4.25545E-07
35713,1.3742E+12,4.25545E-07
35714,1.3742E+12,4.25545E-07
35715,1.3742E+12,4.25545E-07
35716,1.3742E+12,4.25545E-07
35717,1.3742E+12,4.25545E-07
35718,1.3742E+12,4.25545E-07
35719,1.3741E+12,4.25545E-07
35720,1.3741E+12,4.25545E-07
35721,1.3741E+12,4.2555E-07
35722,1.3741E+12,4.2555E-07
35723,1.3741E+12,4.2555E-07
35724,1.3741E+12,4.2555E-07
35725,1.3741E+12,4.2555E-07
35726,1.3741E+12,4.2555E-07
35727,1.3741E+12,4.2555E-07
35728,1.3741E+12,4.2555E-07
35729,1.374E+12,4.2555E-07
35730,1.374E+12,4.2555E-07
35731,1.374E+12,4.2555E-07
35732,1.374E+12,4.25555E-07
35733,1.374E+12,4.25555E-07
35734,1.374E+12,4.25555E-07
35735,1.374E+12,4.25555E-07
35736,1.374E+12,4.25555E-07
35737,1.374E+12,4.25555E-07
35738,1.374E+12,4.25555E-07
35739,1.3739E+12,4.25555E-07
35740,1.3739E+12,4.25555E-07
35741,1.3739E+12,4.25555E-07
35742,1.3739E+12,4.25555E-07
35743,1.3739E+12,4.25555E-07
35744,1.3739E+12,4.2556E-07
35745,1.3739E+12,4.2556E-07
35746,1.3739E+12,4.2556E-07
35747,1.3739E+12,4.2556E-07
35748,1.3739E+12,4.2556E-07
35749,1.3738E+12,4.2556E-07
35750,1.3738E+12,4.2556E-07
35751,1.3738E+12,4.2556E-07
35752,1.3738E+12,4.2556E-07
35753,1.3738E+12,4.2556E-07
35754,1.3738E+12,4.2556E-07
35755,1.3738E+12,4.2556E-07
35756,1.3738E+12,4.25565E-07
35757,1.3738E+12,4.25565E-07
35758,1.3738E+12,4.25565E-07
35759,1.3738E+12,4.25565E-07
35760,1.3737E+12,4.25565E-07
35761,1.3737E+12,4.25565E-07
35762,1.3737E+12,4.25565E-07
35763,1.3737E+12,4.25565E-07
35764,1.3737E+12,4.25565E-07
35765,1.3737E+12,4.25565E-07
35766,1.3737E+12,4.25565E-07
35767,1.3737E+12,4.25565E-07
35768,1.3737E+12,4.2557E-07
35769,1.3737E+12,4.2557E-07
35770,1.3736E+12,4.2557E-07
35771,1.3736E+12,4.2557E-07
35772,1.3736E+12,4.2557E-07
35773,1.3736E+12,4.2557E-07
35774,1.3736E+12,4.2557E-07
35775,1.3736E+12,4.2557E-07
35776,1.3736E+12,4.2557E-07
35777,1.3736E+12,4.2557E-07
35778,1.3736E+12,4.2557E-07
35779,1.3736E+12,4.2557E-07
35780,1.3735E+12,4.25575E-07
35781,1.3735E+12,4.25575E-07
35782,1.3735E+12,4.25575E-07
35783,1.3735E+12,4.25575E-07
35784,1.3735E+12,4.25575E-07
35785,1.3735E+12,4.25575E-07
35786,1.3735E+12,4.25575E-07
35787,1.3735E+12,4.25575E-07
35788,1.3735E+12,4.25575E-07
35789,1.3735E+12,4.25575E-07
35790,1.3734E+12,4.25575E-07
35791,1.3734E+12,4.25575E-07
35792,1.3734E+12,4.2558E-07
35793,1.3734E+12,4.2558E-07
35794,1.3734E+12,4.2558E-07
35795,1.3734E+12,4.2558E-07
35796,1.3734E+12,4.2558E-07
35797,1.3734E+12,4.2558E-07
35798,1.3734E+12,4.2558E-07
35799,1.3734E+12,4.2558E-07
35800,1.3733E+12,4.2558E-07
35801,1.3733E+12,4.2558E-07
35802,1.3733E+12,4.2558E-07
35803,1.3733E+12,4.2558E-07
35804,1.3733E+12,4.25585E-07
35805,1.3733E+12,4.25585E-07
35806,1.3733E+12,4.25585E-07
35807,1.3733E+12,4.25585E-07
35808,1.3733E+12,4.25585E-07
35809,1.3733E+12,4.25585E-07
35810,1.3733E+12,4.25585E-07
35811,1.3732E+12,4.25585E-07
35812,1.3732E+12,4.25585E-07
35813,1.3732E+12,4.25585E-07
35814,1.3732E+12,4.25585E-07
35815,1.3732E+12,4.25585E-07
35816,1.3732E+12,4.2559E-07
35817,1.3732E+12,4.2559E-07
35818,1.3732E+12,4.2559E-07
35819,1.3732E+12,4.2559E-07
35820,1.3732E+12,4.2559E-07
35821,1.3731E+12,4.2559E-07
35822,1.3731E+12,4.2559E-07
35823,1.3731E+12,4.2559E-07
35824,1.3731E+12,4.2559E-07
35825,1.3731E+12,4.2559E-07
35826,1.3731E+12,4.2559E-07
35827,1.3731E+12,4.2559E-07
35828,1.3731E+12,4.25595E-07
35829,1.3731E+12,4.25595E-07
35830,1.3731E+12,4.25595E-07
35831,1.373E+12,4.25595E-07
35832,1.373E+12,4.25595E-07
35833,1.373E+12,4.25595E-07
35834,1.373E+12,4.25595E-07
35835,1.373E+12,4.25595E-07
35836,1.373E+12,4.25595E-07
35837,1.373E+12,4.25595E-07
35838,1.373E+12,4.25595E-07
35839,1.373E+12,4.25595E-07
35840,1.373E+12,4.256E-07
35841,1.3729E+12,4.256E-07
35842,1.3729E+12,4.256E-07
35843,1.3729E+12,4.256E-07
35844,1.3729E+12,4.256E-07
35845,1.3729E+12,4.256E-07
35846,1.3729E+12,4.256E-07
35847,1.3729E+12,4.256E-07
35848,1.3729E+12,4.256E-07
35849,1.3729E+12,4.256E-07
35850,1.3729E+12,4.256E-07
35851,1.3728E+12,4.256E-07
35852,1.3728E+12,4.25605E-07
35853,1.3728E+12,4.25605E-07
35854,1.3728E+12,4.25605E-07
35855,1.3728E+12,4.25605E-07
35856,1.3728E+12,4.25605E-07
35857,1.3728E+12,4.25605E-07
35858,1.3728E+12,4.25605E-07
35859,1.3728E+12,4.25605E-07
35860,1.3728E+12,4.25605E-07
35861,1.3728E+12,4.25605E-07
35862,1.3727E+12,4.25605E-07
35863,1.3727E+12,4.25605E-07
35864,1.3727E+12,4.2561E-07
35865,1.3727E+12,4.2561E-07
35866,1.3727E+12,4.2561E-07
35867,1.3727E+12,4.2561E-07
35868,1.3727E+12,4.2561E-07
35869,1.3727E+12,4.2561E-07
35870,1.3727E+12,4.2561E-07
35871,1.3727E+12,4.2561E-07
35872,1.3726E+12,4.2561E-07
35873,1.3726E+12,4.2561E-07
35874,1.3726E+12,4.2561E-07
35875,1.3726E+12,4.25615E-07
35876,1.3726E+12,4.25615E-07
35877,1.3726E+12,4.25615E-07
35878,1.3726E+12,4.25615E-07
35879,1.3726E+12,4.25615E-07
35880,1.3726E+12,4.25615E-07
35881,1.3726E+12,4.25615E-07
35882,1.3725E+12,4.25615E-07
35883,1.3725E+12,4.25615E-07
35884,1.3725E+12,4.25615E-07
35885,1.3725E+12,4.25615E-07
35886,1.3725E+12,4.25615E-07
35887,1.3725E+12,4.2562E-07
35888,1.3725E+12,4.2562E-07
35889,1.3725E+12,4.2562E-07
35890,1.3725E+12,4.2562E-07
35891,1.3725E+12,4.2562E-07
35892,1.3724E+12,4.2562E-07
35893,1.3724E+12,4.2562E-07
35894,1.3724E+12,4.2562E-07
35895,1.3724E+12,4.2562E-07
35896,1.3724E+12,4.2562E-07
35897,1.3724E+12,4.2562E-07
35898,1.3724E+12,4.2562E-07
35899,1.3724E+12,4.25625E-07
35900,1.3724E+12,4.25625E-07
35901,1.3724E+12,4.25625E-07
35902,1.3724E+12,4.25625E-07
35903,1.3723E+12,4.25625E-07
35904,1.3723E+12,4.25625E-07
35905,1.3723E+12,4.25625E-07
35906,1.3723E+12,4.25625E-07
35907,1.3723E+12,4.25625E-07
35908,1.3723E+12,4.25625E-07
35909,1.3723E+12,4.25625E-07
35910,1.3723E+12,4.25625E-07
35911,1.3723E+12,4.2563E-07
35912,1.3723E+12,4.2563E-07
35913,1.3722E+12,4.2563E-07
35914,1.3722E+12,4.2563E-07
35915,1.3722E+12,4.2563E-07
35916,1.3722E+12,4.2563E-07
35917,1.3722E+12,4.2563E-07
35918,1.3722E+12,4.2563E-07
35919,1.3722E+12,4.2563E-07
35920,1.3722E+12,4.2563E-07
35921,1.3722E+12,4.2563E-07
35922,1.3722E+12,4.2563E-07
35923,1.3721E+12,4.25635E-07
35924,1.3721E+12,4.25635E-07
35925,1.3721E+12,4.25635E-07
35926,1.3721E+12,4.25635E-07
35927,1.3721E+12,4.25635E-07
35928,1.3721E+12,4.25635E-07
35929,1.3721E+12,4.25635E-07
35930,1.3721E+12,4.25635E-07
35931,1.3721E+12,4.25635E-07
35932,1.3721E+12,4.25635E-07
35933,1.372E+12,4.25635E-07
35934,1.372E+12,4.25635E-07
35935,1.372E+12,4.2564E-07
35936,1.372E+12,4.2564E-07
35937,1.372E+12,4.2564E-07
35938,1.372E+12,4.2564E-07
35939,1.372E+12,4.2564E-07
35940,1.372E+12,4.2564E-07
35941,1.372E+12,4.2564E-07
35942,1.372E+12,4.2564E-07
35943,1.372E+12,4.2564E-07
35944,1.3719E+12,4.2564E-07
35945,1.3719E+12,4.2564E-07
35946,1.3719E+12,4.2564E-07
35947,1.3719E+12,4.25645E-07
35948,1.3719E+12,4.25645E-07
35949,1.3719E+12,4.25645E-07
35950,1.3719E+12,4.25645E-07
35951,1.3719E+12,4.25645E-07
35952,1.3719E+12,4.25645E-07
35953,1.3719E+12,4.25645E-07
35954,1.3718E+12,4.25645E-07
35955,1.3718E+12,4.25645E-07
35956,1.3718E+12,4.25645E-07
35957,1.3718E+12,4.25645E-07
35958,1.3718E+12,4.25645E-07
35959,1.3718E+12,4.2565E-07
35960,1.3718E+12,4.2565E-07
35961,1.3718E+12,4.2565E-07
35962,1.3718E+12,4.2565E-07
35963,1.3718E+12,4.2565E-07
35964,1.3717E+12,4.2565E-07
35965,1.3717E+12,4.2565E-07
35966,1.3717E+12,4.2565E-07
35967,1.3717E+12,4.2565E-07
35968,1.3717E+12,4.2565E-07
35969,1.3717E+12,4.2565E-07
35970,1.3717E+12,4.2565E-07
35971,1.3717E+12,4.25655E-07
35972,1.3717E+12,4.25655E-07
35973,1.3717E+12,4.25655E-07
35974,1.3716E+12,4.25655E-07
35975,1.3716E+12,4.25655E-07
35976,1.3716E+12,4.25655E-07
35977,1.3716E+12,4.25655E-07
35978,1.3716E+12,4.25655E-07
35979,1.3716E+12,4.25655E-07
35980,1.3716E+12,4.25655E-07
35981,1.3716E+12,4.25655E-07
35982,1.3716E+12,4.25655E-07
35983,1.3716E+12,4.2566E-07
35984,1.3716E+12,4.2566E-07
35985,1.3715E+12,4.2566E-07
35986,1.3715E+12,4.2566E-07
35987,1.3715E+12,4.2566E-07
35988,1.3715E+12,4.2566E-07
35989,1.3715E+12,4.2566E-07
35990,1.3715E+12,4.2566E-07
35991,1.3715E+12,4.2566E-07
35992,1.3715E+12,4.2566E-07
35993,1.3715E+12,4.2566E-07
35994,1.3715E+12,4.2566E-07
35995,1.3714E+12,4.25665E-07
35996,1.3714E+12,4.25665E-07
35997,1.3714E+12,4.25665E-07
35998,1.3714E+12,4.25665E-07
35999,1.3714E+12,4.25665E-07
36000,1.3714E+12,4.25665E-07
36001,1.3714E+12,4.25665E-07
36002,1.3714E+12,4.25665E-07
36003,1.3714E+12,4.25665E-07
36004,1.3714E+12,4.25665E-07
36005,1.3713E+12,4.25665E-07
36006,1.3713E+12,4.25665E-07
36007,1.3713E+12,4.2567E-07
36008,1.3713E+12,4.2567E-07
36009,1.3713E+12,4.2567E-07
36010,1.3713E+12,4.2567E-07
36011,1.3713E+12,4.2567E-07
36012,1.3713E+12,4.2567E-07
36013,1.3713E+12,4.2567E-07
36014,1.3713E+12,4.2567E-07
36015,1.3712E+12,4.2567E-07
36016,1.3712E+12,4.2567E-07
36017,1.3712E+12,4.2567E-07
36018,1.3712E+12,4.2567E-07
36019,1.3712E+12,4.25675E-07
36020,1.3712E+12,4.25675E-07
36021,1.3712E+12,4.25675E-07
36022,1.3712E+12,4.25675E-07
36023,1.3712E+12,4.25675E-07
36024,1.3712E+12,4.25675E-07
36025,1.3712E+12,4.25675E-07
36026,1.3711E+12,4.25675E-07
36027,1.3711E+12,4.25675E-07
36028,1.3711E+12,4.25675E-07
36029,1.3711E+12,4.25675E-07
36030,1.3711E+12,4.25675E-07
36031,1.3711E+12,4.2568E-07
36032,1.3711E+12,4.2568E-07
36033,1.3711E+12,4.2568E-07
36034,1.3711E+12,4.2568E-07
36035,1.3711E+12,4.2568E-07
36036,1.371E+12,4.2568E-07
36037,1.371E+12,4.2568E-07
36038,1.371E+12,4.2568E-07
36039,1.371E+12,4.2568E-07
36040,1.371E+12,4.2568E-07
36041,1.371E+12,4.2568E-07
36042,1.371E+12,4.2568E-07
36043,1.371E+12,4.25685E-07
36044,1.371E+12,4.25685E-07
36045,1.371E+12,4.25685E-07
36046,1.3709E+12,4.25685E-07
36047,1.3709E+12,4.25685E-07
36048,1.3709E+12,4.25685E-07
36049,1.3709E+12,4.25685E-07
36050,1.3709E+12,4.25685E-07
36051,1.3709E+12,4.25685E-07
36052,1.3709E+12,4.25685E-07
36053,1.3709E+12,4.25685E-07
36054,1.3709E+12,4.25685E-07
36055,1.3709E+12,4.2569E-07
36056,1.3709E+12,4.2569E-07
36057,1.3708E+12,4.2569E-07
36058,1.3708E+12,4.2569E-07
36059,1.3708E+12,4.2569E-07
36060,1.3708E+12,4.2569E-07
36061,1.3708E+12,4.2569E-07
36062,1.3708E+12,4.2569E-07
36063,1.3708E+12,4.2569E-07
36064,1.3708E+12,4.2569E-07
36065,1.3708E+12,4.2569E-07
36066,1.3708E+12,4.2569E-07
36067,1.3707E+12,4.25695E-07
36068,1.3707E+12,4.25695E-07
36069,1.3707E+12,4.25695E-07
36070,1.3707E+12,4.25695E-07
36071,1.3707E+12,4.25695E-07
36072,1.3707E+12,4.25695E-07
36073,1.3707E+12,4.25695E-07
36074,1.3707E+12,4.25695E-07
36075,1.3707E+12,4.25695E-07
36076,1.3707E+12,4.25695E-07
36077,1.3706E+12,4.25695E-07
36078,1.3706E+12,4.25695E-07
36079,1.3706E+12,4.257E-07
36080,1.3706E+12,4.257E-07
36081,1.3706E+12,4.257E-07
36082,1.3706E+12,4.257E-07
36083,1.3706E+12,4.257E-07
36084,1.3706E+12,4.257E-07
36085,1.3706E+12,4.257E-07
36086,1.3706E+12,4.257E-07
36087,1.3705E+12,4.257E-07
36088,1.3705E+12,4.257E-07
36089,1.3705E+12,4.257E-07
36090,1.3705E+12,4.257E-07
36091,1.3705E+12,4.25705E-07
36092,1.3705E+12,4.25705E-07
36093,1.3705E+12,4.25705E-07
36094,1.3705E+12,4.25705E-07
36095,1.3705E+12,4.25705E-07
36096,1.3705E+12,4.25705E-07
36097,1.3705E+12,4.25705E-07
36098,1.3704E+12,4.25705E-07
36099,1.3704E+12,4.25705E-07
36100,1.3704E+12,4.25705E-07
36101,1.3704E+12,4.25705E-07
36102,1.3704E+12,4.25705E-07
36103,1.3704E+12,4.2571E-07
36104,1.3704E+12,4.2571E-07
36105,1.3704E+12,4.2571E-07
36106,1.3704E+12,4.2571E-07
36107,1.3704E+12,4.2571E-07
36108,1.3703E+12,4.2571E-07
36109,1.3703E+12,4.2571E-07
36110,1.3703E+12,4.2571E-07
36111,1.3703E+12,4.2571E-07
36112,1.3703E+12,4.2571E-07
36113,1.3703E+12,4.2571E-07
36114,1.3703E+12,4.2571E-07
36115,1.3703E+12,4.25715E-07
36116,1.3703E+12,4.25715E-07
36117,1.3703E+12,4.25715E-07
36118,1.3702E+12,4.25715E-07
36119,1.3702E+12,4.25715E-07
36120,1.3702E+12,4.25715E-07
36121,1.3702E+12,4.25715E-07
36122,1.3702E+12,4.25715E-07
36123,1.3702E+12,4.25715E-07
36124,1.3702E+12,4.25715E-07
36125,1.3702E+12,4.25715E-07
36126,1.3702E+12,4.25715E-07
36127,1.3702E+12,4.2572E-07
36128,1.3702E+12,4.2572E-07
36129,1.3701E+12,4.2572E-07
36130,1.3701E+12,4.2572E-07
36131,1.3701E+12,4.2572E-07
36132,1.3701E+12,4.2572E-07
36133,1.3701E+12,4.2572E-07
36134,1.3701E+12,4.2572E-07
36135,1.3701E+12,4.2572E-07
36136,1.3701E+12,4.2572E-07
36137,1.3701E+12,4.2572E-07
36138,1.3701E+12,4.2572E-07
36139,1.37E+12,4.25725E-07
36140,1.37E+12,4.25725E-07
36141,1.37E+12,4.25725E-07
36142,1.37E+12,4.25725E-07
36143,1.37E+12,4.25725E-07
36144,1.37E+12,4.25725E-07
36145,1.37E+12,4.25725E-07
36146,1.37E+12,4.25725E-07
36147,1.37E+12,4.25725E-07
36148,1.37E+12,4.25725E-07
36149,1.3699E+12,4.25725E-07
36150,1.3699E+12,4.25725E-07
36151,1.3699E+12,4.2573E-07
36152,1.3699E+12,4.2573E-07
36153,1.3699E+12,4.2573E-07
36154,1.3699E+12,4.2573E-07
36155,1.3699E+12,4.2573E-07
36156,1.3699E+12,4.2573E-07
36157,1.3699E+12,4.2573E-07
36158,1.3699E+12,4.2573E-07
36159,1.3699E+12,4.2573E-07
36160,1.3698E+12,4.2573E-07
36161,1.3698E+12,4.2573E-07
36162,1.3698E+12,4.2573E-07
36163,1.3698E+12,4.25735E-07
36164,1.3698E+12,4.25735E-07
36165,1.3698E+12,4.25735E-07
36166,1.3698E+12,4.25735E-07
36167,1.3698E+12,4.25735E-07
36168,1.3698E+12,4.25735E-07
36169,1.3698E+12,4.25735E-07
36170,1.3697E+12,4.25735E-07
36171,1.3697E+12,4.25735E-07
36172,1.3697E+12,4.25735E-07
36173,1.3697E+12,4.25735E-07
36174,1.3697E+12,4.25735E-07
36175,1.3697E+12,4.2574E-07
36176,1.3697E+12,4.2574E-07
36177,1.3697E+12,4.2574E-07
36178,1.3697E+12,4.2574E-07
36179,1.3697E+12,4.2574E-07
36180,1.3696E+12,4.2574E-07
36181,1.3696E+12,4.2574E-07
36182,1.3696E+12,4.2574E-07
36183,1.3696E+12,4.2574E-07
36184,1.3696E+12,4.2574E-07
36185,1.3696E+12,4.2574E-07
36186,1.3696E+12,4.2574E-07
36187,1.3696E+12,4.25745E-07
36188,1.3696E+12,4.25745E-07
36189,1.3696E+12,4.25745E-07
36190,1.3696E+12,4.25745E-07
36191,1.3695E+12,4.25745E-07
36192,1.3695E+12,4.25745E-07
36193,1.3695E+12,4.25745E-07
36194,1.3695E+12,4.25745E-07
36195,1.3695E+12,4.25745E-07
36196,1.3695E+12,4.25745E-07
36197,1.3695E+12,4.25745E-07
36198,1.3695E+12,4.25745E-07
36199,1.3695E+12,4.25745E-07
36200,1.3695E+12,4.2575E-07
36201,1.3694E+12,4.2575E-07
36202,1.3694E+12,4.2575E-07
36203,1.3694E+12,4.2575E-07
36204,1.3694E+12,4.2575E-07
36205,1.3694E+12,4.2575E-07
36206,1.3694E+12,4.2575E-07
36207,1.3694E+12,4.2575E-07
36208,1.3694E+12,4.2575E-07
36209,1.3694E+12,4.2575E-07
36210,1.3694E+12,4.2575E-07
36211,1.3693E+12,4.2575E-07
36212,1.3693E+12,4.25755E-07
36213,1.3693E+12,4.25755E-07
36214,1.3693E+12,4.25755E-07
36215,1.3693E+12,4.25755E-07
36216,1.3693E+12,4.25755E-07
36217,1.3693E+12,4.25755E-07
36218,1.3693E+12,4.25755E-07
36219,1.3693E+12,4.25755E-07
36220,1.3693E+12,4.25755E-07
36221,1.3693E+12,4.25755E-07
36222,1.3692E+12,4.25755E-07
36223,1.3692E+12,4.25755E-07
36224,1.3692E+12,4.2576E-07
36225,1.3692E+12,4.2576E-07
36226,1.3692E+12,4.2576E-07
36227,1.3692E+12,4.2576E-07
36228,1.3692E+12,4.2576E-07
36229,1.3692E+12,4.2576E-07
36230,1.3692E+12,4.2576E-07
36231,1.3692E+12,4.2576E-07
36232,1.3691E+12,4.2576E-07
36233,1.3691E+12,4.2576E-07
36234,1.3691E+12,4.2576E-07
36235,1.3691E+12,4.2576E-07
36236,1.3691E+12,4.25765E-07
36237,1.3691E+12,4.25765E-07
36238,1.3691E+12,4.25765E-07
36239,1.3691E+12,4.25765E-07
36240,1.3691E+12,4.25765E-07
36241,1.3691E+12,4.25765E-07
36242,1.369E+12,4.25765E-07
36243,1.369E+12,4.25765E-07
36244,1.369E+12,4.25765E-07
36245,1.369E+12,4.25765E-07
36246,1.369E+12,4.25765E-07
36247,1.369E+12,4.25765E-07
36248,1.369E+12,4.2577E-07
36249,1.369E+12,4.2577E-07
36250,1.369E+12,4.2577E-07
36251,1.369E+12,4.2577E-07
36252,1.369E+12,4.2577E-07
36253,1.3689E+12,4.2577E-07
36254,1.3689E+12,4.2577E-07
36255,1.3689E+12,4.2577E-07
36256,1.3689E+12,4.2577E-07
36257,1.3689E+12,4.2577E-07
36258,1.3689E+12,4.2577E-07
36259,1.3689E+12,4.2577E-07
36260,1.3689E+12,4.25775E-07
36261,1.3689E+12,4.25775E-07
36262,1.3689E+12,4.25775E-07
36263,1.3688E+12,4.25775E-07
36264,1.3688E+12,4.25775E-07
36265,1.3688E+12,4.25775E-07
36266,1.3688E+12,4.25775E-07
36267,1.3688E+12,4.25775E-07
36268,1.3688E+12,4.25775E-07
36269,1.3688E+12,4.25775E-07
36270,1.3688E+12,4.25775E-07
36271,1.3688E+12,4.25775E-07
36272,1.3688E+12,4.2578E-07
36273,1.3687E+12,4.2578E-07
36274,1.3687E+12,4.2578E-07
36275,1.3687E+12,4.2578E-07
36276,1.3687E+12,4.2578E-07
36277,1.3687E+12,4.2578E-07
36278,1.3687E+12,4.2578E-07
36279,1.3687E+12,4.2578E-07
36280,1.3687E+12,4.2578E-07
36281,1.3687E+12,4.2578E-07
36282,1.3687E+12,4.2578E-07
36283,1.3687E+12,4.2578E-07
36284,1.3686E+12,4.25785E-07
36285,1.3686E+12,4.25785E-07
36286,1.3686E+12,4.25785E-07
36287,1.3686E+12,4.25785E-07
36288,1.3686E+12,4.25785E-07
36289,1.3686E+12,4.25785E-07
36290,1.3686E+12,4.25785E-07
36291,1.3686E+12,4.25785E-07
36292,1.3686E+12,4.25785E-07
36293,1.3686E+12,4.25785E-07
36294,1.3685E+12,4.25785E-07
36295,1.3685E+12,4.25785E-07
36296,1.3685E+12,4.2579E-07
36297,1.3685E+12,4.2579E-07
36298,1.3685E+12,4.2579E-07
36299,1.3685E+12,4.2579E-07
36300,1.3685E+12,4.2579E-07
36301,1.3685E+12,4.2579E-07
36302,1.3685E+12,4.2579E-07
36303,1.3685E+12,4.2579E-07
36304,1.3685E+12,4.2579E-07
36305,1.3684E+12,4.2579E-07
36306,1.3684E+12,4.2579E-07
36307,1.3684E+12,4.2579E-07
36308,1.3684E+12,4.25795E-07
36309,1.3684E+12,4.25795E-07
36310,1.3684E+12,4.25795E-07
36311,1.3684E+12,4.25795E-07
36312,1.3684E+12,4.25795E-07
36313,1.3684E+12,4.25795E-07
36314,1.3684E+12,4.25795E-07
36315,1.3683E+12,4.25795E-07
36316,1.3683E+12,4.25795E-07
36317,1.3683E+12,4.25795E-07
36318,1.3683E+12,4.25795E-07
36319,1.3683E+12,4.25795E-07
36320,1.3683E+12,4.258E-07
36321,1.3683E+12,4.258E-07
36322,1.3683E+12,4.258E-07
36323,1.3683E+12,4.258E-07
36324,1.3683E+12,4.258E-07
36325,1.3682E+12,4.258E-07
36326,1.3682E+12,4.258E-07
36327,1.3682E+12,4.258E-07
36328,1.3682E+12,4.258E-07
36329,1.3682E+12,4.258E-07
36330,1.3682E+12,4.258E-07
36331,1.3682E+12,4.258E-07
36332,1.3682E+12,4.25805E-07
36333,1.3682E+12,4.25805E-07
36334,1.3682E+12,4.25805E-07
36335,1.3682E+12,4.25805E-07
36336,1.3681E+12,4.25805E-07
36337,1.3681E+12,4.25805E-07
36338,1.3681E+12,4.25805E-07
36339,1.3681E+12,4.25805E-07
36340,1.3681E+12,4.25805E-07
36341,1.3681E+12,4.25805E-07
36342,1.3681E+12,4.25805E-07
36343,1.3681E+12,4.25805E-07
36344,1.3681E+12,4.25805E-07
36345,1.3681E+12,4.2581E-07
36346,1.368E+12,4.2581E-07
36347,1.368E+12,4.2581E-07
36348,1.368E+12,4.2581E-07
36349,1.368E+12,4.2581E-07
36350,1.368E+12,4.2581E-07
36351,1.368E+12,4.2581E-07
36352,1.368E+12,4.2581E-07
36353,1.368E+12,4.2581E-07
36354,1.368E+12,4.2581E-07
36355,1.368E+12,4.2581E-07
36356,1.368E+12,4.2581E-07
36357,1.3679E+12,4.25815E-07
36358,1.3679E+12,4.25815E-07
36359,1.3679E+12,4.25815E-07
36360,1.3679E+12,4.25815E-07
36361,1.3679E+12,4.25815E-07
36362,1.3679E+12,4.25815E-07
36363,1.3679E+12,4.25815E-07
36364,1.3679E+12,4.25815E-07
36365,1.3679E+12,4.25815E-07
36366,1.3679E+12,4.25815E-07
36367,1.3678E+12,4.25815E-07
36368,1.3678E+12,4.25815E-07
36369,1.3678E+12,4.2582E-07
36370,1.3678E+12,4.2582E-07
36371,1.3678E+12,4.2582E-07
36372,1.3678E+12,4.2582E-07
36373,1.3678E+12,4.2582E-07
36374,1.3678E+12,4.2582E-07
36375,1.3678E+12,4.2582E-07
36376,1.3678E+12,4.2582E-07
36377,1.3677E+12,4.2582E-07
36378,1.3677E+12,4.2582E-07
36379,1.3677E+12,4.2582E-07
36380,1.3677E+12,4.2582E-07
36381,1.3677E+12,4.25825E-07
36382,1.3677E+12,4.25825E-07
36383,1.3677E+12,4.25825E-07
36384,1.3677E+12,4.25825E-07
36385,1.3677E+12,4.25825E-07
36386,1.3677E+12,4.25825E-07
36387,1.3677E+12,4.25825E-07
36388,1.3676E+12,4.25825E-07
36389,1.3676E+12,4.25825E-07
36390,1.3676E+12,4.25825E-07
36391,1.3676E+12,4.25825E-07
36392,1.3676E+12,4.25825E-07
36393,1.3676E+12,4.2583E-07
36394,1.3676E+12,4.2583E-07
36395,1.3676E+12,4.2583E-07
36396,1.3676E+12,4.2583E-07
36397,1.3676E+12,4.2583E-07
36398,1.3675E+12,4.2583E-07
36399,1.3675E+12,4.2583E-07
36400,1.3675E+12,4.2583E-07
36401,1.3675E+12,4.2583E-07
36402,1.3675E+12,4.2583E-07
36403,1.3675E+12,4.2583E-07
36404,1.3675E+12,4.2583E-07
36405,1.3675E+12,4.25835E-07
36406,1.3675E+12,4.25835E-07
36407,1.3675E+12,4.25835E-07
36408,1.3675E+12,4.25835E-07
36409,1.3674E+12,4.25835E-07
36410,1.3674E+12,4.25835E-07
36411,1.3674E+12,4.25835E-07
36412,1.3674E+12,4.25835E-07
36413,1.3674E+12,4.25835E-07
36414,1.3674E+12,4.25835E-07
36415,1.3674E+12,4.25835E-07
36416,1.3674E+12,4.25835E-07
36417,1.3674E+12,4.2584E-07
36418,1.3674E+12,4.2584E-07
36419,1.3673E+12,4.2584E-07
36420,1.3673E+12,4.2584E-07
36421,1.3673E+12,4.2584E-07
36422,1.3673E+12,4.2584E-07
36423,1.3673E+12,4.2584E-07
36424,1.3673E+12,4.2584E-07
36425,1.3673E+12,4.2584E-07
36426,1.3673E+12,4.2584E-07
36427,1.3673E+12,4.2584E-07
36428,1.3673E+12,4.2584E-07
36429,1.3672E+12,4.25845E-07
36430,1.3672E+12,4.25845E-07
36431,1.3672E+12,4.25845E-07
36432,1.3672E+12,4.25845E-07
36433,1.3672E+12,4.25845E-07
36434,1.3672E+12,4.25845E-07
36435,1.3672E+12,4.25845E-07
36436,1.3672E+12,4.25845E-07
36437,1.3672E+12,4.25845E-07
36438,1.3672E+12,4.25845E-07
36439,1.3672E+12,4.25845E-07
36440,1.3671E+12,4.25845E-07
36441,1.3671E+12,4.25845E-07
36442,1.3671E+12,4.2585E-07
36443,1.3671E+12,4.2585E-07
36444,1.3671E+12,4.2585E-07
36445,1.3671E+12,4.2585E-07
36446,1.3671E+12,4.2585E-07
36447,1.3671E+12,4.2585E-07
36448,1.3671E+12,4.2585E-07
36449,1.3671E+12,4.2585E-07
36450,1.367E+12,4.2585E-07
36451,1.367E+12,4.2585E-07
36452,1.367E+12,4.2585E-07
36453,1.367E+12,4.2585E-07
36454,1.367E+12,4.25855E-07
36455,1.367E+12,4.25855E-07
36456,1.367E+12,4.25855E-07
36457,1.367E+12,4.25855E-07
36458,1.367E+12,4.25855E-07
36459,1.367E+12,4.25855E-07
36460,1.367E+12,4.25855E-07
36461,1.3669E+12,4.25855E-07
36462,1.3669E+12,4.25855E-07
36463,1.3669E+12,4.25855E-07
36464,1.3669E+12,4.25855E-07
36465,1.3669E+12,4.25855E-07
36466,1.3669E+12,4.2586E-07
36467,1.3669E+12,4.2586E-07
36468,1.3669E+12,4.2586E-07
36469,1.3669E+12,4.2586E-07
36470,1.3669E+12,4.2586E-07
36471,1.3668E+12,4.2586E-07
36472,1.3668E+12,4.2586E-07
36473,1.3668E+12,4.2586E-07
36474,1.3668E+12,4.2586E-07
36475,1.3668E+12,4.2586E-07
36476,1.3668E+12,4.2586E-07
36477,1.3668E+12,4.2586E-07
36478,1.3668E+12,4.25865E-07
36479,1.3668E+12,4.25865E-07
36480,1.3668E+12,4.25865E-07
36481,1.3668E+12,4.25865E-07
36482,1.3667E+12,4.25865E-07
36483,1.3667E+12,4.25865E-07
36484,1.3667E+12,4.25865E-07
36485,1.3667E+12,4.25865E-07
36486,1.3667E+12,4.25865E-07
36487,1.3667E+12,4.25865E-07
36488,1.3667E+12,4.25865E-07
36489,1.3667E+12,4.25865E-07
36490,1.3667E+12,4.2587E-07
36491,1.3667E+12,4.2587E-07
36492,1.3666E+12,4.2587E-07
36493,1.3666E+12,4.2587E-07
36494,1.3666E+12,4.2587E-07
36495,1.3666E+12,4.2587E-07
36496,1.3666E+12,4.2587E-07
36497,1.3666E+12,4.2587E-07
36498,1.3666E+12,4.2587E-07
36499,1.3666E+12,4.2587E-07
36500,1.3666E+12,4.2587E-07
36501,1.3666E+12,4.2587E-07
36502,1.3666E+12,4.25875E-07
36503,1.3665E+12,4.25875E-07
36504,1.3665E+12,4.25875E-07
36505,1.3665E+12,4.25875E-07
36506,1.3665E+12,4.25875E-07
36507,1.3665E+12,4.25875E-07
36508,1.3665E+12,4.25875E-07
36509,1.3665E+12,4.25875E-07
36510,1.3665E+12,4.25875E-07
36511,1.3665E+12,4.25875E-07
36512,1.3665E+12,4.25875E-07
36513,1.3664E+12,4.25875E-07
36514,1.3664E+12,4.25875E-07
36515,1.3664E+12,4.2588E-07
36516,1.3664E+12,4.2588E-07
36517,1.3664E+12,4.2588E-07
36518,1.3664E+12,4.2588E-07
36519,1.3664E+12,4.2588E-07
36520,1.3664E+12,4.2588E-07
36521,1.3664E+12,4.2588E-07
36522,1.3664E+12,4.2588E-07
36523,1.3663E+12,4.2588E-07
36524,1.3663E+12,4.2588E-07
36525,1.3663E+12,4.2588E-07
36526,1.3663E+12,4.2588E-07
36527,1.3663E+12,4.25885E-07
36528,1.3663E+12,4.25885E-07
36529,1.3663E+12,4.25885E-07
36530,1.3663E+12,4.25885E-07
36531,1.3663E+12,4.25885E-07
36532,1.3663E+12,4.25885E-07
36533,1.3663E+12,4.25885E-07
36534,1.3662E+12,4.25885E-07
36535,1.3662E+12,4.25885E-07
36536,1.3662E+12,4.25885E-07
36537,1.3662E+12,4.25885E-07
36538,1.3662E+12,4.25885E-07
36539,1.3662E+12,4.2589E-07
36540,1.3662E+12,4.2589E-07
36541,1.3662E+12,4.2589E-07
36542,1.3662E+12,4.2589E-07
36543,1.3662E+12,4.2589E-07
36544,1.3661E+12,4.2589E-07
36545,1.3661E+12,4.2589E-07
36546,1.3661E+12,4.2589E-07
36547,1.3661E+12,4.2589E-07
36548,1.3661E+12,4.2589E-07
36549,1.3661E+12,4.2589E-07
36550,1.3661E+12,4.2589E-07
36551,1.3661E+12,4.25895E-07
36552,1.3661E+12,4.25895E-07
36553,1.3661E+12,4.25895E-07
36554,1.3661E+12,4.25895E-07
36555,1.366E+12,4.25895E-07
36556,1.366E+12,4.25895E-07
36557,1.366E+12,4.25895E-07
36558,1.366E+12,4.25895E-07
36559,1.366E+12,4.25895E-07
36560,1.366E+12,4.25895E-07
36561,1.366E+12,4.25895E-07
36562,1.366E+12,4.25895E-07
36563,1.366E+12,4.259E-07
36564,1.366E+12,4.259E-07
36565,1.3659E+12,4.259E-07
36566,1.3659E+12,4.259E-07
36567,1.3659E+12,4.259E-07
36568,1.3659E+12,4.259E-07
36569,1.3659E+12,4.259E-07
36570,1.3659E+12,4.259E-07
36571,1.3659E+12,4.259E-07
36572,1.3659E+12,4.259E-07
36573,1.3659E+12,4.259E-07
36574,1.3659E+12,4.259E-07
36575,1.3659E+12,4.25905E-07
36576,1.3658E+12,4.25905E-07
36577,1.3658E+12,4.25905E-07
36578,1.3658E+12,4.25905E-07
36579,1.3658E+12,4.25905E-07
36580,1.3658E+12,4.25905E-07
36581,1.3658E+12,4.25905E-07
36582,1.3658E+12,4.25905E-07
36583,1.3658E+12,4.25905E-07
36584,1.3658E+12,4.25905E-07
36585,1.3658E+12,4.25905E-07
36586,1.3657E+12,4.25905E-07
36587,1.3657E+12,4.25905E-07
36588,1.3657E+12,4.2591E-07
36589,1.3657E+12,4.2591E-07
36590,1.3657E+12,4.2591E-07
36591,1.3657E+12,4.2591E-07
36592,1.3657E+12,4.2591E-07
36593,1.3657E+12,4.2591E-07
36594,1.3657E+12,4.2591E-07
36595,1.3657E+12,4.2591E-07
36596,1.3657E+12,4.2591E-07
36597,1.3656E+12,4.2591E-07
36598,1.3656E+12,4.2591E-07
36599,1.3656E+12,4.2591E-07
36600,1.3656E+12,4.25915E-07
36601,1.3656E+12,4.25915E-07
36602,1.3656E+12,4.25915E-07
36603,1.3656E+12,4.25915E-07
36604,1.3656E+12,4.25915E-07
36605,1.3656E+12,4.25915E-07
36606,1.3656E+12,4.25915E-07
36607,1.3655E+12,4.25915E-07
36608,1.3655E+12,4.25915E-07
36609,1.3655E+12,4.25915E-07
36610,1.3655E+12,4.25915E-07
36611,1.3655E+12,4.25915E-07
36612,1.3655E+12,4.2592E-07
36613,1.3655E+12,4.2592E-07
36614,1.3655E+12,4.2592E-07
36615,1.3655E+12,4.2592E-07
36616,1.3655E+12,4.2592E-07
36617,1.3655E+12,4.2592E-07
36618,1.3654E+12,4.2592E-07
36619,1.3654E+12,4.2592E-07
36620,1.3654E+12,4.2592E-07
36621,1.3654E+12,4.2592E-07
36622,1.3654E+12,4.2592E-07
36623,1.3654E+12,4.2592E-07
36624,1.3654E+12,4.25925E-07
36625,1.3654E+12,4.25925E-07
36626,1.3654E+12,4.25925E-07
36627,1.3654E+12,4.25925E-07
36628,1.3653E+12,4.25925E-07
36629,1.3653E+12,4.25925E-07
36630,1.3653E+12,4.25925E-07
36631,1.3653E+12,4.25925E-07
36632,1.3653E+12,4.25925E-07
36633,1.3653E+12,4.25925E-07
36634,1.3653E+12,4.25925E-07
36635,1.3653E+12,4.25925E-07
36636,1.3653E+12,4.2593E-07
36637,1.3653E+12,4.2593E-07
36638,1.3653E+12,4.2593E-07
36639,1.3652E+12,4.2593E-07
36640,1.3652E+12,4.2593E-07
36641,1.3652E+12,4.2593E-07
36642,1.3652E+12,4.2593E-07
36643,1.3652E+12,4.2593E-07
36644,1.3652E+12,4.2593E-07
36645,1.3652E+12,4.2593E-07
36646,1.3652E+12,4.2593E-07
36647,1.3652E+12,4.2593E-07
36648,1.3652E+12,4.2593E-07
36649,1.3651E+12,4.25935E-07
36650,1.3651E+12,4.25935E-07
36651,1.3651E+12,4.25935E-07
36652,1.3651E+12,4.25935E-07
36653,1.3651E+12,4.25935E-07
36654,1.3651E+12,4.25935E-07
36655,1.3651E+12,4.25935E-07
36656,1.3651E+12,4.25935E-07
36657,1.3651E+12,4.25935E-07
36658,1.3651E+12,4.25935E-07
36659,1.3651E+12,4.25935E-07
36660,1.365E+12,4.25935E-07
36661,1.365E+12,4.2594E-07
36662,1.365E+12,4.2594E-07
36663,1.365E+12,4.2594E-07
36664,1.365E+12,4.2594E-07
36665,1.365E+12,4.2594E-07
36666,1.365E+12,4.2594E-07
36667,1.365E+12,4.2594E-07
36668,1.365E+12,4.2594E-07
36669,1.365E+12,4.2594E-07
36670,1.3649E+12,4.2594E-07
36671,1.3649E+12,4.2594E-07
36672,1.3649E+12,4.2594E-07
36673,1.3649E+12,4.25945E-07
36674,1.3649E+12,4.25945E-07
36675,1.3649E+12,4.25945E-07
36676,1.3649E+12,4.25945E-07
36677,1.3649E+12,4.25945E-07
36678,1.3649E+12,4.25945E-07
36679,1.3649E+12,4.25945E-07
36680,1.3649E+12,4.25945E-07
36681,1.3648E+12,4.25945E-07
36682,1.3648E+12,4.25945E-07
36683,1.3648E+12,4.25945E-07
36684,1.3648E+12,4.25945E-07
36685,1.3648E+12,4.2595E-07
36686,1.3648E+12,4.2595E-07
36687,1.3648E+12,4.2595E-07
36688,1.3648E+12,4.2595E-07
36689,1.3648E+12,4.2595E-07
36690,1.3648E+12,4.2595E-07
36691,1.3647E+12,4.2595E-07
36692,1.3647E+12,4.2595E-07
36693,1.3647E+12,4.2595E-07
36694,1.3647E+12,4.2595E-07
36695,1.3647E+12,4.2595E-07
36696,1.3647E+12,4.2595E-07
36697,1.3647E+12,4.2595E-07
36698,1.3647E+12,4.25955E-07
36699,1.3647E+12,4.25955E-07
36700,1.3647E+12,4.25955E-07
36701,1.3647E+12,4.25955E-07
36702,1.3646E+12,4.25955E-07
36703,1.3646E+12,4.25955E-07
36704,1.3646E+12,4.25955E-07
36705,1.3646E+12,4.25955E-07
36706,1.3646E+12,4.25955E-07
36707,1.3646E+12,4.25955E-07
36708,1.3646E+12,4.25955E-07
36709,1.3646E+12,4.25955E-07
36710,1.3646E+12,4.2596E-07
36711,1.3646E+12,4.2596E-07
36712,1.3645E+12,4.2596E-07
36713,1.3645E+12,4.2596E-07
36714,1.3645E+12,4.2596E-07
36715,1.3645E+12,4.2596E-07
36716,1.3645E+12,4.2596E-07
36717,1.3645E+12,4.2596E-07
36718,1.3645E+12,4.2596E-07
36719,1.3645E+12,4.2596E-07
36720,1.3645E+12,4.2596E-07
36721,1.3645E+12,4.2596E-07
36722,1.3645E+12,4.25965E-07
36723,1.3644E+12,4.25965E-07
36724,1.3644E+12,4.25965E-07
36725,1.3644E+12,4.25965E-07
36726,1.3644E+12,4.25965E-07
36727,1.3644E+12,4.25965E-07
36728,1.3644E+12,4.25965E-07
36729,1.3644E+12,4.25965E-07
36730,1.3644E+12,4.25965E-07
36731,1.3644E+12,4.25965E-07
36732,1.3644E+12,4.25965E-07
36733,1.3643E+12,4.25965E-07
36734,1.3643E+12,4.2597E-07
36735,1.3643E+12,4.2597E-07
36736,1.3643E+12,4.2597E-07
36737,1.3643E+12,4.2597E-07
36738,1.3643E+12,4.2597E-07
36739,1.3643E+12,4.2597E-07
36740,1.3643E+12,4.2597E-07
36741,1.3643E+12,4.2597E-07
36742,1.3643E+12,4.2597E-07
36743,1.3643E+12,4.2597E-07
36744,1.3642E+12,4.2597E-07
36745,1.3642E+12,4.2597E-07
36746,1.3642E+12,4.2597E-07
36747,1.3642E+12,4.25975E-07
36748,1.3642E+12,4.25975E-07
36749,1.3642E+12,4.25975E-07
36750,1.3642E+12,4.25975E-07
36751,1.3642E+12,4.25975E-07
36752,1.3642E+12,4.25975E-07
36753,1.3642E+12,4.25975E-07
36754,1.3641E+12,4.25975E-07
36755,1.3641E+12,4.25975E-07
36756,1.3641E+12,4.25975E-07
36757,1.3641E+12,4.25975E-07
36758,1.3641E+12,4.25975E-07
36759,1.3641E+12,4.2598E-07
36760,1.3641E+12,4.2598E-07
36761,1.3641E+12,4.2598E-07
36762,1.3641E+12,4.2598E-07
36763,1.3641E+12,4.2598E-07
36764,1.3641E+12,4.2598E-07
36765,1.364E+12,4.2598E-07
36766,1.364E+12,4.2598E-07
36767,1.364E+12,4.2598E-07
36768,1.364E+12,4.2598E-07
36769,1.364E+12,4.2598E-07
36770,1.364E+12,4.2598E-07
36771,1.364E+12,4.25985E-07
36772,1.364E+12,4.25985E-07
36773,1.364E+12,4.25985E-07
36774,1.364E+12,4.25985E-07
36775,1.364E+12,4.25985E-07
36776,1.3639E+12,4.25985E-07
36777,1.3639E+12,4.25985E-07
36778,1.3639E+12,4.25985E-07
36779,1.3639E+12,4.25985E-07
36780,1.3639E+12,4.25985E-07
36781,1.3639E+12,4.25985E-07
36782,1.3639E+12,4.25985E-07
36783,1.3639E+12,4.2599E-07
36784,1.3639E+12,4.2599E-07
36785,1.3639E+12,4.2599E-07
36786,1.3638E+12,4.2599E-07
36787,1.3638E+12,4.2599E-07
36788,1.3638E+12,4.2599E-07
36789,1.3638E+12,4.2599E-07
36790,1.3638E+12,4.2599E-07
36791,1.3638E+12,4.2599E-07
36792,1.3638E+12,4.2599E-07
36793,1.3638E+12,4.2599E-07
36794,1.3638E+12,4.2599E-07
36795,1.3638E+12,4.2599E-07
36796,1.3638E+12,4.25995E-07
36797,1.3637E+12,4.25995E-07
36798,1.3637E+12,4.25995E-07
36799,1.3637E+12,4.25995E-07
36800,1.3637E+12,4.25995E-07
36801,1.3637E+12,4.25995E-07
36802,1.3637E+12,4.25995E-07
36803,1.3637E+12,4.25995E-07
36804,1.3637E+12,4.25995E-07
36805,1.3637E+12,4.25995E-07
36806,1.3637E+12,4.25995E-07
36807,1.3636E+12,4.25995E-07
36808,1.3636E+12,0.000000426
36809,1.3636E+12,0.000000426
36810,1.3636E+12,0.000000426
36811,1.3636E+12,0.000000426
36812,1.3636E+12,0.000000426
36813,1.3636E+12,0.000000426
36814,1.3636E+12,0.000000426
36815,1.3636E+12,0.000000426
36816,1.3636E+12,0.000000426
36817,1.3636E+12,0.000000426
36818,1.3635E+12,0.000000426
36819,1.3635E+12,0.000000426
36820,1.3635E+12,4.26005E-07
36821,1.3635E+12,4.26005E-07
36822,1.3635E+12,4.26005E-07
36823,1.3635E+12,4.26005E-07
36824,1.3635E+12,4.26005E-07
36825,1.3635E+12,4.26005E-07
36826,1.3635E+12,4.26005E-07
36827,1.3635E+12,4.26005E-07
36828,1.3634E+12,4.26005E-07
36829,1.3634E+12,4.26005E-07
36830,1.3634E+12,4.26005E-07
36831,1.3634E+12,4.26005E-07
36832,1.3634E+12,4.26005E-07
36833,1.3634E+12,4.2601E-07
36834,1.3634E+12,4.2601E-07
36835,1.3634E+12,4.2601E-07
36836,1.3634E+12,4.2601E-07
36837,1.3634E+12,4.2601E-07
36838,1.3634E+12,4.2601E-07
36839,1.3633E+12,4.2601E-07
36840,1.3633E+12,4.2601E-07
36841,1.3633E+12,4.2601E-07
36842,1.3633E+12,4.2601E-07
36843,1.3633E+12,4.2601E-07
36844,1.3633E+12,4.2601E-07
36845,1.3633E+12,4.26015E-07
36846,1.3633E+12,4.26015E-07
36847,1.3633E+12,4.26015E-07
36848,1.3633E+12,4.26015E-07
36849,1.3633E+12,4.26015E-07
36850,1.3632E+12,4.26015E-07
36851,1.3632E+12,4.26015E-07
36852,1.3632E+12,4.26015E-07
36853,1.3632E+12,4.26015E-07
36854,1.3632E+12,4.26015E-07
36855,1.3632E+12,4.26015E-07
36856,1.3632E+12,4.26015E-07
36857,1.3632E+12,4.2602E-07
36858,1.3632E+12,4.2602E-07
36859,1.3632E+12,4.2602E-07
36860,1.3631E+12,4.2602E-07
36861,1.3631E+12,4.2602E-07
36862,1.3631E+12,4.2602E-07
36863,1.3631E+12,4.2602E-07
36864,1.3631E+12,4.2602E-07
36865,1.3631E+12,4.2602E-07
36866,1.3631E+12,4.2602E-07
36867,1.3631E+12,4.2602E-07
36868,1.3631E+12,4.2602E-07
36869,1.3631E+12,4.26025E-07
36870,1.3631E+12,4.26025E-07
36871,1.363E+12,4.26025E-07
36872,1.363E+12,4.26025E-07
36873,1.363E+12,4.26025E-07
36874,1.363E+12,4.26025E-07
36875,1.363E+12,4.26025E-07
36876,1.363E+12,4.26025E-07
36877,1.363E+12,4.26025E-07
36878,1.363E+12,4.26025E-07
36879,1.363E+12,4.26025E-07
36880,1.363E+12,4.26025E-07
36881,1.3629E+12,4.26025E-07
36882,1.3629E+12,4.2603E-07
36883,1.3629E+12,4.2603E-07
36884,1.3629E+12,4.2603E-07
36885,1.3629E+12,4.2603E-07
36886,1.3629E+12,4.2603E-07
36887,1.3629E+12,4.2603E-07
36888,1.3629E+12,4.2603E-07
36889,1.3629E+12,4.2603E-07
36890,1.3629E+12,4.2603E-07
36891,1.3629E+12,4.2603E-07
36892,1.3628E+12,4.2603E-07
36893,1.3628E+12,4.2603E-07
36894,1.3628E+12,4.26035E-07
36895,1.3628E+12,4.26035E-07
36896,1.3628E+12,4.26035E-07
36897,1.3628E+12,4.26035E-07
36898,1.3628E+12,4.26035E-07
36899,1.3628E+12,4.26035E-07
36900,1.3628E+12,4.26035E-07
36901,1.3628E+12,4.26035E-07
36902,1.3627E+12,4.26035E-07
36903,1.3627E+12,4.26035E-07
36904,1.3627E+12,4.26035E-07
36905,1.3627E+12,4.26035E-07
36906,1.3627E+12,4.2604E-07
36907,1.3627E+12,4.2604E-07
36908,1.3627E+12,4.2604E-07
36909,1.3627E+12,4.2604E-07
36910,1.3627E+12,4.2604E-07
36911,1.3627E+12,4.2604E-07
36912,1.3627E+12,4.2604E-07
36913,1.3626E+12,4.2604E-07
36914,1.3626E+12,4.2604E-07
36915,1.3626E+12,4.2604E-07
36916,1.3626E+12,4.2604E-07
36917,1.3626E+12,4.2604E-07
36918,1.3626E+12,4.2604E-07
36919,1.3626E+12,4.26045E-07
36920,1.3626E+12,4.26045E-07
36921,1.3626E+12,4.26045E-07
36922,1.3626E+12,4.26045E-07
36923,1.3626E+12,4.26045E-07
36924,1.3625E+12,4.26045E-07
36925,1.3625E+12,4.26045E-07
36926,1.3625E+12,4.26045E-07
36927,1.3625E+12,4.26045E-07
36928,1.3625E+12,4.26045E-07
36929,1.3625E+12,4.26045E-07
36930,1.3625E+12,4.26045E-07
36931,1.3625E+12,4.2605E-07
36932,1.3625E+12,4.2605E-07
36933,1.3625E+12,4.2605E-07
36934,1.3624E+12,4.2605E-07
36935,1.3624E+12,4.2605E-07
36936,1.3624E+12,4.2605E-07
36937,1.3624E+12,4.2605E-07
36938,1.3624E+12,4.2605E-07
36939,1.3624E+12,4.2605E-07
36940,1.3624E+12,4.2605E-07
36941,1.3624E+12,4.2605E-07
36942,1.3624E+12,4.2605E-07
36943,1.3624E+12,4.26055E-07
36944,1.3624E+12,4.26055E-07
36945,1.3623E+12,4.26055E-07
36946,1.3623E+12,4.26055E-07
36947,1.3623E+12,4.26055E-07
36948,1.3623E+12,4.26055E-07
36949,1.3623E+12,4.26055E-07
36950,1.3623E+12,4.26055E-07
36951,1.3623E+12,4.26055E-07
36952,1.3623E+12,4.26055E-07
36953,1.3623E+12,4.26055E-07
36954,1.3623E+12,4.26055E-07
36955,1.3623E+12,4.26055E-07
36956,1.3622E+12,4.2606E-07
36957,1.3622E+12,4.2606E-07
36958,1.3622E+12,4.2606E-07
36959,1.3622E+12,4.2606E-07
36960,1.3622E+12,4.2606E-07
36961,1.3622E+12,4.2606E-07
36962,1.3622E+12,4.2606E-07
36963,1.3622E+12,4.2606E-07
36964,1.3622E+12,4.2606E-07
36965,1.3622E+12,4.2606E-07
36966,1.3621E+12,4.2606E-07
36967,1.3621E+12,4.2606E-07
36968,1.3621E+12,4.26065E-07
36969,1.3621E+12,4.26065E-07
36970,1.3621E+12,4.26065E-07
36971,1.3621E+12,4.26065E-07
36972,1.3621E+12,4.26065E-07
36973,1.3621E+12,4.26065E-07
36974,1.3621E+12,4.26065E-07
36975,1.3621E+12,4.26065E-07
36976,1.3621E+12,4.26065E-07
36977,1.362E+12,4.26065E-07
36978,1.362E+12,4.26065E-07
36979,1.362E+12,4.26065E-07
36980,1.362E+12,4.2607E-07
36981,1.362E+12,4.2607E-07
36982,1.362E+12,4.2607E-07
36983,1.362E+12,4.2607E-07
36984,1.362E+12,4.2607E-07
36985,1.362E+12,4.2607E-07
36986,1.362E+12,4.2607E-07
36987,1.3619E+12,4.2607E-07
36988,1.3619E+12,4.2607E-07
36989,1.3619E+12,4.2607E-07
36990,1.3619E+12,4.2607E-07
36991,1.3619E+12,4.2607E-07
36992,1.3619E+12,4.2607E-07
36993,1.3619E+12,4.26075E-07
36994,1.3619E+12,4.26075E-07
36995,1.3619E+12,4.26075E-07
36996,1.3619E+12,4.26075E-07
36997,1.3619E+12,4.26075E-07
36998,1.3618E+12,4.26075E-07
36999,1.3618E+12,4.26075E-07
37000,1.3618E+12,4.26075E-07
37001,1.3618E+12,4.26075E-07
37002,1.3618E+12,4.26075E-07
37003,1.3618E+12,4.26075E-07
37004,1.3618E+12,4.26075E-07
37005,1.3618E+12,4.2608E-07
37006,1.3618E+12,4.2608E-07
37007,1.3618E+12,4.2608E-07
37008,1.3618E+12,4.2608E-07
37009,1.3617E+12,4.2608E-07
37010,1.3617E+12,4.2608E-07
37011,1.3617E+12,4.2608E-07
37012,1.3617E+12,4.2608E-07
37013,1.3617E+12,4.2608E-07
37014,1.3617E+12,4.2608E-07
37015,1.3617E+12,4.2608E-07
37016,1.3617E+12,4.2608E-07
37017,1.3617E+12,4.26085E-07
37018,1.3617E+12,4.26085E-07
37019,1.3616E+12,4.26085E-07
37020,1.3616E+12,4.26085E-07
37021,1.3616E+12,4.26085E-07
37022,1.3616E+12,4.26085E-07
37023,1.3616E+12,4.26085E-07
37024,1.3616E+12,4.26085E-07
37025,1.3616E+12,4.26085E-07
37026,1.3616E+12,4.26085E-07
37027,1.3616E+12,4.26085E-07
37028,1.3616E+12,4.26085E-07
37029,1.3616E+12,4.26085E-07
37030,1.3615E+12,4.2609E-07
37031,1.3615E+12,4.2609E-07
37032,1.3615E+12,4.2609E-07
37033,1.3615E+12,4.2609E-07
37034,1.3615E+12,4.2609E-07
37035,1.3615E+12,4.2609E-07
37036,1.3615E+12,4.2609E-07
37037,1.3615E+12,4.2609E-07
37038,1.3615E+12,4.2609E-07
37039,1.3615E+12,4.2609E-07
37040,1.3615E+12,4.2609E-07
37041,1.3614E+12,4.2609E-07
37042,1.3614E+12,4.26095E-07
37043,1.3614E+12,4.26095E-07
37044,1.3614E+12,4.26095E-07
37045,1.3614E+12,4.26095E-07
37046,1.3614E+12,4.26095E-07
37047,1.3614E+12,4.26095E-07
37048,1.3614E+12,4.26095E-07
37049,1.3614E+12,4.26095E-07
37050,1.3614E+12,4.26095E-07
37051,1.3613E+12,4.26095E-07
37052,1.3613E+12,4.26095E-07
37053,1.3613E+12,4.26095E-07
37054,1.3613E+12,4.261E-07
37055,1.3613E+12,4.261E-07
37056,1.3613E+12,4.261E-07
37057,1.3613E+12,4.261E-07
37058,1.3613E+12,4.261E-07
37059,1.3613E+12,4.261E-07
37060,1.3613E+12,4.261E-07
37061,1.3613E+12,4.261E-07
37062,1.3612E+12,4.261E-07
37063,1.3612E+12,4.261E-07
37064,1.3612E+12,4.261E-07
37065,1.3612E+12,4.261E-07
37066,1.3612E+12,4.261E-07
37067,1.3612E+12,4.26105E-07
37068,1.3612E+12,4.26105E-07
37069,1.3612E+12,4.26105E-07
37070,1.3612E+12,4.26105E-07
37071,1.3612E+12,4.26105E-07
37072,1.3612E+12,4.26105E-07
37073,1.3611E+12,4.26105E-07
37074,1.3611E+12,4.26105E-07
37075,1.3611E+12,4.26105E-07
37076,1.3611E+12,4.26105E-07
37077,1.3611E+12,4.26105E-07
37078,1.3611E+12,4.26105E-07
37079,1.3611E+12,4.2611E-07
37080,1.3611E+12,4.2611E-07
37081,1.3611E+12,4.2611E-07
37082,1.3611E+12,4.2611E-07
37083,1.361E+12,4.2611E-07
37084,1.361E+12,4.2611E-07
37085,1.361E+12,4.2611E-07
37086,1.361E+12,4.2611E-07
37087,1.361E+12,4.2611E-07
37088,1.361E+12,4.2611E-07
37089,1.361E+12,4.2611E-07
37090,1.361E+12,4.2611E-07
37091,1.361E+12,4.2611E-07
37092,1.361E+12,4.26115E-07
37093,1.361E+12,4.26115E-07
37094,1.3609E+12,4.26115E-07
37095,1.3609E+12,4.26115E-07
37096,1.3609E+12,4.26115E-07
37097,1.3609E+12,4.26115E-07
37098,1.3609E+12,4.26115E-07
37099,1.3609E+12,4.26115E-07
37100,1.3609E+12,4.26115E-07
37101,1.3609E+12,4.26115E-07
37102,1.3609E+12,4.26115E-07
37103,1.3609E+12,4.26115E-07
37104,1.3609E+12,4.2612E-07
37105,1.3608E+12,4.2612E-07
37106,1.3608E+12,4.2612E-07
37107,1.3608E+12,4.2612E-07
37108,1.3608E+12,4.2612E-07
37109,1.3608E+12,4.2612E-07
37110,1.3608E+12,4.2612E-07
37111,1.3608E+12,4.2612E-07
37112,1.3608E+12,4.2612E-07
37113,1.3608E+12,4.2612E-07
37114,1.3608E+12,4.2612E-07
37115,1.3607E+12,4.2612E-07
37116,1.3607E+12,4.26125E-07
37117,1.3607E+12,4.26125E-07
37118,1.3607E+12,4.26125E-07
37119,1.3607E+12,4.26125E-07
37120,1.3607E+12,4.26125E-07
37121,1.3607E+12,4.26125E-07
37122,1.3607E+12,4.26125E-07
37123,1.3607E+12,4.26125E-07
37124,1.3607E+12,4.26125E-07
37125,1.3607E+12,4.26125E-07
37126,1.3606E+12,4.26125E-07
37127,1.3606E+12,4.26125E-07
37128,1.3606E+12,4.26125E-07
37129,1.3606E+12,4.2613E-07
37130,1.3606E+12,4.2613E-07
37131,1.3606E+12,4.2613E-07
37132,1.3606E+12,4.2613E-07
37133,1.3606E+12,4.2613E-07
37134,1.3606E+12,4.2613E-07
37135,1.3606E+12,4.2613E-07
37136,1.3606E+12,4.2613E-07
37137,1.3605E+12,4.2613E-07
37138,1.3605E+12,4.2613E-07
37139,1.3605E+12,4.2613E-07
37140,1.3605E+12,4.2613E-07
37141,1.3605E+12,4.26135E-07
37142,1.3605E+12,4.26135E-07
37143,1.3605E+12,4.26135E-07
37144,1.3605E+12,4.26135E-07
37145,1.3605E+12,4.26135E-07
37146,1.3605E+12,4.26135E-07
37147,1.3604E+12,4.26135E-07
37148,1.3604E+12,4.26135E-07
37149,1.3604E+12,4.26135E-07
37150,1.3604E+12,4.26135E-07
37151,1.3604E+12,4.26135E-07
37152,1.3604E+12,4.26135E-07
37153,1.3604E+12,4.2614E-07
37154,1.3604E+12,4.2614E-07
37155,1.3604E+12,4.2614E-07
37156,1.3604E+12,4.2614E-07
37157,1.3604E+12,4.2614E-07
37158,1.3603E+12,4.2614E-07
37159,1.3603E+12,4.2614E-07
37160,1.3603E+12,4.2614E-07
37161,1.3603E+12,4.2614E-07
37162,1.3603E+12,4.2614E-07
37163,1.3603E+12,4.2614E-07
37164,1.3603E+12,4.2614E-07
37165,1.3603E+12,4.2614E-07
37166,1.3603E+12,4.26145E-07
37167,1.3603E+12,4.26145E-07
37168,1.3603E+12,4.26145E-07
37169,1.3602E+12,4.26145E-07
37170,1.3602E+12,4.26145E-07
37171,1.3602E+12,4.26145E-07
37172,1.3602E+12,4.26145E-07
37173,1.3602E+12,4.26145E-07
37174,1.3602E+12,4.26145E-07
37175,1.3602E+12,4.26145E-07
37176,1.3602E+12,4.26145E-07
37177,1.3602E+12,4.26145E-07
37178,1.3602E+12,4.2615E-07
37179,1.3601E+12,4.2615E-07
37180,1.3601E+12,4.2615E-07
37181,1.3601E+12,4.2615E-07
37182,1.3601E+12,4.2615E-07
37183,1.3601E+12,4.2615E-07
37184,1.3601E+12,4.2615E-07
37185,1.3601E+12,4.2615E-07
37186,1.3601E+12,4.2615E-07
37187,1.3601E+12,4.2615E-07
37188,1.3601E+12,4.2615E-07
37189,1.3601E+12,4.2615E-07
37190,1.36E+12,4.2615E-07
37191,1.36E+12,4.26155E-07
37192,1.36E+12,4.26155E-07
37193,1.36E+12,4.26155E-07
37194,1.36E+12,4.26155E-07
37195,1.36E+12,4.26155E-07
37196,1.36E+12,4.26155E-07
37197,1.36E+12,4.26155E-07
37198,1.36E+12,4.26155E-07
37199,1.36E+12,4.26155E-07
37200,1.36E+12,4.26155E-07
37201,1.3599E+12,4.26155E-07
37202,1.3599E+12,4.26155E-07
37203,1.3599E+12,4.2616E-07
37204,1.3599E+12,4.2616E-07
37205,1.3599E+12,4.2616E-07
37206,1.3599E+12,4.2616E-07
37207,1.3599E+12,4.2616E-07
37208,1.3599E+12,4.2616E-07
37209,1.3599E+12,4.2616E-07
37210,1.3599E+12,4.2616E-07
37211,1.3598E+12,4.2616E-07
37212,1.3598E+12,4.2616E-07
37213,1.3598E+12,4.2616E-07
37214,1.3598E+12,4.2616E-07
37215,1.3598E+12,4.2616E-07
37216,1.3598E+12,4.26165E-07
37217,1.3598E+12,4.26165E-07
37218,1.3598E+12,4.26165E-07
37219,1.3598E+12,4.26165E-07
37220,1.3598E+12,4.26165E-07
37221,1.3598E+12,4.26165E-07
37222,1.3597E+12,4.26165E-07
37223,1.3597E+12,4.26165E-07
37224,1.3597E+12,4.26165E-07
37225,1.3597E+12,4.26165E-07
37226,1.3597E+12,4.26165E-07
37227,1.3597E+12,4.26165E-07
37228,1.3597E+12,4.2617E-07
37229,1.3597E+12,4.2617E-07
37230,1.3597E+12,4.2617E-07
37231,1.3597E+12,4.2617E-07
37232,1.3597E+12,4.2617E-07
37233,1.3596E+12,4.2617E-07
37234,1.3596E+12,4.2617E-07
37235,1.3596E+12,4.2617E-07
37236,1.3596E+12,4.2617E-07
37237,1.3596E+12,4.2617E-07
37238,1.3596E+12,4.2617E-07
37239,1.3596E+12,4.2617E-07
37240,1.3596E+12,4.26175E-07
37241,1.3596E+12,4.26175E-07
37242,1.3596E+12,4.26175E-07
37243,1.3596E+12,4.26175E-07
37244,1.3595E+12,4.26175E-07
37245,1.3595E+12,4.26175E-07
37246,1.3595E+12,4.26175E-07
37247,1.3595E+12,4.26175E-07
37248,1.3595E+12,4.26175E-07
37249,1.3595E+12,4.26175E-07
37250,1.3595E+12,4.26175E-07
37251,1.3595E+12,4.26175E-07
37252,1.3595E+12,4.26175E-07
37253,1.3595E+12,4.2618E-07
37254,1.3594E+12,4.2618E-07
37255,1.3594E+12,4.2618E-07
37256,1.3594E+12,4.2618E-07
37257,1.3594E+12,4.2618E-07
37258,1.3594E+12,4.2618E-07
37259,1.3594E+12,4.2618E-07
37260,1.3594E+12,4.2618E-07
37261,1.3594E+12,4.2618E-07
37262,1.3594E+12,4.2618E-07
37263,1.3594E+12,4.2618E-07
37264,1.3594E+12,4.2618E-07
37265,1.3593E+12,4.26185E-07
37266,1.3593E+12,4.26185E-07
37267,1.3593E+12,4.26185E-07
37268,1.3593E+12,4.26185E-07
37269,1.3593E+12,4.26185E-07
37270,1.3593E+12,4.26185E-07
37271,1.3593E+12,4.26185E-07
37272,1.3593E+12,4.26185E-07
37273,1.3593E+12,4.26185E-07
37274,1.3593E+12,4.26185E-07
37275,1.3593E+12,4.26185E-07
37276,1.3592E+12,4.26185E-07
37277,1.3592E+12,4.26185E-07
37278,1.3592E+12,4.2619E-07
37279,1.3592E+12,4.2619E-07
37280,1.3592E+12,4.2619E-07
37281,1.3592E+12,4.2619E-07
37282,1.3592E+12,4.2619E-07
37283,1.3592E+12,4.2619E-07
37284,1.3592E+12,4.2619E-07
37285,1.3592E+12,4.2619E-07
37286,1.3592E+12,4.2619E-07
37287,1.3591E+12,4.2619E-07
37288,1.3591E+12,4.2619E-07
37289,1.3591E+12,4.2619E-07
37290,1.3591E+12,4.26195E-07
37291,1.3591E+12,4.26195E-07
37292,1.3591E+12,4.26195E-07
37293,1.3591E+12,4.26195E-07
37294,1.3591E+12,4.26195E-07
37295,1.3591E+12,4.26195E-07
37296,1.3591E+12,4.26195E-07
37297,1.359E+12,4.26195E-07
37298,1.359E+12,4.26195E-07
37299,1.359E+12,4.26195E-07
37300,1.359E+12,4.26195E-07
37301,1.359E+12,4.26195E-07
37302,1.359E+12,4.26195E-07
37303,1.359E+12,4.262E-07
37304,1.359E+12,4.262E-07
37305,1.359E+12,4.262E-07
37306,1.359E+12,4.262E-07
37307,1.359E+12,4.262E-07
37308,1.3589E+12,4.262E-07
37309,1.3589E+12,4.262E-07
37310,1.3589E+12,4.262E-07
37311,1.3589E+12,4.262E-07
37312,1.3589E+12,4.262E-07
37313,1.3589E+12,4.262E-07
37314,1.3589E+12,4.262E-07
37315,1.3589E+12,4.26205E-07
37316,1.3589E+12,4.26205E-07
37317,1.3589E+12,4.26205E-07
37318,1.3589E+12,4.26205E-07
37319,1.3588E+12,4.26205E-07
37320,1.3588E+12,4.26205E-07
37321,1.3588E+12,4.26205E-07
37322,1.3588E+12,4.26205E-07
37323,1.3588E+12,4.26205E-07
37324,1.3588E+12,4.26205E-07
37325,1.3588E+12,4.26205E-07
37326,1.3588E+12,4.26205E-07
37327,1.3588E+12,4.26205E-07
37328,1.3588E+12,4.2621E-07
37329,1.3588E+12,4.2621E-07
37330,1.3587E+12,4.2621E-07
37331,1.3587E+12,4.2621E-07
37332,1.3587E+12,4.2621E-07
37333,1.3587E+12,4.2621E-07
37334,1.3587E+12,4.2621E-07
37335,1.3587E+12,4.2621E-07
37336,1.3587E+12,4.2621E-07
37337,1.3587E+12,4.2621E-07
37338,1.3587E+12,4.2621E-07
37339,1.3587E+12,4.2621E-07
37340,1.3586E+12,4.26215E-07
37341,1.3586E+12,4.26215E-07
37342,1.3586E+12,4.26215E-07
37343,1.3586E+12,4.26215E-07
37344,1.3586E+12,4.26215E-07
37345,1.3586E+12,4.26215E-07
37346,1.3586E+12,4.26215E-07
37347,1.3586E+12,4.26215E-07
37348,1.3586E+12,4.26215E-07
37349,1.3586E+12,4.26215E-07
37350,1.3586E+12,4.26215E-07
37351,1.3585E+12,4.26215E-07
37352,1.3585E+12,4.26215E-07
37353,1.3585E+12,4.2622E-07
37354,1.3585E+12,4.2622E-07
37355,1.3585E+12,4.2622E-07
37356,1.3585E+12,4.2622E-07
37357,1.3585E+12,4.2622E-07
37358,1.3585E+12,4.2622E-07
37359,1.3585E+12,4.2622E-07
37360,1.3585E+12,4.2622E-07
37361,1.3585E+12,4.2622E-07
37362,1.3584E+12,4.2622E-07
37363,1.3584E+12,4.2622E-07
37364,1.3584E+12,4.2622E-07
37365,1.3584E+12,4.26225E-07
37366,1.3584E+12,4.26225E-07
37367,1.3584E+12,4.26225E-07
37368,1.3584E+12,4.26225E-07
37369,1.3584E+12,4.26225E-07
37370,1.3584E+12,4.26225E-07
37371,1.3584E+12,4.26225E-07
37372,1.3584E+12,4.26225E-07
37373,1.3583E+12,4.26225E-07
37374,1.3583E+12,4.26225E-07
37375,1.3583E+12,4.26225E-07
37376,1.3583E+12,4.26225E-07
37377,1.3583E+12,4.2623E-07
37378,1.3583E+12,4.2623E-07
37379,1.3583E+12,4.2623E-07
37380,1.3583E+12,4.2623E-07
37381,1.3583E+12,4.2623E-07
37382,1.3583E+12,4.2623E-07
37383,1.3582E+12,4.2623E-07
37384,1.3582E+12,4.2623E-07
37385,1.3582E+12,4.2623E-07
37386,1.3582E+12,4.2623E-07
37387,1.3582E+12,4.2623E-07
37388,1.3582E+12,4.2623E-07
37389,1.3582E+12,4.2623E-07
37390,1.3582E+12,4.26235E-07
37391,1.3582E+12,4.26235E-07
37392,1.3582E+12,4.26235E-07
37393,1.3582E+12,4.26235E-07
37394,1.3581E+12,4.26235E-07
37395,1.3581E+12,4.26235E-07
37396,1.3581E+12,4.26235E-07
37397,1.3581E+12,4.26235E-07
37398,1.3581E+12,4.26235E-07
37399,1.3581E+12,4.26235E-07
37400,1.3581E+12,4.26235E-07
37401,1.3581E+12,4.26235E-07
37402,1.3581E+12,4.2624E-07
37403,1.3581E+12,4.2624E-07
37404,1.3581E+12,4.2624E-07
37405,1.358E+12,4.2624E-07
37406,1.358E+12,4.2624E-07
37407,1.358E+12,4.2624E-07
37408,1.358E+12,4.2624E-07
37409,1.358E+12,4.2624E-07
37410,1.358E+12,4.2624E-07
37411,1.358E+12,4.2624E-07
37412,1.358E+12,4.2624E-07
37413,1.358E+12,4.2624E-07
37414,1.358E+12,4.2624E-07
37415,1.358E+12,4.26245E-07
37416,1.3579E+12,4.26245E-07
37417,1.3579E+12,4.26245E-07
37418,1.3579E+12,4.26245E-07
37419,1.3579E+12,4.26245E-07
37420,1.3579E+12,4.26245E-07
37421,1.3579E+12,4.26245E-07
37422,1.3579E+12,4.26245E-07
37423,1.3579E+12,4.26245E-07
37424,1.3579E+12,4.26245E-07
37425,1.3579E+12,4.26245E-07
37426,1.3578E+12,4.26245E-07
37427,1.3578E+12,4.2625E-07
37428,1.3578E+12,4.2625E-07
37429,1.3578E+12,4.2625E-07
37430,1.3578E+12,4.2625E-07
37431,1.3578E+12,4.2625E-07
37432,1.3578E+12,4.2625E-07
37433,1.3578E+12,4.2625E-07
37434,1.3578E+12,4.2625E-07
37435,1.3578E+12,4.2625E-07
37436,1.3578E+12,4.2625E-07
37437,1.3577E+12,4.2625E-07
37438,1.3577E+12,4.2625E-07
37439,1.3577E+12,4.2625E-07
37440,1.3577E+12,4.26255E-07
37441,1.3577E+12,4.26255E-07
37442,1.3577E+12,4.26255E-07
37443,1.3577E+12,4.26255E-07
37444,1.3577E+12,4.26255E-07
37445,1.3577E+12,4.26255E-07
37446,1.3577E+12,4.26255E-07
37447,1.3577E+12,4.26255E-07
37448,1.3576E+12,4.26255E-07
37449,1.3576E+12,4.26255E-07
37450,1.3576E+12,4.26255E-07
37451,1.3576E+12,4.26255E-07
37452,1.3576E+12,4.2626E-07
37453,1.3576E+12,4.2626E-07
37454,1.3576E+12,4.2626E-07
37455,1.3576E+12,4.2626E-07
37456,1.3576E+12,4.2626E-07
37457,1.3576E+12,4.2626E-07
37458,1.3576E+12,4.2626E-07
37459,1.3575E+12,4.2626E-07
37460,1.3575E+12,4.2626E-07
37461,1.3575E+12,4.2626E-07
37462,1.3575E+12,4.2626E-07
37463,1.3575E+12,4.2626E-07
37464,1.3575E+12,4.2626E-07
37465,1.3575E+12,4.26265E-07
37466,1.3575E+12,4.26265E-07
37467,1.3575E+12,4.26265E-07
37468,1.3575E+12,4.26265E-07
37469,1.3575E+12,4.26265E-07
37470,1.3574E+12,4.26265E-07
37471,1.3574E+12,4.26265E-07
37472,1.3574E+12,4.26265E-07
37473,1.3574E+12,4.26265E-07
37474,1.3574E+12,4.26265E-07
37475,1.3574E+12,4.26265E-07
37476,1.3574E+12,4.26265E-07
37477,1.3574E+12,4.2627E-07
37478,1.3574E+12,4.2627E-07
37479,1.3574E+12,4.2627E-07
37480,1.3573E+12,4.2627E-07
37481,1.3573E+12,4.2627E-07
37482,1.3573E+12,4.2627E-07
37483,1.3573E+12,4.2627E-07
37484,1.3573E+12,4.2627E-07
37485,1.3573E+12,4.2627E-07
37486,1.3573E+12,4.2627E-07
37487,1.3573E+12,4.2627E-07
37488,1.3573E+12,4.2627E-07
37489,1.3573E+12,4.2627E-07
37490,1.3573E+12,4.26275E-07
37491,1.3572E+12,4.26275E-07
37492,1.3572E+12,4.26275E-07
37493,1.3572E+12,4.26275E-07
37494,1.3572E+12,4.26275E-07
37495,1.3572E+12,4.26275E-07
37496,1.3572E+12,4.26275E-07
37497,1.3572E+12,4.26275E-07
37498,1.3572E+12,4.26275E-07
37499,1.3572E+12,4.26275E-07
37500,1.3572E+12,4.26275E-07
37501,1.3572E+12,4.26275E-07
37502,1.3571E+12,4.26275E-07
37503,1.3571E+12,4.2628E-07
37504,1.3571E+12,4.2628E-07
37505,1.3571E+12,4.2628E-07
37506,1.3571E+12,4.2628E-07
37507,1.3571E+12,4.2628E-07
37508,1.3571E+12,4.2628E-07
37509,1.3571E+12,4.2628E-07
37510,1.3571E+12,4.2628E-07
37511,1.3571E+12,4.2628E-07
37512,1.3571E+12,4.2628E-07
37513,1.357E+12,4.2628E-07
37514,1.357E+12,4.2628E-07
37515,1.357E+12,4.26285E-07
37516,1.357E+12,4.26285E-07
37517,1.357E+12,4.26285E-07
37518,1.357E+12,4.26285E-07
37519,1.357E+12,4.26285E-07
37520,1.357E+12,4.26285E-07
37521,1.357E+12,4.26285E-07
37522,1.357E+12,4.26285E-07
37523,1.357E+12,4.26285E-07
37524,1.3569E+12,4.26285E-07
37525,1.3569E+12,4.26285E-07
37526,1.3569E+12,4.26285E-07
37527,1.3569E+12,4.26285E-07
37528,1.3569E+12,4.2629E-07
37529,1.3569E+12,4.2629E-07
37530,1.3569E+12,4.2629E-07
37531,1.3569E+12,4.2629E-07
37532,1.3569E+12,4.2629E-07
37533,1.3569E+12,4.2629E-07
37534,1.3569E+12,4.2629E-07
37535,1.3568E+12,4.2629E-07
37536,1.3568E+12,4.2629E-07
37537,1.3568E+12,4.2629E-07
37538,1.3568E+12,4.2629E-07
37539,1.3568E+12,4.2629E-07
37540,1.3568E+12,4.26295E-07
37541,1.3568E+12,4.26295E-07
37542,1.3568E+12,4.26295E-07
37543,1.3568E+12,4.26295E-07
37544,1.3568E+12,4.26295E-07
37545,1.3567E+12,4.26295E-07
37546,1.3567E+12,4.26295E-07
37547,1.3567E+12,4.26295E-07
37548,1.3567E+12,4.26295E-07
37549,1.3567E+12,4.26295E-07
37550,1.3567E+12,4.26295E-07
37551,1.3567E+12,4.26295E-07
37552,1.3567E+12,4.26295E-07
37553,1.3567E+12,4.263E-07
37554,1.3567E+12,4.263E-07
37555,1.3567E+12,4.263E-07
37556,1.3566E+12,4.263E-07
37557,1.3566E+12,4.263E-07
37558,1.3566E+12,4.263E-07
37559,1.3566E+12,4.263E-07
37560,1.3566E+12,4.263E-07
37561,1.3566E+12,4.263E-07
37562,1.3566E+12,4.263E-07
37563,1.3566E+12,4.263E-07
37564,1.3566E+12,4.263E-07
37565,1.3566E+12,4.26305E-07
37566,1.3566E+12,4.26305E-07
37567,1.3565E+12,4.26305E-07
37568,1.3565E+12,4.26305E-07
37569,1.3565E+12,4.26305E-07
37570,1.3565E+12,4.26305E-07
37571,1.3565E+12,4.26305E-07
37572,1.3565E+12,4.26305E-07
37573,1.3565E+12,4.26305E-07
37574,1.3565E+12,4.26305E-07
37575,1.3565E+12,4.26305E-07
37576,1.3565E+12,4.26305E-07
37577,1.3565E+12,4.26305E-07
37578,1.3564E+12,4.2631E-07
37579,1.3564E+12,4.2631E-07
37580,1.3564E+12,4.2631E-07
37581,1.3564E+12,4.2631E-07
37582,1.3564E+12,4.2631E-07
37583,1.3564E+12,4.2631E-07
37584,1.3564E+12,4.2631E-07
37585,1.3564E+12,4.2631E-07
37586,1.3564E+12,4.2631E-07
37587,1.3564E+12,4.2631E-07
37588,1.3564E+12,4.2631E-07
37589,1.3563E+12,4.2631E-07
37590,1.3563E+12,4.26315E-07
37591,1.3563E+12,4.26315E-07
37592,1.3563E+12,4.26315E-07
37593,1.3563E+12,4.26315E-07
37594,1.3563E+12,4.26315E-07
37595,1.3563E+12,4.26315E-07
37596,1.3563E+12,4.26315E-07
37597,1.3563E+12,4.26315E-07
37598,1.3563E+12,4.26315E-07
37599,1.3563E+12,4.26315E-07
37600,1.3562E+12,4.26315E-07
37601,1.3562E+12,4.26315E-07
37602,1.3562E+12,4.26315E-07
37603,1.3562E+12,4.2632E-07
37604,1.3562E+12,4.2632E-07
37605,1.3562E+12,4.2632E-07
37606,1.3562E+12,4.2632E-07
37607,1.3562E+12,4.2632E-07
37608,1.3562E+12,4.2632E-07
37609,1.3562E+12,4.2632E-07
37610,1.3561E+12,4.2632E-07
37611,1.3561E+12,4.2632E-07
37612,1.3561E+12,4.2632E-07
37613,1.3561E+12,4.2632E-07
37614,1.3561E+12,4.2632E-07
37615,1.3561E+12,4.26325E-07
37616,1.3561E+12,4.26325E-07
37617,1.3561E+12,4.26325E-07
37618,1.3561E+12,4.26325E-07
37619,1.3561E+12,4.26325E-07
37620,1.3561E+12,4.26325E-07
37621,1.356E+12,4.26325E-07
37622,1.356E+12,4.26325E-07
37623,1.356E+12,4.26325E-07
37624,1.356E+12,4.26325E-07
37625,1.356E+12,4.26325E-07
37626,1.356E+12,4.26325E-07
37627,1.356E+12,4.26325E-07
37628,1.356E+12,4.2633E-07
37629,1.356E+12,4.2633E-07
37630,1.356E+12,4.2633E-07
37631,1.356E+12,4.2633E-07
37632,1.3559E+12,4.2633E-07
37633,1.3559E+12,4.2633E-07
37634,1.3559E+12,4.2633E-07
37635,1.3559E+12,4.2633E-07
37636,1.3559E+12,4.2633E-07
37637,1.3559E+12,4.2633E-07
37638,1.3559E+12,4.2633E-07
37639,1.3559E+12,4.2633E-07
37640,1.3559E+12,4.2633E-07
37641,1.3559E+12,4.26335E-07
37642,1.3559E+12,4.26335E-07
37643,1.3558E+12,4.26335E-07
37644,1.3558E+12,4.26335E-07
37645,1.3558E+12,4.26335E-07
37646,1.3558E+12,4.26335E-07
37647,1.3558E+12,4.26335E-07
37648,1.3558E+12,4.26335E-07
37649,1.3558E+12,4.26335E-07
37650,1.3558E+12,4.26335E-07
37651,1.3558E+12,4.26335E-07
37652,1.3558E+12,4.26335E-07
37653,1.3558E+12,4.2634E-07
37654,1.3557E+12,4.2634E-07
37655,1.3557E+12,4.2634E-07
37656,1.3557E+12,4.2634E-07
37657,1.3557E+12,4.2634E-07
37658,1.3557E+12,4.2634E-07
37659,1.3557E+12,4.2634E-07
37660,1.3557E+12,4.2634E-07
37661,1.3557E+12,4.2634E-07
37662,1.3557E+12,4.2634E-07
37663,1.3557E+12,4.2634E-07
37664,1.3557E+12,4.2634E-07
37665,1.3556E+12,4.2634E-07
37666,1.3556E+12,4.26345E-07
37667,1.3556E+12,4.26345E-07
37668,1.3556E+12,4.26345E-07
37669,1.3556E+12,4.26345E-07
37670,1.3556E+12,4.26345E-07
37671,1.3556E+12,4.26345E-07
37672,1.3556E+12,4.26345E-07
37673,1.3556E+12,4.26345E-07
37674,1.3556E+12,4.26345E-07
37675,1.3556E+12,4.26345E-07
37676,1.3555E+12,4.26345E-07
37677,1.3555E+12,4.26345E-07
37678,1.3555E+12,4.2635E-07
37679,1.3555E+12,4.2635E-07
37680,1.3555E+12,4.2635E-07
37681,1.3555E+12,4.2635E-07
37682,1.3555E+12,4.2635E-07
37683,1.3555E+12,4.2635E-07
37684,1.3555E+12,4.2635E-07
37685,1.3555E+12,4.2635E-07
37686,1.3555E+12,4.2635E-07
37687,1.3554E+12,4.2635E-07
37688,1.3554E+12,4.2635E-07
37689,1.3554E+12,4.2635E-07
37690,1.3554E+12,4.2635E-07
37691,1.3554E+12,4.26355E-07
37692,1.3554E+12,4.26355E-07
37693,1.3554E+12,4.26355E-07
37694,1.3554E+12,4.26355E-07
37695,1.3554E+12,4.26355E-07
37696,1.3554E+12,4.26355E-07
37697,1.3553E+12,4.26355E-07
37698,1.3553E+12,4.26355E-07
37699,1.3553E+12,4.26355E-07
37700,1.3553E+12,4.26355E-07
37701,1.3553E+12,4.26355E-07
37702,1.3553E+12,4.26355E-07
37703,1.3553E+12,4.26355E-07
37704,1.3553E+12,4.2636E-07
37705,1.3553E+12,4.2636E-07
37706,1.3553E+12,4.2636E-07
37707,1.3553E+12,4.2636E-07
37708,1.3552E+12,4.2636E-07
37709,1.3552E+12,4.2636E-07
37710,1.3552E+12,4.2636E-07
37711,1.3552E+12,4.2636E-07
37712,1.3552E+12,4.2636E-07
37713,1.3552E+12,4.2636E-07
37714,1.3552E+12,4.2636E-07
37715,1.3552E+12,4.2636E-07
37716,1.3552E+12,4.26365E-07
37717,1.3552E+12,4.26365E-07
37718,1.3552E+12,4.26365E-07
37719,1.3551E+12,4.26365E-07
37720,1.3551E+12,4.26365E-07
37721,1.3551E+12,4.26365E-07
37722,1.3551E+12,4.26365E-07
37723,1.3551E+12,4.26365E-07
37724,1.3551E+12,4.26365E-07
37725,1.3551E+12,4.26365E-07
37726,1.3551E+12,4.26365E-07
37727,1.3551E+12,4.26365E-07
37728,1.3551E+12,4.26365E-07
37729,1.3551E+12,4.2637E-07
37730,1.355E+12,4.2637E-07
37731,1.355E+12,4.2637E-07
37732,1.355E+12,4.2637E-07
37733,1.355E+12,4.2637E-07
37734,1.355E+12,4.2637E-07
37735,1.355E+12,4.2637E-07
37736,1.355E+12,4.2637E-07
37737,1.355E+12,4.2637E-07
37738,1.355E+12,4.2637E-07
37739,1.355E+12,4.2637E-07
37740,1.355E+12,4.2637E-07
37741,1.3549E+12,4.26375E-07
37742,1.3549E+12,4.26375E-07
37743,1.3549E+12,4.26375E-07
37744,1.3549E+12,4.26375E-07
37745,1.3549E+12,4.26375E-07
37746,1.3549E+12,4.26375E-07
37747,1.3549E+12,4.26375E-07
37748,1.3549E+12,4.26375E-07
37749,1.3549E+12,4.26375E-07
37750,1.3549E+12,4.26375E-07
37751,1.3549E+12,4.26375E-07
37752,1.3548E+12,4.26375E-07
37753,1.3548E+12,4.26375E-07
37754,1.3548E+12,4.2638E-07
37755,1.3548E+12,4.2638E-07
37756,1.3548E+12,4.2638E-07
37757,1.3548E+12,4.2638E-07
37758,1.3548E+12,4.2638E-07
37759,1.3548E+12,4.2638E-07
37760,1.3548E+12,4.2638E-07
37761,1.3548E+12,4.2638E-07
37762,1.3548E+12,4.2638E-07
37763,1.3547E+12,4.2638E-07
37764,1.3547E+12,4.2638E-07
37765,1.3547E+12,4.2638E-07
37766,1.3547E+12,4.2638E-07
37767,1.3547E+12,4.26385E-07
37768,1.3547E+12,4.26385E-07
37769,1.3547E+12,4.26385E-07
37770,1.3547E+12,4.26385E-07
37771,1.3547E+12,4.26385E-07
37772,1.3547E+12,4.26385E-07
37773,1.3547E+12,4.26385E-07
37774,1.3546E+12,4.26385E-07
37775,1.3546E+12,4.26385E-07
37776,1.3546E+12,4.26385E-07
37777,1.3546E+12,4.26385E-07
37778,1.3546E+12,4.26385E-07
37779,1.3546E+12,4.2639E-07
37780,1.3546E+12,4.2639E-07
37781,1.3546E+12,4.2639E-07
37782,1.3546E+12,4.2639E-07
37783,1.3546E+12,4.2639E-07
37784,1.3546E+12,4.2639E-07
37785,1.3545E+12,4.2639E-07
37786,1.3545E+12,4.2639E-07
37787,1.3545E+12,4.2639E-07
37788,1.3545E+12,4.2639E-07
37789,1.3545E+12,4.2639E-07
37790,1.3545E+12,4.2639E-07
37791,1.3545E+12,4.2639E-07
37792,1.3545E+12,4.26395E-07
37793,1.3545E+12,4.26395E-07
37794,1.3545E+12,4.26395E-07
37795,1.3545E+12,4.26395E-07
37796,1.3544E+12,4.26395E-07
37797,1.3544E+12,4.26395E-07
37798,1.3544E+12,4.26395E-07
37799,1.3544E+12,4.26395E-07
37800,1.3544E+12,4.26395E-07
37801,1.3544E+12,4.26395E-07
37802,1.3544E+12,4.26395E-07
37803,1.3544E+12,4.26395E-07
37804,1.3544E+12,4.26395E-07
37805,1.3544E+12,4.264E-07
37806,1.3544E+12,4.264E-07
37807,1.3543E+12,4.264E-07
37808,1.3543E+12,4.264E-07
37809,1.3543E+12,4.264E-07
37810,1.3543E+12,4.264E-07
37811,1.3543E+12,4.264E-07
37812,1.3543E+12,4.264E-07
37813,1.3543E+12,4.264E-07
37814,1.3543E+12,4.264E-07
37815,1.3543E+12,4.264E-07
37816,1.3543E+12,4.264E-07
37817,1.3542E+12,4.26405E-07
37818,1.3542E+12,4.26405E-07
37819,1.3542E+12,4.26405E-07
37820,1.3542E+12,4.26405E-07
37821,1.3542E+12,4.26405E-07
37822,1.3542E+12,4.26405E-07
37823,1.3542E+12,4.26405E-07
37824,1.3542E+12,4.26405E-07
37825,1.3542E+12,4.26405E-07
37826,1.3542E+12,4.26405E-07
37827,1.3542E+12,4.26405E-07
37828,1.3541E+12,4.26405E-07
37829,1.3541E+12,4.26405E-07
37830,1.3541E+12,4.2641E-07
37831,1.3541E+12,4.2641E-07
37832,1.3541E+12,4.2641E-07
37833,1.3541E+12,4.2641E-07
37834,1.3541E+12,4.2641E-07
37835,1.3541E+12,4.2641E-07
37836,1.3541E+12,4.2641E-07
37837,1.3541E+12,4.2641E-07
37838,1.3541E+12,4.2641E-07
37839,1.354E+12,4.2641E-07
37840,1.354E+12,4.2641E-07
37841,1.354E+12,4.2641E-07
37842,1.354E+12,4.26415E-07
37843,1.354E+12,4.26415E-07
37844,1.354E+12,4.26415E-07
37845,1.354E+12,4.26415E-07
37846,1.354E+12,4.26415E-07
37847,1.354E+12,4.26415E-07
37848,1.354E+12,4.26415E-07
37849,1.354E+12,4.26415E-07
37850,1.3539E+12,4.26415E-07
37851,1.3539E+12,4.26415E-07
37852,1.3539E+12,4.26415E-07
37853,1.3539E+12,4.26415E-07
37854,1.3539E+12,4.26415E-07
37855,1.3539E+12,4.2642E-07
37856,1.3539E+12,4.2642E-07
37857,1.3539E+12,4.2642E-07
37858,1.3539E+12,4.2642E-07
37859,1.3539E+12,4.2642E-07
37860,1.3539E+12,4.2642E-07
37861,1.3538E+12,4.2642E-07
37862,1.3538E+12,4.2642E-07
37863,1.3538E+12,4.2642E-07
37864,1.3538E+12,4.2642E-07
37865,1.3538E+12,4.2642E-07
37866,1.3538E+12,4.2642E-07
37867,1.3538E+12,4.2642E-07
37868,1.3538E+12,4.26425E-07
37869,1.3538E+12,4.26425E-07
37870,1.3538E+12,4.26425E-07
37871,1.3538E+12,4.26425E-07
37872,1.3537E+12,4.26425E-07
37873,1.3537E+12,4.26425E-07
37874,1.3537E+12,4.26425E-07
37875,1.3537E+12,4.26425E-07
37876,1.3537E+12,4.26425E-07
37877,1.3537E+12,4.26425E-07
37878,1.3537E+12,4.26425E-07
37879,1.3537E+12,4.26425E-07
37880,1.3537E+12,4.2643E-07
37881,1.3537E+12,4.2643E-07
37882,1.3537E+12,4.2643E-07
37883,1.3536E+12,4.2643E-07
37884,1.3536E+12,4.2643E-07
37885,1.3536E+12,4.2643E-07
37886,1.3536E+12,4.2643E-07
37887,1.3536E+12,4.2643E-07
37888,1.3536E+12,4.2643E-07
37889,1.3536E+12,4.2643E-07
37890,1.3536E+12,4.2643E-07
37891,1.3536E+12,4.2643E-07
37892,1.3536E+12,4.2643E-07
37893,1.3536E+12,4.26435E-07
37894,1.3535E+12,4.26435E-07
37895,1.3535E+12,4.26435E-07
37896,1.3535E+12,4.26435E-07
37897,1.3535E+12,4.26435E-07
37898,1.3535E+12,4.26435E-07
37899,1.3535E+12,4.26435E-07
37900,1.3535E+12,4.26435E-07
37901,1.3535E+12,4.26435E-07
37902,1.3535E+12,4.26435E-07
37903,1.3535E+12,4.26435E-07
37904,1.3535E+12,4.26435E-07
37905,1.3534E+12,4.26435E-07
37906,1.3534E+12,4.2644E-07
37907,1.3534E+12,4.2644E-07
37908,1.3534E+12,4.2644E-07
37909,1.3534E+12,4.2644E-07
37910,1.3534E+12,4.2644E-07
37911,1.3534E+12,4.2644E-07
37912,1.3534E+12,4.2644E-07
37913,1.3534E+12,4.2644E-07
37914,1.3534E+12,4.2644E-07
37915,1.3534E+12,4.2644E-07
37916,1.3533E+12,4.2644E-07
37917,1.3533E+12,4.2644E-07
37918,1.3533E+12,4.26445E-07
37919,1.3533E+12,4.26445E-07
37920,1.3533E+12,4.26445E-07
37921,1.3533E+12,4.26445E-07
37922,1.3533E+12,4.26445E-07
37923,1.3533E+12,4.26445E-07
37924,1.3533E+12,4.26445E-07
37925,1.3533E+12,4.26445E-07
37926,1.3533E+12,4.26445E-07
37927,1.3532E+12,4.26445E-07
37928,1.3532E+12,4.26445E-07
37929,1.3532E+12,4.26445E-07
37930,1.3532E+12,4.26445E-07
37931,1.3532E+12,4.2645E-07
37932,1.3532E+12,4.2645E-07
37933,1.3532E+12,4.2645E-07
37934,1.3532E+12,4.2645E-07
37935,1.3532E+12,4.2645E-07
37936,1.3532E+12,4.2645E-07
37937,1.3532E+12,4.2645E-07
37938,1.3531E+12,4.2645E-07
37939,1.3531E+12,4.2645E-07
37940,1.3531E+12,4.2645E-07
37941,1.3531E+12,4.2645E-07
37942,1.3531E+12,4.2645E-07
37943,1.3531E+12,4.2645E-07
37944,1.3531E+12,4.26455E-07
37945,1.3531E+12,4.26455E-07
37946,1.3531E+12,4.26455E-07
37947,1.3531E+12,4.26455E-07
37948,1.3531E+12,4.26455E-07
37949,1.353E+12,4.26455E-07
37950,1.353E+12,4.26455E-07
37951,1.353E+12,4.26455E-07
37952,1.353E+12,4.26455E-07
37953,1.353E+12,4.26455E-07
37954,1.353E+12,4.26455E-07
37955,1.353E+12,4.26455E-07
37956,1.353E+12,4.26455E-07
37957,1.353E+12,4.2646E-07
37958,1.353E+12,4.2646E-07
37959,1.353E+12,4.2646E-07
37960,1.3529E+12,4.2646E-07
37961,1.3529E+12,4.2646E-07
37962,1.3529E+12,4.2646E-07
37963,1.3529E+12,4.2646E-07
37964,1.3529E+12,4.2646E-07
37965,1.3529E+12,4.2646E-07
37966,1.3529E+12,4.2646E-07
37967,1.3529E+12,4.2646E-07
37968,1.3529E+12,4.2646E-07
37969,1.3529E+12,4.26465E-07
37970,1.3529E+12,4.26465E-07
37971,1.3528E+12,4.26465E-07
37972,1.3528E+12,4.26465E-07
37973,1.3528E+12,4.26465E-07
37974,1.3528E+12,4.26465E-07
37975,1.3528E+12,4.26465E-07
37976,1.3528E+12,4.26465E-07
37977,1.3528E+12,4.26465E-07
37978,1.3528E+12,4.26465E-07
37979,1.3528E+12,4.26465E-07
37980,1.3528E+12,4.26465E-07
37981,1.3528E+12,4.26465E-07
37982,1.3527E+12,4.2647E-07
37983,1.3527E+12,4.2647E-07
37984,1.3527E+12,4.2647E-07
37985,1.3527E+12,4.2647E-07
37986,1.3527E+12,4.2647E-07
37987,1.3527E+12,4.2647E-07
37988,1.3527E+12,4.2647E-07
37989,1.3527E+12,4.2647E-07
37990,1.3527E+12,4.2647E-07
37991,1.3527E+12,4.2647E-07
37992,1.3527E+12,4.2647E-07
37993,1.3526E+12,4.2647E-07
37994,1.3526E+12,4.2647E-07
37995,1.3526E+12,4.26475E-07
37996,1.3526E+12,4.26475E-07
37997,1.3526E+12,4.26475E-07
37998,1.3526E+12,4.26475E-07
37999,1.3526E+12,4.26475E-07
38000,1.3526E+12,4.26475E-07
38001,1.3526E+12,4.26475E-07
38002,1.3526E+12,4.26475E-07
38003,1.3526E+12,4.26475E-07
38004,1.3525E+12,4.26475E-07
38005,1.3525E+12,4.26475E-07
38006,1.3525E+12,4.26475E-07
38007,1.3525E+12,4.2648E-07
38008,1.3525E+12,4.2648E-07
38009,1.3525E+12,4.2648E-07
38010,1.3525E+12,4.2648E-07
38011,1.3525E+12,4.2648E-07
38012,1.3525E+12,4.2648E-07
38013,1.3525E+12,4.2648E-07
38014,1.3525E+12,4.2648E-07
38015,1.3524E+12,4.2648E-07
38016,1.3524E+12,4.2648E-07
38017,1.3524E+12,4.2648E-07
38018,1.3524E+12,4.2648E-07
38019,1.3524E+12,4.2648E-07
38020,1.3524E+12,4.26485E-07
38021,1.3524E+12,4.26485E-07
38022,1.3524E+12,4.26485E-07
38023,1.3524E+12,4.26485E-07
38024,1.3524E+12,4.26485E-07
38025,1.3524E+12,4.26485E-07
38026,1.3523E+12,4.26485E-07
38027,1.3523E+12,4.26485E-07
38028,1.3523E+12,4.26485E-07
38029,1.3523E+12,4.26485E-07
38030,1.3523E+12,4.26485E-07
38031,1.3523E+12,4.26485E-07
38032,1.3523E+12,4.26485E-07
38033,1.3523E+12,4.2649E-07
38034,1.3523E+12,4.2649E-07
38035,1.3523E+12,4.2649E-07
38036,1.3523E+12,4.2649E-07
38037,1.3522E+12,4.2649E-07
38038,1.3522E+12,4.2649E-07
38039,1.3522E+12,4.2649E-07
38040,1.3522E+12,4.2649E-07
38041,1.3522E+12,4.2649E-07
38042,1.3522E+12,4.2649E-07
38043,1.3522E+12,4.2649E-07
38044,1.3522E+12,4.2649E-07
38045,1.3522E+12,4.26495E-07
38046,1.3522E+12,4.26495E-07
38047,1.3522E+12,4.26495E-07
38048,1.3521E+12,4.26495E-07
38049,1.3521E+12,4.26495E-07
38050,1.3521E+12,4.26495E-07
38051,1.3521E+12,4.26495E-07
38052,1.3521E+12,4.26495E-07
38053,1.3521E+12,4.26495E-07
38054,1.3521E+12,4.26495E-07
38055,1.3521E+12,4.26495E-07
38056,1.3521E+12,4.26495E-07
38057,1.3521E+12,4.26495E-07
38058,1.3521E+12,4.265E-07
38059,1.352E+12,4.265E-07
38060,1.352E+12,4.265E-07
38061,1.352E+12,4.265E-07
38062,1.352E+12,4.265E-07
38063,1.352E+12,4.265E-07
38064,1.352E+12,4.265E-07
38065,1.352E+12,4.265E-07
38066,1.352E+12,4.265E-07
38067,1.352E+12,4.265E-07
38068,1.352E+12,4.265E-07
38069,1.352E+12,4.265E-07
38070,1.3519E+12,4.265E-07
38071,1.3519E+12,4.26505E-07
38072,1.3519E+12,4.26505E-07
38073,1.3519E+12,4.26505E-07
38074,1.3519E+12,4.26505E-07
38075,1.3519E+12,4.26505E-07
38076,1.3519E+12,4.26505E-07
38077,1.3519E+12,4.26505E-07
38078,1.3519E+12,4.26505E-07
38079,1.3519E+12,4.26505E-07
38080,1.3519E+12,4.26505E-07
38081,1.3518E+12,4.26505E-07
38082,1.3518E+12,4.26505E-07
38083,1.3518E+12,4.26505E-07
38084,1.3518E+12,4.2651E-07
38085,1.3518E+12,4.2651E-07
38086,1.3518E+12,4.2651E-07
38087,1.3518E+12,4.2651E-07
38088,1.3518E+12,4.2651E-07
38089,1.3518E+12,4.2651E-07
38090,1.3518E+12,4.2651E-07
38091,1.3518E+12,4.2651E-07
38092,1.3517E+12,4.2651E-07
38093,1.3517E+12,4.2651E-07
38094,1.3517E+12,4.2651E-07
38095,1.3517E+12,4.2651E-07
38096,1.3517E+12,4.26515E-07
38097,1.3517E+12,4.26515E-07
38098,1.3517E+12,4.26515E-07
38099,1.3517E+12,4.26515E-07
38100,1.3517E+12,4.26515E-07
38101,1.3517E+12,4.26515E-07
38102,1.3517E+12,4.26515E-07
38103,1.3516E+12,4.26515E-07
38104,1.3516E+12,4.26515E-07
38105,1.3516E+12,4.26515E-07
38106,1.3516E+12,4.26515E-07
38107,1.3516E+12,4.26515E-07
38108,1.3516E+12,4.26515E-07
38109,1.3516E+12,4.2652E-07
38110,1.3516E+12,4.2652E-07
38111,1.3516E+12,4.2652E-07
38112,1.3516E+12,4.2652E-07
38113,1.3516E+12,4.2652E-07
38114,1.3515E+12,4.2652E-07
38115,1.3515E+12,4.2652E-07
38116,1.3515E+12,4.2652E-07
38117,1.3515E+12,4.2652E-07
38118,1.3515E+12,4.2652E-07
38119,1.3515E+12,4.2652E-07
38120,1.3515E+12,4.2652E-07
38121,1.3515E+12,4.2652E-07
38122,1.3515E+12,4.26525E-07
38123,1.3515E+12,4.26525E-07
38124,1.3515E+12,4.26525E-07
38125,1.3514E+12,4.26525E-07
38126,1.3514E+12,4.26525E-07
38127,1.3514E+12,4.26525E-07
38128,1.3514E+12,4.26525E-07
38129,1.3514E+12,4.26525E-07
38130,1.3514E+12,4.26525E-07
38131,1.3514E+12,4.26525E-07
38132,1.3514E+12,4.26525E-07
38133,1.3514E+12,4.26525E-07
38134,1.3514E+12,4.26525E-07
38135,1.3514E+12,4.2653E-07
38136,1.3513E+12,4.2653E-07
38137,1.3513E+12,4.2653E-07
38138,1.3513E+12,4.2653E-07
38139,1.3513E+12,4.2653E-07
38140,1.3513E+12,4.2653E-07
38141,1.3513E+12,4.2653E-07
38142,1.3513E+12,4.2653E-07
38143,1.3513E+12,4.2653E-07
38144,1.3513E+12,4.2653E-07
38145,1.3513E+12,4.2653E-07
38146,1.3513E+12,4.2653E-07
38147,1.3512E+12,4.26535E-07
38148,1.3512E+12,4.26535E-07
38149,1.3512E+12,4.26535E-07
38150,1.3512E+12,4.26535E-07
38151,1.3512E+12,4.26535E-07
38152,1.3512E+12,4.26535E-07
38153,1.3512E+12,4.26535E-07
38154,1.3512E+12,4.26535E-07
38155,1.3512E+12,4.26535E-07
38156,1.3512E+12,4.26535E-07
38157,1.3512E+12,4.26535E-07
38158,1.3511E+12,4.26535E-07
38159,1.3511E+12,4.26535E-07
38160,1.3511E+12,4.2654E-07
38161,1.3511E+12,4.2654E-07
38162,1.3511E+12,4.2654E-07
38163,1.3511E+12,4.2654E-07
38164,1.3511E+12,4.2654E-07
38165,1.3511E+12,4.2654E-07
38166,1.3511E+12,4.2654E-07
38167,1.3511E+12,4.2654E-07
38168,1.3511E+12,4.2654E-07
38169,1.351E+12,4.2654E-07
38170,1.351E+12,4.2654E-07
38171,1.351E+12,4.2654E-07
38172,1.351E+12,4.2654E-07
38173,1.351E+12,4.26545E-07
38174,1.351E+12,4.26545E-07
38175,1.351E+12,4.26545E-07
38176,1.351E+12,4.26545E-07
38177,1.351E+12,4.26545E-07
38178,1.351E+12,4.26545E-07
38179,1.351E+12,4.26545E-07
38180,1.3509E+12,4.26545E-07
38181,1.3509E+12,4.26545E-07
38182,1.3509E+12,4.26545E-07
38183,1.3509E+12,4.26545E-07
38184,1.3509E+12,4.26545E-07
38185,1.3509E+12,4.26545E-07
38186,1.3509E+12,4.2655E-07
38187,1.3509E+12,4.2655E-07
38188,1.3509E+12,4.2655E-07
38189,1.3509E+12,4.2655E-07
38190,1.3509E+12,4.2655E-07
38191,1.3508E+12,4.2655E-07
38192,1.3508E+12,4.2655E-07
38193,1.3508E+12,4.2655E-07
38194,1.3508E+12,4.2655E-07
38195,1.3508E+12,4.2655E-07
38196,1.3508E+12,4.2655E-07
38197,1.3508E+12,4.2655E-07
38198,1.3508E+12,4.26555E-07
38199,1.3508E+12,4.26555E-07
38200,1.3508E+12,4.26555E-07
38201,1.3508E+12,4.26555E-07
38202,1.3508E+12,4.26555E-07
38203,1.3507E+12,4.26555E-07
38204,1.3507E+12,4.26555E-07
38205,1.3507E+12,4.26555E-07
38206,1.3507E+12,4.26555E-07
38207,1.3507E+12,4.26555E-07
38208,1.3507E+12,4.26555E-07
38209,1.3507E+12,4.26555E-07
38210,1.3507E+12,4.26555E-07
38211,1.3507E+12,4.2656E-07
38212,1.3507E+12,4.2656E-07
38213,1.3507E+12,4.2656E-07
38214,1.3506E+12,4.2656E-07
38215,1.3506E+12,4.2656E-07
38216,1.3506E+12,4.2656E-07
38217,1.3506E+12,4.2656E-07
38218,1.3506E+12,4.2656E-07
38219,1.3506E+12,4.2656E-07
38220,1.3506E+12,4.2656E-07
38221,1.3506E+12,4.2656E-07
38222,1.3506E+12,4.2656E-07
38223,1.3506E+12,4.2656E-07
38224,1.3506E+12,4.26565E-07
38225,1.3505E+12,4.26565E-07
38226,1.3505E+12,4.26565E-07
38227,1.3505E+12,4.26565E-07
38228,1.3505E+12,4.26565E-07
38229,1.3505E+12,4.26565E-07
38230,1.3505E+12,4.26565E-07
38231,1.3505E+12,4.26565E-07
38232,1.3505E+12,4.26565E-07
38233,1.3505E+12,4.26565E-07
38234,1.3505E+12,4.26565E-07
38235,1.3505E+12,4.26565E-07
38236,1.3504E+12,4.26565E-07
38237,1.3504E+12,4.2657E-07
38238,1.3504E+12,4.2657E-07
38239,1.3504E+12,4.2657E-07
38240,1.3504E+12,4.2657E-07
38241,1.3504E+12,4.2657E-07
38242,1.3504E+12,4.2657E-07
38243,1.3504E+12,4.2657E-07
38244,1.3504E+12,4.2657E-07
38245,1.3504E+12,4.2657E-07
38246,1.3504E+12,4.2657E-07
38247,1.3503E+12,4.2657E-07
38248,1.3503E+12,4.2657E-07
38249,1.3503E+12,4.2657E-07
38250,1.3503E+12,4.26575E-07
38251,1.3503E+12,4.26575E-07
38252,1.3503E+12,4.26575E-07
38253,1.3503E+12,4.26575E-07
38254,1.3503E+12,4.26575E-07
38255,1.3503E+12,4.26575E-07
38256,1.3503E+12,4.26575E-07
38257,1.3503E+12,4.26575E-07
38258,1.3502E+12,4.26575E-07
38259,1.3502E+12,4.26575E-07
38260,1.3502E+12,4.26575E-07
38261,1.3502E+12,4.26575E-07
38262,1.3502E+12,4.2658E-07
38263,1.3502E+12,4.2658E-07
38264,1.3502E+12,4.2658E-07
38265,1.3502E+12,4.2658E-07
38266,1.3502E+12,4.2658E-07
38267,1.3502E+12,4.2658E-07
38268,1.3502E+12,4.2658E-07
38269,1.3501E+12,4.2658E-07
38270,1.3501E+12,4.2658E-07
38271,1.3501E+12,4.2658E-07
38272,1.3501E+12,4.2658E-07
38273,1.3501E+12,4.2658E-07
38274,1.3501E+12,4.2658E-07
38275,1.3501E+12,4.26585E-07
38276,1.3501E+12,4.26585E-07
38277,1.3501E+12,4.26585E-07
38278,1.3501E+12,4.26585E-07
38279,1.3501E+12,4.26585E-07
38280,1.35E+12,4.26585E-07
38281,1.35E+12,4.26585E-07
38282,1.35E+12,4.26585E-07
38283,1.35E+12,4.26585E-07
38284,1.35E+12,4.26585E-07
38285,1.35E+12,4.26585E-07
38286,1.35E+12,4.26585E-07
38287,1.35E+12,4.26585E-07
38288,1.35E+12,4.2659E-07
38289,1.35E+12,4.2659E-07
38290,1.35E+12,4.2659E-07
38291,1.3499E+12,4.2659E-07
38292,1.3499E+12,4.2659E-07
38293,1.3499E+12,4.2659E-07
38294,1.3499E+12,4.2659E-07
38295,1.3499E+12,4.2659E-07
38296,1.3499E+12,4.2659E-07
38297,1.3499E+12,4.2659E-07
38298,1.3499E+12,4.2659E-07
38299,1.3499E+12,4.2659E-07
38300,1.3499E+12,4.2659E-07
38301,1.3499E+12,4.26595E-07
38302,1.3498E+12,4.26595E-07
38303,1.3498E+12,4.26595E-07
38304,1.3498E+12,4.26595E-07
38305,1.3498E+12,4.26595E-07
38306,1.3498E+12,4.26595E-07
38307,1.3498E+12,4.26595E-07
38308,1.3498E+12,4.26595E-07
38309,1.3498E+12,4.26595E-07
38310,1.3498E+12,4.26595E-07
38311,1.3498E+12,4.26595E-07
38312,1.3498E+12,4.26595E-07
38313,1.3498E+12,4.26595E-07
38314,1.3497E+12,4.266E-07
38315,1.3497E+12,4.266E-07
38316,1.3497E+12,4.266E-07
38317,1.3497E+12,4.266E-07
38318,1.3497E+12,4.266E-07
38319,1.3497E+12,4.266E-07
38320,1.3497E+12,4.266E-07
38321,1.3497E+12,4.266E-07
38322,1.3497E+12,4.266E-07
38323,1.3497E+12,4.266E-07
38324,1.3497E+12,4.266E-07
38325,1.3496E+12,4.266E-07
38326,1.3496E+12,4.266E-07
38327,1.3496E+12,4.26605E-07
38328,1.3496E+12,4.26605E-07
38329,1.3496E+12,4.26605E-07
38330,1.3496E+12,4.26605E-07
38331,1.3496E+12,4.26605E-07
38332,1.3496E+12,4.26605E-07
38333,1.3496E+12,4.26605E-07
38334,1.3496E+12,4.26605E-07
38335,1.3496E+12,4.26605E-07
38336,1.3495E+12,4.26605E-07
38337,1.3495E+12,4.26605E-07
38338,1.3495E+12,4.26605E-07
38339,1.3495E+12,4.2661E-07
38340,1.3495E+12,4.2661E-07
38341,1.3495E+12,4.2661E-07
38342,1.3495E+12,4.2661E-07
38343,1.3495E+12,4.2661E-07
38344,1.3495E+12,4.2661E-07
38345,1.3495E+12,4.2661E-07
38346,1.3495E+12,4.2661E-07
38347,1.3494E+12,4.2661E-07
38348,1.3494E+12,4.2661E-07
38349,1.3494E+12,4.2661E-07
38350,1.3494E+12,4.2661E-07
38351,1.3494E+12,4.2661E-07
38352,1.3494E+12,4.26615E-07
38353,1.3494E+12,4.26615E-07
38354,1.3494E+12,4.26615E-07
38355,1.3494E+12,4.26615E-07
38356,1.3494E+12,4.26615E-07
38357,1.3494E+12,4.26615E-07
38358,1.3493E+12,4.26615E-07
38359,1.3493E+12,4.26615E-07
38360,1.3493E+12,4.26615E-07
38361,1.3493E+12,4.26615E-07
38362,1.3493E+12,4.26615E-07
38363,1.3493E+12,4.26615E-07
38364,1.3493E+12,4.26615E-07
38365,1.3493E+12,4.2662E-07
38366,1.3493E+12,4.2662E-07
38367,1.3493E+12,4.2662E-07
38368,1.3493E+12,4.2662E-07
38369,1.3492E+12,4.2662E-07
38370,1.3492E+12,4.2662E-07
38371,1.3492E+12,4.2662E-07
38372,1.3492E+12,4.2662E-07
38373,1.3492E+12,4.2662E-07
38374,1.3492E+12,4.2662E-07
38375,1.3492E+12,4.2662E-07
38376,1.3492E+12,4.2662E-07
38377,1.3492E+12,4.2662E-07
38378,1.3492E+12,4.26625E-07
38379,1.3492E+12,4.26625E-07
38380,1.3491E+12,4.26625E-07
38381,1.3491E+12,4.26625E-07
38382,1.3491E+12,4.26625E-07
38383,1.3491E+12,4.26625E-07
38384,1.3491E+12,4.26625E-07
38385,1.3491E+12,4.26625E-07
38386,1.3491E+12,4.26625E-07
38387,1.3491E+12,4.26625E-07
38388,1.3491E+12,4.26625E-07
38389,1.3491E+12,4.26625E-07
38390,1.3491E+12,4.26625E-07
38391,1.349E+12,4.2663E-07
38392,1.349E+12,4.2663E-07
38393,1.349E+12,4.2663E-07
38394,1.349E+12,4.2663E-07
38395,1.349E+12,4.2663E-07
38396,1.349E+12,4.2663E-07
38397,1.349E+12,4.2663E-07
38398,1.349E+12,4.2663E-07
38399,1.349E+12,4.2663E-07
38400,1.349E+12,4.2663E-07
38401,1.349E+12,4.2663E-07
38402,1.349E+12,4.2663E-07
38403,1.3489E+12,4.2663E-07
38404,1.3489E+12,4.26635E-07
38405,1.3489E+12,4.26635E-07
38406,1.3489E+12,4.26635E-07
38407,1.3489E+12,4.26635E-07
38408,1.3489E+12,4.26635E-07
38409,1.3489E+12,4.26635E-07
38410,1.3489E+12,4.26635E-07
38411,1.3489E+12,4.26635E-07
38412,1.3489E+12,4.26635E-07
38413,1.3489E+12,4.26635E-07
38414,1.3488E+12,4.26635E-07
38415,1.3488E+12,4.26635E-07
38416,1.3488E+12,4.2664E-07
38417,1.3488E+12,4.2664E-07
38418,1.3488E+12,4.2664E-07
38419,1.3488E+12,4.2664E-07
38420,1.3488E+12,4.2664E-07
38421,1.3488E+12,4.2664E-07
38422,1.3488E+12,4.2664E-07
38423,1.3488E+12,4.2664E-07
38424,1.3488E+12,4.2664E-07
38425,1.3487E+12,4.2664E-07
38426,1.3487E+12,4.2664E-07
38427,1.3487E+12,4.2664E-07
38428,1.3487E+12,4.2664E-07
38429,1.3487E+12,4.26645E-07
38430,1.3487E+12,4.26645E-07
38431,1.3487E+12,4.26645E-07
38432,1.3487E+12,4.26645E-07
38433,1.3487E+12,4.26645E-07
38434,1.3487E+12,4.26645E-07
38435,1.3487E+12,4.26645E-07
38436,1.3486E+12,4.26645E-07
38437,1.3486E+12,4.26645E-07
38438,1.3486E+12,4.26645E-07
38439,1.3486E+12,4.26645E-07
38440,1.3486E+12,4.26645E-07
38441,1.3486E+12,4.26645E-07
38442,1.3486E+12,4.2665E-07
38443,1.3486E+12,4.2665E-07
38444,1.3486E+12,4.2665E-07
38445,1.3486E+12,4.2665E-07
38446,1.3486E+12,4.2665E-07
38447,1.3485E+12,4.2665E-07
38448,1.3485E+12,4.2665E-07
38449,1.3485E+12,4.2665E-07
38450,1.3485E+12,4.2665E-07
38451,1.3485E+12,4.2665E-07
38452,1.3485E+12,4.2665E-07
38453,1.3485E+12,4.2665E-07
38454,1.3485E+12,4.2665E-07
38455,1.3485E+12,4.26655E-07
38456,1.3485E+12,4.26655E-07
38457,1.3485E+12,4.26655E-07
38458,1.3484E+12,4.26655E-07
38459,1.3484E+12,4.26655E-07
38460,1.3484E+12,4.26655E-07
38461,1.3484E+12,4.26655E-07
38462,1.3484E+12,4.26655E-07
38463,1.3484E+12,4.26655E-07
38464,1.3484E+12,4.26655E-07
38465,1.3484E+12,4.26655E-07
38466,1.3484E+12,4.26655E-07
38467,1.3484E+12,4.26655E-07
38468,1.3484E+12,4.2666E-07
38469,1.3484E+12,4.2666E-07
38470,1.3483E+12,4.2666E-07
38471,1.3483E+12,4.2666E-07
38472,1.3483E+12,4.2666E-07
38473,1.3483E+12,4.2666E-07
38474,1.3483E+12,4.2666E-07
38475,1.3483E+12,4.2666E-07
38476,1.3483E+12,4.2666E-07
38477,1.3483E+12,4.2666E-07
38478,1.3483E+12,4.2666E-07
38479,1.3483E+12,4.2666E-07
38480,1.3483E+12,4.2666E-07
38481,1.3482E+12,4.26665E-07
38482,1.3482E+12,4.26665E-07
38483,1.3482E+12,4.26665E-07
38484,1.3482E+12,4.26665E-07
38485,1.3482E+12,4.26665E-07
38486,1.3482E+12,4.26665E-07
38487,1.3482E+12,4.26665E-07
38488,1.3482E+12,4.26665E-07
38489,1.3482E+12,4.26665E-07
38490,1.3482E+12,4.26665E-07
38491,1.3482E+12,4.26665E-07
38492,1.3481E+12,4.26665E-07
38493,1.3481E+12,4.26665E-07
38494,1.3481E+12,4.2667E-07
38495,1.3481E+12,4.2667E-07
38496,1.3481E+12,4.2667E-07
38497,1.3481E+12,4.2667E-07
38498,1.3481E+12,4.2667E-07
38499,1.3481E+12,4.2667E-07
38500,1.3481E+12,4.2667E-07
38501,1.3481E+12,4.2667E-07
38502,1.3481E+12,4.2667E-07
38503,1.348E+12,4.2667E-07
38504,1.348E+12,4.2667E-07
38505,1.348E+12,4.2667E-07
38506,1.348E+12,4.2667E-07
38507,1.348E+12,4.26675E-07
38508,1.348E+12,4.26675E-07
38509,1.348E+12,4.26675E-07
38510,1.348E+12,4.26675E-07
38511,1.348E+12,4.26675E-07
38512,1.348E+12,4.26675E-07
38513,1.348E+12,4.26675E-07
38514,1.3479E+12,4.26675E-07
38515,1.3479E+12,4.26675E-07
38516,1.3479E+12,4.26675E-07
38517,1.3479E+12,4.26675E-07
38518,1.3479E+12,4.26675E-07
38519,1.3479E+12,4.2668E-07
38520,1.3479E+12,4.2668E-07
38521,1.3479E+12,4.2668E-07
38522,1.3479E+12,4.2668E-07
38523,1.3479E+12,4.2668E-07
38524,1.3479E+12,4.2668E-07
38525,1.3478E+12,4.2668E-07
38526,1.3478E+12,4.2668E-07
38527,1.3478E+12,4.2668E-07
38528,1.3478E+12,4.2668E-07
38529,1.3478E+12,4.2668E-07
38530,1.3478E+12,4.2668E-07
38531,1.3478E+12,4.2668E-07
38532,1.3478E+12,4.26685E-07
38533,1.3478E+12,4.26685E-07
38534,1.3478E+12,4.26685E-07
38535,1.3478E+12,4.26685E-07
38536,1.3478E+12,4.26685E-07
38537,1.3477E+12,4.26685E-07
38538,1.3477E+12,4.26685E-07
38539,1.3477E+12,4.26685E-07
38540,1.3477E+12,4.26685E-07
38541,1.3477E+12,4.26685E-07
38542,1.3477E+12,4.26685E-07
38543,1.3477E+12,4.26685E-07
38544,1.3477E+12,4.26685E-07
38545,1.3477E+12,4.2669E-07
38546,1.3477E+12,4.2669E-07
38547,1.3477E+12,4.2669E-07
38548,1.3476E+12,4.2669E-07
38549,1.3476E+12,4.2669E-07
38550,1.3476E+12,4.2669E-07
38551,1.3476E+12,4.2669E-07
38552,1.3476E+12,4.2669E-07
38553,1.3476E+12,4.2669E-07
38554,1.3476E+12,4.2669E-07
38555,1.3476E+12,4.2669E-07
38556,1.3476E+12,4.2669E-07
38557,1.3476E+12,4.2669E-07
38558,1.3476E+12,4.26695E-07
38559,1.3475E+12,4.26695E-07
38560,1.3475E+12,4.26695E-07
38561,1.3475E+12,4.26695E-07
38562,1.3475E+12,4.26695E-07
38563,1.3475E+12,4.26695E-07
38564,1.3475E+12,4.26695E-07
38565,1.3475E+12,4.26695E-07
38566,1.3475E+12,4.26695E-07
38567,1.3475E+12,4.26695E-07
38568,1.3475E+12,4.26695E-07
38569,1.3475E+12,4.26695E-07
38570,1.3474E+12,4.26695E-07
38571,1.3474E+12,4.267E-07
38572,1.3474E+12,4.267E-07
38573,1.3474E+12,4.267E-07
38574,1.3474E+12,4.267E-07
38575,1.3474E+12,4.267E-07
38576,1.3474E+12,4.267E-07
38577,1.3474E+12,4.267E-07
38578,1.3474E+12,4.267E-07
38579,1.3474E+12,4.267E-07
38580,1.3474E+12,4.267E-07
38581,1.3473E+12,4.267E-07
38582,1.3473E+12,4.267E-07
38583,1.3473E+12,4.267E-07
38584,1.3473E+12,4.26705E-07
38585,1.3473E+12,4.26705E-07
38586,1.3473E+12,4.26705E-07
38587,1.3473E+12,4.26705E-07
38588,1.3473E+12,4.26705E-07
38589,1.3473E+12,4.26705E-07
38590,1.3473E+12,4.26705E-07
38591,1.3473E+12,4.26705E-07
38592,1.3473E+12,4.26705E-07
38593,1.3472E+12,4.26705E-07
38594,1.3472E+12,4.26705E-07
38595,1.3472E+12,4.26705E-07
38596,1.3472E+12,4.26705E-07
38597,1.3472E+12,4.2671E-07
38598,1.3472E+12,4.2671E-07
38599,1.3472E+12,4.2671E-07
38600,1.3472E+12,4.2671E-07
38601,1.3472E+12,4.2671E-07
38602,1.3472E+12,4.2671E-07
38603,1.3472E+12,4.2671E-07
38604,1.3471E+12,4.2671E-07
38605,1.3471E+12,4.2671E-07
38606,1.3471E+12,4.2671E-07
38607,1.3471E+12,4.2671E-07
38608,1.3471E+12,4.2671E-07
38609,1.3471E+12,4.2671E-07
38610,1.3471E+12,4.26715E-07
38611,1.3471E+12,4.26715E-07
38612,1.3471E+12,4.26715E-07
38613,1.3471E+12,4.26715E-07
38614,1.3471E+12,4.26715E-07
38615,1.347E+12,4.26715E-07
38616,1.347E+12,4.26715E-07
38617,1.347E+12,4.26715E-07
38618,1.347E+12,4.26715E-07
38619,1.347E+12,4.26715E-07
38620,1.347E+12,4.26715E-07
38621,1.347E+12,4.26715E-07
38622,1.347E+12,4.26715E-07
38623,1.347E+12,4.2672E-07
38624,1.347E+12,4.2672E-07
38625,1.347E+12,4.2672E-07
38626,1.3469E+12,4.2672E-07
38627,1.3469E+12,4.2672E-07
38628,1.3469E+12,4.2672E-07
38629,1.3469E+12,4.2672E-07
38630,1.3469E+12,4.2672E-07
38631,1.3469E+12,4.2672E-07
38632,1.3469E+12,4.2672E-07
38633,1.3469E+12,4.2672E-07
38634,1.3469E+12,4.2672E-07
38635,1.3469E+12,4.2672E-07
38636,1.3469E+12,4.26725E-07
38637,1.3469E+12,4.26725E-07
38638,1.3468E+12,4.26725E-07
38639,1.3468E+12,4.26725E-07
38640,1.3468E+12,4.26725E-07
38641,1.3468E+12,4.26725E-07
38642,1.3468E+12,4.26725E-07
38643,1.3468E+12,4.26725E-07
38644,1.3468E+12,4.26725E-07
38645,1.3468E+12,4.26725E-07
38646,1.3468E+12,4.26725E-07
38647,1.3468E+12,4.26725E-07
38648,1.3468E+12,4.26725E-07
38649,1.3467E+12,4.2673E-07
38650,1.3467E+12,4.2673E-07
38651,1.3467E+12,4.2673E-07
38652,1.3467E+12,4.2673E-07
38653,1.3467E+12,4.2673E-07
38654,1.3467E+12,4.2673E-07
38655,1.3467E+12,4.2673E-07
38656,1.3467E+12,4.2673E-07
38657,1.3467E+12,4.2673E-07
38658,1.3467E+12,4.2673E-07
38659,1.3467E+12,4.2673E-07
38660,1.3466E+12,4.2673E-07
38661,1.3466E+12,4.2673E-07
38662,1.3466E+12,4.26735E-07
38663,1.3466E+12,4.26735E-07
38664,1.3466E+12,4.26735E-07
38665,1.3466E+12,4.26735E-07
38666,1.3466E+12,4.26735E-07
38667,1.3466E+12,4.26735E-07
38668,1.3466E+12,4.26735E-07
38669,1.3466E+12,4.26735E-07
38670,1.3466E+12,4.26735E-07
38671,1.3465E+12,4.26735E-07
38672,1.3465E+12,4.26735E-07
38673,1.3465E+12,4.26735E-07
38674,1.3465E+12,4.26735E-07
38675,1.3465E+12,4.2674E-07
38676,1.3465E+12,4.2674E-07
38677,1.3465E+12,4.2674E-07
38678,1.3465E+12,4.2674E-07
38679,1.3465E+12,4.2674E-07
38680,1.3465E+12,4.2674E-07
38681,1.3465E+12,4.2674E-07
38682,1.3465E+12,4.2674E-07
38683,1.3464E+12,4.2674E-07
38684,1.3464E+12,4.2674E-07
38685,1.3464E+12,4.2674E-07
38686,1.3464E+12,4.2674E-07
38687,1.3464E+12,4.26745E-07
38688,1.3464E+12,4.26745E-07
38689,1.3464E+12,4.26745E-07
38690,1.3464E+12,4.26745E-07
38691,1.3464E+12,4.26745E-07
38692,1.3464E+12,4.26745E-07
38693,1.3464E+12,4.26745E-07
38694,1.3463E+12,4.26745E-07
38695,1.3463E+12,4.26745E-07
38696,1.3463E+12,4.26745E-07
38697,1.3463E+12,4.26745E-07
38698,1.3463E+12,4.26745E-07
38699,1.3463E+12,4.26745E-07
38700,1.3463E+12,4.2675E-07
38701,1.3463E+12,4.2675E-07
38702,1.3463E+12,4.2675E-07
38703,1.3463E+12,4.2675E-07
38704,1.3463E+12,4.2675E-07
38705,1.3462E+12,4.2675E-07
38706,1.3462E+12,4.2675E-07
38707,1.3462E+12,4.2675E-07
38708,1.3462E+12,4.2675E-07
38709,1.3462E+12,4.2675E-07
38710,1.3462E+12,4.2675E-07
38711,1.3462E+12,4.2675E-07
38712,1.3462E+12,4.2675E-07
38713,1.3462E+12,4.26755E-07
38714,1.3462E+12,4.26755E-07
38715,1.3462E+12,4.26755E-07
38716,1.3461E+12,4.26755E-07
38717,1.3461E+12,4.26755E-07
38718,1.3461E+12,4.26755E-07
38719,1.3461E+12,4.26755E-07
38720,1.3461E+12,4.26755E-07
38721,1.3461E+12,4.26755E-07
38722,1.3461E+12,4.26755E-07
38723,1.3461E+12,4.26755E-07
38724,1.3461E+12,4.26755E-07
38725,1.3461E+12,4.26755E-07
38726,1.3461E+12,4.2676E-07
38727,1.3461E+12,4.2676E-07
38728,1.346E+12,4.2676E-07
38729,1.346E+12,4.2676E-07
38730,1.346E+12,4.2676E-07
38731,1.346E+12,4.2676E-07
38732,1.346E+12,4.2676E-07
38733,1.346E+12,4.2676E-07
38734,1.346E+12,4.2676E-07
38735,1.346E+12,4.2676E-07
38736,1.346E+12,4.2676E-07
38737,1.346E+12,4.2676E-07
38738,1.346E+12,4.2676E-07
38739,1.3459E+12,4.26765E-07
38740,1.3459E+12,4.26765E-07
38741,1.3459E+12,4.26765E-07
38742,1.3459E+12,4.26765E-07
38743,1.3459E+12,4.26765E-07
38744,1.3459E+12,4.26765E-07
38745,1.3459E+12,4.26765E-07
38746,1.3459E+12,4.26765E-07
38747,1.3459E+12,4.26765E-07
38748,1.3459E+12,4.26765E-07
38749,1.3459E+12,4.26765E-07
38750,1.3458E+12,4.26765E-07
38751,1.3458E+12,4.26765E-07
38752,1.3458E+12,4.2677E-07
38753,1.3458E+12,4.2677E-07
38754,1.3458E+12,4.2677E-07
38755,1.3458E+12,4.2677E-07
38756,1.3458E+12,4.2677E-07
38757,1.3458E+12,4.2677E-07
38758,1.3458E+12,4.2677E-07
38759,1.3458E+12,4.2677E-07
38760,1.3458E+12,4.2677E-07
38761,1.3457E+12,4.2677E-07
38762,1.3457E+12,4.2677E-07
38763,1.3457E+12,4.2677E-07
38764,1.3457E+12,4.2677E-07
38765,1.3457E+12,4.26775E-07
38766,1.3457E+12,4.26775E-07
38767,1.3457E+12,4.26775E-07
38768,1.3457E+12,4.26775E-07
38769,1.3457E+12,4.26775E-07
38770,1.3457E+12,4.26775E-07
38771,1.3457E+12,4.26775E-07
38772,1.3457E+12,4.26775E-07
38773,1.3456E+12,4.26775E-07
38774,1.3456E+12,4.26775E-07
38775,1.3456E+12,4.26775E-07
38776,1.3456E+12,4.26775E-07
38777,1.3456E+12,4.26775E-07
38778,1.3456E+12,4.2678E-07
38779,1.3456E+12,4.2678E-07
38780,1.3456E+12,4.2678E-07
38781,1.3456E+12,4.2678E-07
38782,1.3456E+12,4.2678E-07
38783,1.3456E+12,4.2678E-07
38784,1.3455E+12,4.2678E-07
38785,1.3455E+12,4.2678E-07
38786,1.3455E+12,4.2678E-07
38787,1.3455E+12,4.2678E-07
38788,1.3455E+12,4.2678E-07
38789,1.3455E+12,4.2678E-07
38790,1.3455E+12,4.2678E-07
38791,1.3455E+12,4.26785E-07
38792,1.3455E+12,4.26785E-07
38793,1.3455E+12,4.26785E-07
38794,1.3455E+12,4.26785E-07
38795,1.3454E+12,4.26785E-07
38796,1.3454E+12,4.26785E-07
38797,1.3454E+12,4.26785E-07
38798,1.3454E+12,4.26785E-07
38799,1.3454E+12,4.26785E-07
38800,1.3454E+12,4.26785E-07
38801,1.3454E+12,4.26785E-07
38802,1.3454E+12,4.26785E-07
38803,1.3454E+12,4.26785E-07
38804,1.3454E+12,4.2679E-07
38805,1.3454E+12,4.2679E-07
38806,1.3454E+12,4.2679E-07
38807,1.3453E+12,4.2679E-07
38808,1.3453E+12,4.2679E-07
38809,1.3453E+12,4.2679E-07
38810,1.3453E+12,4.2679E-07
38811,1.3453E+12,4.2679E-07
38812,1.3453E+12,4.2679E-07
38813,1.3453E+12,4.2679E-07
38814,1.3453E+12,4.2679E-07
38815,1.3453E+12,4.2679E-07
38816,1.3453E+12,4.2679E-07
38817,1.3453E+12,4.26795E-07
38818,1.3452E+12,4.26795E-07
38819,1.3452E+12,4.26795E-07
38820,1.3452E+12,4.26795E-07
38821,1.3452E+12,4.26795E-07
38822,1.3452E+12,4.26795E-07
38823,1.3452E+12,4.26795E-07
38824,1.3452E+12,4.26795E-07
38825,1.3452E+12,4.26795E-07
38826,1.3452E+12,4.26795E-07
38827,1.3452E+12,4.26795E-07
38828,1.3452E+12,4.26795E-07
38829,1.3451E+12,4.26795E-07
38830,1.3451E+12,4.268E-07
38831,1.3451E+12,4.268E-07
38832,1.3451E+12,4.268E-07
38833,1.3451E+12,4.268E-07
38834,1.3451E+12,4.268E-07
38835,1.3451E+12,4.268E-07
38836,1.3451E+12,4.268E-07
38837,1.3451E+12,4.268E-07
38838,1.3451E+12,4.268E-07
38839,1.3451E+12,4.268E-07
38840,1.345E+12,4.268E-07
38841,1.345E+12,4.268E-07
38842,1.345E+12,4.268E-07
38843,1.345E+12,4.26805E-07
38844,1.345E+12,4.26805E-07
38845,1.345E+12,4.26805E-07
38846,1.345E+12,4.26805E-07
38847,1.345E+12,4.26805E-07
38848,1.345E+12,4.26805E-07
38849,1.345E+12,4.26805E-07
38850,1.345E+12,4.26805E-07
38851,1.345E+12,4.26805E-07
38852,1.3449E+12,4.26805E-07
38853,1.3449E+12,4.26805E-07
38854,1.3449E+12,4.26805E-07
38855,1.3449E+12,4.26805E-07
38856,1.3449E+12,4.2681E-07
38857,1.3449E+12,4.2681E-07
38858,1.3449E+12,4.2681E-07
38859,1.3449E+12,4.2681E-07
38860,1.3449E+12,4.2681E-07
38861,1.3449E+12,4.2681E-07
38862,1.3449E+12,4.2681E-07
38863,1.3448E+12,4.2681E-07
38864,1.3448E+12,4.2681E-07
38865,1.3448E+12,4.2681E-07
38866,1.3448E+12,4.2681E-07
38867,1.3448E+12,4.2681E-07
38868,1.3448E+12,4.2681E-07
38869,1.3448E+12,4.26815E-07
38870,1.3448E+12,4.26815E-07
38871,1.3448E+12,4.26815E-07
38872,1.3448E+12,4.26815E-07
38873,1.3448E+12,4.26815E-07
38874,1.3447E+12,4.26815E-07
38875,1.3447E+12,4.26815E-07
38876,1.3447E+12,4.26815E-07
38877,1.3447E+12,4.26815E-07
38878,1.3447E+12,4.26815E-07
38879,1.3447E+12,4.26815E-07
38880,1.3447E+12,4.26815E-07
38881,1.3447E+12,4.26815E-07
38882,1.3447E+12,4.2682E-07
38883,1.3447E+12,4.2682E-07
38884,1.3447E+12,4.2682E-07
38885,1.3447E+12,4.2682E-07
38886,1.3446E+12,4.2682E-07
38887,1.3446E+12,4.2682E-07
38888,1.3446E+12,4.2682E-07
38889,1.3446E+12,4.2682E-07
38890,1.3446E+12,4.2682E-07
38891,1.3446E+12,4.2682E-07
38892,1.3446E+12,4.2682E-07
38893,1.3446E+12,4.2682E-07
38894,1.3446E+12,4.2682E-07
38895,1.3446E+12,4.26825E-07
38896,1.3446E+12,4.26825E-07
38897,1.3445E+12,4.26825E-07
38898,1.3445E+12,4.26825E-07
38899,1.3445E+12,4.26825E-07
38900,1.3445E+12,4.26825E-07
38901,1.3445E+12,4.26825E-07
38902,1.3445E+12,4.26825E-07
38903,1.3445E+12,4.26825E-07
38904,1.3445E+12,4.26825E-07
38905,1.3445E+12,4.26825E-07
38906,1.3445E+12,4.26825E-07
38907,1.3445E+12,4.26825E-07
38908,1.3444E+12,4.2683E-07
38909,1.3444E+12,4.2683E-07
38910,1.3444E+12,4.2683E-07
38911,1.3444E+12,4.2683E-07
38912,1.3444E+12,4.2683E-07
38913,1.3444E+12,4.2683E-07
38914,1.3444E+12,4.2683E-07
38915,1.3444E+12,4.2683E-07
38916,1.3444E+12,4.2683E-07
38917,1.3444E+12,4.2683E-07
38918,1.3444E+12,4.2683E-07
38919,1.3444E+12,4.2683E-07
38920,1.3443E+12,4.2683E-07
38921,1.3443E+12,4.26835E-07
38922,1.3443E+12,4.26835E-07
38923,1.3443E+12,4.26835E-07
38924,1.3443E+12,4.26835E-07
38925,1.3443E+12,4.26835E-07
38926,1.3443E+12,4.26835E-07
38927,1.3443E+12,4.26835E-07
38928,1.3443E+12,4.26835E-07
38929,1.3443E+12,4.26835E-07
38930,1.3443E+12,4.26835E-07
38931,1.3442E+12,4.26835E-07
38932,1.3442E+12,4.26835E-07
38933,1.3442E+12,4.26835E-07
38934,1.3442E+12,4.2684E-07
38935,1.3442E+12,4.2684E-07
38936,1.3442E+12,4.2684E-07
38937,1.3442E+12,4.2684E-07
38938,1.3442E+12,4.2684E-07
38939,1.3442E+12,4.2684E-07
38940,1.3442E+12,4.2684E-07
38941,1.3442E+12,4.2684E-07
38942,1.3441E+12,4.2684E-07
38943,1.3441E+12,4.2684E-07
38944,1.3441E+12,4.2684E-07
38945,1.3441E+12,4.2684E-07
38946,1.3441E+12,4.2684E-07
38947,1.3441E+12,4.2684E-07
38948,1.3441E+12,4.26845E-07
38949,1.3441E+12,4.26845E-07
38950,1.3441E+12,4.26845E-07
38951,1.3441E+12,4.26845E-07
38952,1.3441E+12,4.26845E-07
38953,1.3441E+12,4.26845E-07
38954,1.344E+12,4.26845E-07
38955,1.344E+12,4.26845E-07
38956,1.344E+12,4.26845E-07
38957,1.344E+12,4.26845E-07
38958,1.344E+12,4.26845E-07
38959,1.344E+12,4.26845E-07
38960,1.344E+12,4.26845E-07
38961,1.344E+12,4.2685E-07
38962,1.344E+12,4.2685E-07
38963,1.344E+12,4.2685E-07
38964,1.344E+12,4.2685E-07
38965,1.3439E+12,4.2685E-07
38966,1.3439E+12,4.2685E-07
38967,1.3439E+12,4.2685E-07
38968,1.3439E+12,4.2685E-07
38969,1.3439E+12,4.2685E-07
38970,1.3439E+12,4.2685E-07
38971,1.3439E+12,4.2685E-07
38972,1.3439E+12,4.2685E-07
38973,1.3439E+12,4.2685E-07
38974,1.3439E+12,4.26855E-07
38975,1.3439E+12,4.26855E-07
38976,1.3438E+12,4.26855E-07
38977,1.3438E+12,4.26855E-07
38978,1.3438E+12,4.26855E-07
38979,1.3438E+12,4.26855E-07
38980,1.3438E+12,4.26855E-07
38981,1.3438E+12,4.26855E-07
38982,1.3438E+12,4.26855E-07
38983,1.3438E+12,4.26855E-07
38984,1.3438E+12,4.26855E-07
38985,1.3438E+12,4.26855E-07
38986,1.3438E+12,4.26855E-07
38987,1.3438E+12,4.2686E-07
38988,1.3437E+12,4.2686E-07
38989,1.3437E+12,4.2686E-07
38990,1.3437E+12,4.2686E-07
38991,1.3437E+12,4.2686E-07
38992,1.3437E+12,4.2686E-07
38993,1.3437E+12,4.2686E-07
38994,1.3437E+12,4.2686E-07
38995,1.3437E+12,4.2686E-07
38996,1.3437E+12,4.2686E-07
38997,1.3437E+12,4.2686E-07
38998,1.3437E+12,4.2686E-07
38999,1.3436E+12,4.2686E-07
39000,1.3436E+12,4.26865E-07
39001,1.3436E+12,4.26865E-07
39002,1.3436E+12,4.26865E-07
39003,1.3436E+12,4.26865E-07
39004,1.3436E+12,4.26865E-07
39005,1.3436E+12,4.26865E-07
39006,1.3436E+12,4.26865E-07
39007,1.3436E+12,4.26865E-07
39008,1.3436E+12,4.26865E-07
39009,1.3436E+12,4.26865E-07
39010,1.3436E+12,4.26865E-07
39011,1.3435E+12,4.26865E-07
39012,1.3435E+12,4.26865E-07
39013,1.3435E+12,4.2687E-07
39014,1.3435E+12,4.2687E-07
39015,1.3435E+12,4.2687E-07
39016,1.3435E+12,4.2687E-07
39017,1.3435E+12,4.2687E-07
39018,1.3435E+12,4.2687E-07
39019,1.3435E+12,4.2687E-07
39020,1.3435E+12,4.2687E-07
39021,1.3435E+12,4.2687E-07
39022,1.3434E+12,4.2687E-07
39023,1.3434E+12,4.2687E-07
39024,1.3434E+12,4.2687E-07
39025,1.3434E+12,4.2687E-07
39026,1.3434E+12,4.26875E-07
39027,1.3434E+12,4.26875E-07
39028,1.3434E+12,4.26875E-07
39029,1.3434E+12,4.26875E-07
39030,1.3434E+12,4.26875E-07
39031,1.3434E+12,4.26875E-07
39032,1.3434E+12,4.26875E-07
39033,1.3433E+12,4.26875E-07
39034,1.3433E+12,4.26875E-07
39035,1.3433E+12,4.26875E-07
39036,1.3433E+12,4.26875E-07
39037,1.3433E+12,4.26875E-07
39038,1.3433E+12,4.26875E-07
39039,1.3433E+12,4.2688E-07
39040,1.3433E+12,4.2688E-07
39041,1.3433E+12,4.2688E-07
39042,1.3433E+12,4.2688E-07
39043,1.3433E+12,4.2688E-07
39044,1.3433E+12,4.2688E-07
39045,1.3432E+12,4.2688E-07
39046,1.3432E+12,4.2688E-07
39047,1.3432E+12,4.2688E-07
39048,1.3432E+12,4.2688E-07
39049,1.3432E+12,4.2688E-07
39050,1.3432E+12,4.2688E-07
39051,1.3432E+12,4.2688E-07
39052,1.3432E+12,4.26885E-07
39053,1.3432E+12,4.26885E-07
39054,1.3432E+12,4.26885E-07
39055,1.3432E+12,4.26885E-07
39056,1.3431E+12,4.26885E-07
39057,1.3431E+12,4.26885E-07
39058,1.3431E+12,4.26885E-07
39059,1.3431E+12,4.26885E-07
39060,1.3431E+12,4.26885E-07
39061,1.3431E+12,4.26885E-07
39062,1.3431E+12,4.26885E-07
39063,1.3431E+12,4.26885E-07
39064,1.3431E+12,4.26885E-07
39065,1.3431E+12,4.2689E-07
39066,1.3431E+12,4.2689E-07
39067,1.343E+12,4.2689E-07
39068,1.343E+12,4.2689E-07
39069,1.343E+12,4.2689E-07
39070,1.343E+12,4.2689E-07
39071,1.343E+12,4.2689E-07
39072,1.343E+12,4.2689E-07
39073,1.343E+12,4.2689E-07
39074,1.343E+12,4.2689E-07
39075,1.343E+12,4.2689E-07
39076,1.343E+12,4.2689E-07
39077,1.343E+12,4.2689E-07
39078,1.343E+12,4.26895E-07
39079,1.3429E+12,4.26895E-07
39080,1.3429E+12,4.26895E-07
39081,1.3429E+12,4.26895E-07
39082,1.3429E+12,4.26895E-07
39083,1.3429E+12,4.26895E-07
39084,1.3429E+12,4.26895E-07
39085,1.3429E+12,4.26895E-07
39086,1.3429E+12,4.26895E-07
39087,1.3429E+12,4.26895E-07
39088,1.3429E+12,4.26895E-07
39089,1.3429E+12,4.26895E-07
39090,1.3428E+12,4.26895E-07
39091,1.3428E+12,4.269E-07
39092,1.3428E+12,4.269E-07
39093,1.3428E+12,4.269E-07
39094,1.3428E+12,4.269E-07
39095,1.3428E+12,4.269E-07
39096,1.3428E+12,4.269E-07
39097,1.3428E+12,4.269E-07
39098,1.3428E+12,4.269E-07
39099,1.3428E+12,4.269E-07
39100,1.3428E+12,4.269E-07
39101,1.3428E+12,4.269E-07
39102,1.3427E+12,4.269E-07
39103,1.3427E+12,4.269E-07
39104,1.3427E+12,4.26905E-07
39105,1.3427E+12,4.26905E-07
39106,1.3427E+12,4.26905E-07
39107,1.3427E+12,4.26905E-07
39108,1.3427E+12,4.26905E-07
39109,1.3427E+12,4.26905E-07
39110,1.3427E+12,4.26905E-07
39111,1.3427E+12,4.26905E-07
39112,1.3427E+12,4.26905E-07
39113,1.3426E+12,4.26905E-07
39114,1.3426E+12,4.26905E-07
39115,1.3426E+12,4.26905E-07
39116,1.3426E+12,4.26905E-07
39117,1.3426E+12,4.26905E-07
39118,1.3426E+12,4.2691E-07
39119,1.3426E+12,4.2691E-07
39120,1.3426E+12,4.2691E-07
39121,1.3426E+12,4.2691E-07
39122,1.3426E+12,4.2691E-07
39123,1.3426E+12,4.2691E-07
39124,1.3425E+12,4.2691E-07
39125,1.3425E+12,4.2691E-07
39126,1.3425E+12,4.2691E-07
39127,1.3425E+12,4.2691E-07
39128,1.3425E+12,4.2691E-07
39129,1.3425E+12,4.2691E-07
39130,1.3425E+12,4.2691E-07
39131,1.3425E+12,4.26915E-07
39132,1.3425E+12,4.26915E-07
39133,1.3425E+12,4.26915E-07
39134,1.3425E+12,4.26915E-07
39135,1.3425E+12,4.26915E-07
39136,1.3424E+12,4.26915E-07
39137,1.3424E+12,4.26915E-07
39138,1.3424E+12,4.26915E-07
39139,1.3424E+12,4.26915E-07
39140,1.3424E+12,4.26915E-07
39141,1.3424E+12,4.26915E-07
39142,1.3424E+12,4.26915E-07
39143,1.3424E+12,4.26915E-07
39144,1.3424E+12,4.2692E-07
39145,1.3424E+12,4.2692E-07
39146,1.3424E+12,4.2692E-07
39147,1.3423E+12,4.2692E-07
39148,1.3423E+12,4.2692E-07
39149,1.3423E+12,4.2692E-07
39150,1.3423E+12,4.2692E-07
39151,1.3423E+12,4.2692E-07
39152,1.3423E+12,4.2692E-07
39153,1.3423E+12,4.2692E-07
39154,1.3423E+12,4.2692E-07
39155,1.3423E+12,4.2692E-07
39156,1.3423E+12,4.2692E-07
39157,1.3423E+12,4.26925E-07
39158,1.3423E+12,4.26925E-07
39159,1.3422E+12,4.26925E-07
39160,1.3422E+12,4.26925E-07
39161,1.3422E+12,4.26925E-07
39162,1.3422E+12,4.26925E-07
39163,1.3422E+12,4.26925E-07
39164,1.3422E+12,4.26925E-07
39165,1.3422E+12,4.26925E-07
39166,1.3422E+12,4.26925E-07
39167,1.3422E+12,4.26925E-07
39168,1.3422E+12,4.26925E-07
39169,1.3422E+12,4.26925E-07
39170,1.3421E+12,4.2693E-07
39171,1.3421E+12,4.2693E-07
39172,1.3421E+12,4.2693E-07
39173,1.3421E+12,4.2693E-07
39174,1.3421E+12,4.2693E-07
39175,1.3421E+12,4.2693E-07
39176,1.3421E+12,4.2693E-07
39177,1.3421E+12,4.2693E-07
39178,1.3421E+12,4.2693E-07
39179,1.3421E+12,4.2693E-07
39180,1.3421E+12,4.2693E-07
39181,1.3421E+12,4.2693E-07
39182,1.342E+12,4.2693E-07
39183,1.342E+12,4.26935E-07
39184,1.342E+12,4.26935E-07
39185,1.342E+12,4.26935E-07
39186,1.342E+12,4.26935E-07
39187,1.342E+12,4.26935E-07
39188,1.342E+12,4.26935E-07
39189,1.342E+12,4.26935E-07
39190,1.342E+12,4.26935E-07
39191,1.342E+12,4.26935E-07
39192,1.342E+12,4.26935E-07
39193,1.3419E+12,4.26935E-07
39194,1.3419E+12,4.26935E-07
39195,1.3419E+12,4.26935E-07
39196,1.3419E+12,4.2694E-07
39197,1.3419E+12,4.2694E-07
39198,1.3419E+12,4.2694E-07
39199,1.3419E+12,4.2694E-07
39200,1.3419E+12,4.2694E-07
39201,1.3419E+12,4.2694E-07
39202,1.3419E+12,4.2694E-07
39203,1.3419E+12,4.2694E-07
39204,1.3418E+12,4.2694E-07
39205,1.3418E+12,4.2694E-07
39206,1.3418E+12,4.2694E-07
39207,1.3418E+12,4.2694E-07
39208,1.3418E+12,4.2694E-07
39209,1.3418E+12,4.2694E-07
39210,1.3418E+12,4.26945E-07
39211,1.3418E+12,4.26945E-07
39212,1.3418E+12,4.26945E-07
39213,1.3418E+12,4.26945E-07
39214,1.3418E+12,4.26945E-07
39215,1.3418E+12,4.26945E-07
39216,1.3417E+12,4.26945E-07
39217,1.3417E+12,4.26945E-07
39218,1.3417E+12,4.26945E-07
39219,1.3417E+12,4.26945E-07
39220,1.3417E+12,4.26945E-07
39221,1.3417E+12,4.26945E-07
39222,1.3417E+12,4.26945E-07
39223,1.3417E+12,4.2695E-07
39224,1.3417E+12,4.2695E-07
39225,1.3417E+12,4.2695E-07
39226,1.3417E+12,4.2695E-07
39227,1.3416E+12,4.2695E-07
39228,1.3416E+12,4.2695E-07
39229,1.3416E+12,4.2695E-07
39230,1.3416E+12,4.2695E-07
39231,1.3416E+12,4.2695E-07
39232,1.3416E+12,4.2695E-07
39233,1.3416E+12,4.2695E-07
39234,1.3416E+12,4.2695E-07
39235,1.3416E+12,4.2695E-07
39236,1.3416E+12,4.26955E-07
39237,1.3416E+12,4.26955E-07
39238,1.3416E+12,4.26955E-07
39239,1.3415E+12,4.26955E-07
39240,1.3415E+12,4.26955E-07
39241,1.3415E+12,4.26955E-07
39242,1.3415E+12,4.26955E-07
39243,1.3415E+12,4.26955E-07
39244,1.3415E+12,4.26955E-07
39245,1.3415E+12,4.26955E-07
39246,1.3415E+12,4.26955E-07
39247,1.3415E+12,4.26955E-07
39248,1.3415E+12,4.26955E-07
39249,1.3415E+12,4.2696E-07
39250,1.3414E+12,4.2696E-07
39251,1.3414E+12,4.2696E-07
39252,1.3414E+12,4.2696E-07
39253,1.3414E+12,4.2696E-07
39254,1.3414E+12,4.2696E-07
39255,1.3414E+12,4.2696E-07
39256,1.3414E+12,4.2696E-07
39257,1.3414E+12,4.2696E-07
39258,1.3414E+12,4.2696E-07
39259,1.3414E+12,4.2696E-07
39260,1.3414E+12,4.2696E-07
39261,1.3414E+12,4.2696E-07
39262,1.3413E+12,4.26965E-07
39263,1.3413E+12,4.26965E-07
39264,1.3413E+12,4.26965E-07
39265,1.3413E+12,4.26965E-07
39266,1.3413E+12,4.26965E-07
39267,1.3413E+12,4.26965E-07
39268,1.3413E+12,4.26965E-07
39269,1.3413E+12,4.26965E-07
39270,1.3413E+12,4.26965E-07
39271,1.3413E+12,4.26965E-07
39272,1.3413E+12,4.26965E-07
39273,1.3412E+12,4.26965E-07
39274,1.3412E+12,4.26965E-07
39275,1.3412E+12,4.2697E-07
39276,1.3412E+12,4.2697E-07
39277,1.3412E+12,4.2697E-07
39278,1.3412E+12,4.2697E-07
39279,1.3412E+12,4.2697E-07
39280,1.3412E+12,4.2697E-07
39281,1.3412E+12,4.2697E-07
39282,1.3412E+12,4.2697E-07
39283,1.3412E+12,4.2697E-07
39284,1.3412E+12,4.2697E-07
39285,1.3411E+12,4.2697E-07
39286,1.3411E+12,4.2697E-07
39287,1.3411E+12,4.2697E-07
39288,1.3411E+12,4.26975E-07
39289,1.3411E+12,4.26975E-07
39290,1.3411E+12,4.26975E-07
39291,1.3411E+12,4.26975E-07
39292,1.3411E+12,4.26975E-07
39293,1.3411E+12,4.26975E-07
39294,1.3411E+12,4.26975E-07
39295,1.3411E+12,4.26975E-07
39296,1.341E+12,4.26975E-07
39297,1.341E+12,4.26975E-07
39298,1.341E+12,4.26975E-07
39299,1.341E+12,4.26975E-07
39300,1.341E+12,4.26975E-07
39301,1.341E+12,4.26975E-07
39302,1.341E+12,4.2698E-07
39303,1.341E+12,4.2698E-07
39304,1.341E+12,4.2698E-07
39305,1.341E+12,4.2698E-07
39306,1.341E+12,4.2698E-07
39307,1.341E+12,4.2698E-07
39308,1.3409E+12,4.2698E-07
39309,1.3409E+12,4.2698E-07
39310,1.3409E+12,4.2698E-07
39311,1.3409E+12,4.2698E-07
39312,1.3409E+12,4.2698E-07
39313,1.3409E+12,4.2698E-07
39314,1.3409E+12,4.2698E-07
39315,1.3409E+12,4.26985E-07
39316,1.3409E+12,4.26985E-07
39317,1.3409E+12,4.26985E-07
39318,1.3409E+12,4.26985E-07
39319,1.3408E+12,4.26985E-07
39320,1.3408E+12,4.26985E-07
39321,1.3408E+12,4.26985E-07
39322,1.3408E+12,4.26985E-07
39323,1.3408E+12,4.26985E-07
39324,1.3408E+12,4.26985E-07
39325,1.3408E+12,4.26985E-07
39326,1.3408E+12,4.26985E-07
39327,1.3408E+12,4.26985E-07
39328,1.3408E+12,4.2699E-07
39329,1.3408E+12,4.2699E-07
39330,1.3408E+12,4.2699E-07
39331,1.3407E+12,4.2699E-07
39332,1.3407E+12,4.2699E-07
39333,1.3407E+12,4.2699E-07
39334,1.3407E+12,4.2699E-07
39335,1.3407E+12,4.2699E-07
39336,1.3407E+12,4.2699E-07
39337,1.3407E+12,4.2699E-07
39338,1.3407E+12,4.2699E-07
39339,1.3407E+12,4.2699E-07
39340,1.3407E+12,4.2699E-07
39341,1.3407E+12,4.26995E-07
39342,1.3406E+12,4.26995E-07
39343,1.3406E+12,4.26995E-07
39344,1.3406E+12,4.26995E-07
39345,1.3406E+12,4.26995E-07
39346,1.3406E+12,4.26995E-07
39347,1.3406E+12,4.26995E-07
39348,1.3406E+12,4.26995E-07
39349,1.3406E+12,4.26995E-07
39350,1.3406E+12,4.26995E-07
39351,1.3406E+12,4.26995E-07
39352,1.3406E+12,4.26995E-07
39353,1.3406E+12,4.26995E-07
39354,1.3405E+12,0.000000427
39355,1.3405E+12,0.000000427
39356,1.3405E+12,0.000000427
39357,1.3405E+12,0.000000427
39358,1.3405E+12,0.000000427
39359,1.3405E+12,0.000000427
39360,1.3405E+12,0.000000427
39361,1.3405E+12,0.000000427
39362,1.3405E+12,0.000000427
39363,1.3405E+12,0.000000427
39364,1.3405E+12,0.000000427
39365,1.3404E+12,0.000000427
39366,1.3404E+12,0.000000427
39367,1.3404E+12,0.000000427
39368,1.3404E+12,4.27005E-07
39369,1.3404E+12,4.27005E-07
39370,1.3404E+12,4.27005E-07
39371,1.3404E+12,4.27005E-07
39372,1.3404E+12,4.27005E-07
39373,1.3404E+12,4.27005E-07
39374,1.3404E+12,4.27005E-07
39375,1.3404E+12,4.27005E-07
39376,1.3404E+12,4.27005E-07
39377,1.3403E+12,4.27005E-07
39378,1.3403E+12,4.27005E-07
39379,1.3403E+12,4.27005E-07
39380,1.3403E+12,4.27005E-07
39381,1.3403E+12,4.2701E-07
39382,1.3403E+12,4.2701E-07
39383,1.3403E+12,4.2701E-07
39384,1.3403E+12,4.2701E-07
39385,1.3403E+12,4.2701E-07
39386,1.3403E+12,4.2701E-07
39387,1.3403E+12,4.2701E-07
39388,1.3402E+12,4.2701E-07
39389,1.3402E+12,4.2701E-07
39390,1.3402E+12,4.2701E-07
39391,1.3402E+12,4.2701E-07
39392,1.3402E+12,4.2701E-07
39393,1.3402E+12,4.2701E-07
39394,1.3402E+12,4.27015E-07
39395,1.3402E+12,4.27015E-07
39396,1.3402E+12,4.27015E-07
39397,1.3402E+12,4.27015E-07
39398,1.3402E+12,4.27015E-07
39399,1.3402E+12,4.27015E-07
39400,1.3401E+12,4.27015E-07
39401,1.3401E+12,4.27015E-07
39402,1.3401E+12,4.27015E-07
39403,1.3401E+12,4.27015E-07
39404,1.3401E+12,4.27015E-07
39405,1.3401E+12,4.27015E-07
39406,1.3401E+12,4.27015E-07
39407,1.3401E+12,4.2702E-07
39408,1.3401E+12,4.2702E-07
39409,1.3401E+12,4.2702E-07
39410,1.3401E+12,4.2702E-07
39411,1.34E+12,4.2702E-07
39412,1.34E+12,4.2702E-07
39413,1.34E+12,4.2702E-07
39414,1.34E+12,4.2702E-07
39415,1.34E+12,4.2702E-07
39416,1.34E+12,4.2702E-07
39417,1.34E+12,4.2702E-07
39418,1.34E+12,4.2702E-07
39419,1.34E+12,4.2702E-07
39420,1.34E+12,4.27025E-07
39421,1.34E+12,4.27025E-07
39422,1.34E+12,4.27025E-07
39423,1.3399E+12,4.27025E-07
39424,1.3399E+12,4.27025E-07
39425,1.3399E+12,4.27025E-07
39426,1.3399E+12,4.27025E-07
39427,1.3399E+12,4.27025E-07
39428,1.3399E+12,4.27025E-07
39429,1.3399E+12,4.27025E-07
39430,1.3399E+12,4.27025E-07
39431,1.3399E+12,4.27025E-07
39432,1.3399E+12,4.27025E-07
39433,1.3399E+12,4.27025E-07
39434,1.3398E+12,4.2703E-07
39435,1.3398E+12,4.2703E-07
39436,1.3398E+12,4.2703E-07
39437,1.3398E+12,4.2703E-07
39438,1.3398E+12,4.2703E-07
39439,1.3398E+12,4.2703E-07
39440,1.3398E+12,4.2703E-07
39441,1.3398E+12,4.2703E-07
39442,1.3398E+12,4.2703E-07
39443,1.3398E+12,4.2703E-07
39444,1.3398E+12,4.2703E-07
39445,1.3398E+12,4.2703E-07
39446,1.3397E+12,4.2703E-07
39447,1.3397E+12,4.27035E-07
39448,1.3397E+12,4.27035E-07
39449,1.3397E+12,4.27035E-07
39450,1.3397E+12,4.27035E-07
39451,1.3397E+12,4.27035E-07
39452,1.3397E+12,4.27035E-07
39453,1.3397E+12,4.27035E-07
39454,1.3397E+12,4.27035E-07
39455,1.3397E+12,4.27035E-07
39456,1.3397E+12,4.27035E-07
39457,1.3396E+12,4.27035E-07
39458,1.3396E+12,4.27035E-07
39459,1.3396E+12,4.27035E-07
39460,1.3396E+12,4.2704E-07
39461,1.3396E+12,4.2704E-07
39462,1.3396E+12,4.2704E-07
39463,1.3396E+12,4.2704E-07
39464,1.3396E+12,4.2704E-07
39465,1.3396E+12,4.2704E-07
39466,1.3396E+12,4.2704E-07
39467,1.3396E+12,4.2704E-07
39468,1.3396E+12,4.2704E-07
39469,1.3395E+12,4.2704E-07
39470,1.3395E+12,4.2704E-07
39471,1.3395E+12,4.2704E-07
39472,1.3395E+12,4.2704E-07
39473,1.3395E+12,4.27045E-07
39474,1.3395E+12,4.27045E-07
39475,1.3395E+12,4.27045E-07
39476,1.3395E+12,4.27045E-07
39477,1.3395E+12,4.27045E-07
39478,1.3395E+12,4.27045E-07
39479,1.3395E+12,4.27045E-07
39480,1.3394E+12,4.27045E-07
39481,1.3394E+12,4.27045E-07
39482,1.3394E+12,4.27045E-07
39483,1.3394E+12,4.27045E-07
39484,1.3394E+12,4.27045E-07
39485,1.3394E+12,4.27045E-07
39486,1.3394E+12,4.27045E-07
39487,1.3394E+12,4.2705E-07
39488,1.3394E+12,4.2705E-07
39489,1.3394E+12,4.2705E-07
39490,1.3394E+12,4.2705E-07
39491,1.3394E+12,4.2705E-07
39492,1.3393E+12,4.2705E-07
39493,1.3393E+12,4.2705E-07
39494,1.3393E+12,4.2705E-07
39495,1.3393E+12,4.2705E-07
39496,1.3393E+12,4.2705E-07
39497,1.3393E+12,4.2705E-07
39498,1.3393E+12,4.2705E-07
39499,1.3393E+12,4.2705E-07
39500,1.3393E+12,4.27055E-07
39501,1.3393E+12,4.27055E-07
39502,1.3393E+12,4.27055E-07
39503,1.3392E+12,4.27055E-07
39504,1.3392E+12,4.27055E-07
39505,1.3392E+12,4.27055E-07
39506,1.3392E+12,4.27055E-07
39507,1.3392E+12,4.27055E-07
39508,1.3392E+12,4.27055E-07
39509,1.3392E+12,4.27055E-07
39510,1.3392E+12,4.27055E-07
39511,1.3392E+12,4.27055E-07
39512,1.3392E+12,4.27055E-07
39513,1.3392E+12,4.2706E-07
39514,1.3392E+12,4.2706E-07
39515,1.3391E+12,4.2706E-07
39516,1.3391E+12,4.2706E-07
39517,1.3391E+12,4.2706E-07
39518,1.3391E+12,4.2706E-07
39519,1.3391E+12,4.2706E-07
39520,1.3391E+12,4.2706E-07
39521,1.3391E+12,4.2706E-07
39522,1.3391E+12,4.2706E-07
39523,1.3391E+12,4.2706E-07
39524,1.3391E+12,4.2706E-07
39525,1.3391E+12,4.2706E-07
39526,1.3391E+12,4.27065E-07
39527,1.339E+12,4.27065E-07
39528,1.339E+12,4.27065E-07
39529,1.339E+12,4.27065E-07
39530,1.339E+12,4.27065E-07
39531,1.339E+12,4.27065E-07
39532,1.339E+12,4.27065E-07
39533,1.339E+12,4.27065E-07
39534,1.339E+12,4.27065E-07
39535,1.339E+12,4.27065E-07
39536,1.339E+12,4.27065E-07
39537,1.339E+12,4.27065E-07
39538,1.3389E+12,4.27065E-07
39539,1.3389E+12,4.27065E-07
39540,1.3389E+12,4.2707E-07
39541,1.3389E+12,4.2707E-07
39542,1.3389E+12,4.2707E-07
39543,1.3389E+12,4.2707E-07
39544,1.3389E+12,4.2707E-07
39545,1.3389E+12,4.2707E-07
39546,1.3389E+12,4.2707E-07
39547,1.3389E+12,4.2707E-07
39548,1.3389E+12,4.2707E-07
39549,1.3389E+12,4.2707E-07
39550,1.3388E+12,4.2707E-07
39551,1.3388E+12,4.2707E-07
39552,1.3388E+12,4.2707E-07
39553,1.3388E+12,4.27075E-07
39554,1.3388E+12,4.27075E-07
39555,1.3388E+12,4.27075E-07
39556,1.3388E+12,4.27075E-07
39557,1.3388E+12,4.27075E-07
39558,1.3388E+12,4.27075E-07
39559,1.3388E+12,4.27075E-07
39560,1.3388E+12,4.27075E-07
39561,1.3387E+12,4.27075E-07
39562,1.3387E+12,4.27075E-07
39563,1.3387E+12,4.27075E-07
39564,1.3387E+12,4.27075E-07
39565,1.3387E+12,4.27075E-07
39566,1.3387E+12,4.2708E-07
39567,1.3387E+12,4.2708E-07
39568,1.3387E+12,4.2708E-07
39569,1.3387E+12,4.2708E-07
39570,1.3387E+12,4.2708E-07
39571,1.3387E+12,4.2708E-07
39572,1.3387E+12,4.2708E-07
39573,1.3386E+12,4.2708E-07
39574,1.3386E+12,4.2708E-07
39575,1.3386E+12,4.2708E-07
39576,1.3386E+12,4.2708E-07
39577,1.3386E+12,4.2708E-07
39578,1.3386E+12,4.2708E-07
39579,1.3386E+12,4.27085E-07
39580,1.3386E+12,4.27085E-07
39581,1.3386E+12,4.27085E-07
39582,1.3386E+12,4.27085E-07
39583,1.3386E+12,4.27085E-07
39584,1.3385E+12,4.27085E-07
39585,1.3385E+12,4.27085E-07
39586,1.3385E+12,4.27085E-07
39587,1.3385E+12,4.27085E-07
39588,1.3385E+12,4.27085E-07
39589,1.3385E+12,4.27085E-07
39590,1.3385E+12,4.27085E-07
39591,1.3385E+12,4.27085E-07
39592,1.3385E+12,4.27085E-07
39593,1.3385E+12,4.2709E-07
39594,1.3385E+12,4.2709E-07
39595,1.3385E+12,4.2709E-07
39596,1.3384E+12,4.2709E-07
39597,1.3384E+12,4.2709E-07
39598,1.3384E+12,4.2709E-07
39599,1.3384E+12,4.2709E-07
39600,1.3384E+12,4.2709E-07
39601,1.3384E+12,4.2709E-07
39602,1.3384E+12,4.2709E-07
39603,1.3384E+12,4.2709E-07
39604,1.3384E+12,4.2709E-07
39605,1.3384E+12,4.2709E-07
39606,1.3384E+12,4.27095E-07
39607,1.3384E+12,4.27095E-07
39608,1.3383E+12,4.27095E-07
39609,1.3383E+12,4.27095E-07
39610,1.3383E+12,4.27095E-07
39611,1.3383E+12,4.27095E-07
39612,1.3383E+12,4.27095E-07
39613,1.3383E+12,4.27095E-07
39614,1.3383E+12,4.27095E-07
39615,1.3383E+12,4.27095E-07
39616,1.3383E+12,4.27095E-07
39617,1.3383E+12,4.27095E-07
39618,1.3383E+12,4.27095E-07
39619,1.3382E+12,4.271E-07
39620,1.3382E+12,4.271E-07
39621,1.3382E+12,4.271E-07
39622,1.3382E+12,4.271E-07
39623,1.3382E+12,4.271E-07
39624,1.3382E+12,4.271E-07
39625,1.3382E+12,4.271E-07
39626,1.3382E+12,4.271E-07
39627,1.3382E+12,4.271E-07
39628,1.3382E+12,4.271E-07
39629,1.3382E+12,4.271E-07
39630,1.3382E+12,4.271E-07
39631,1.3381E+12,4.271E-07
39632,1.3381E+12,4.271E-07
39633,1.3381E+12,4.27105E-07
39634,1.3381E+12,4.27105E-07
39635,1.3381E+12,4.27105E-07
39636,1.3381E+12,4.27105E-07
39637,1.3381E+12,4.27105E-07
39638,1.3381E+12,4.27105E-07
39639,1.3381E+12,4.27105E-07
39640,1.3381E+12,4.27105E-07
39641,1.3381E+12,4.27105E-07
39642,1.338E+12,4.27105E-07
39643,1.338E+12,4.27105E-07
39644,1.338E+12,4.27105E-07
39645,1.338E+12,4.27105E-07
39646,1.338E+12,4.2711E-07
39647,1.338E+12,4.2711E-07
39648,1.338E+12,4.2711E-07
39649,1.338E+12,4.2711E-07
39650,1.338E+12,4.2711E-07
39651,1.338E+12,4.2711E-07
39652,1.338E+12,4.2711E-07
39653,1.338E+12,4.2711E-07
39654,1.3379E+12,4.2711E-07
39655,1.3379E+12,4.2711E-07
39656,1.3379E+12,4.2711E-07
39657,1.3379E+12,4.2711E-07
39658,1.3379E+12,4.2711E-07
39659,1.3379E+12,4.27115E-07
39660,1.3379E+12,4.27115E-07
39661,1.3379E+12,4.27115E-07
39662,1.3379E+12,4.27115E-07
39663,1.3379E+12,4.27115E-07
39664,1.3379E+12,4.27115E-07
39665,1.3379E+12,4.27115E-07
39666,1.3378E+12,4.27115E-07
39667,1.3378E+12,4.27115E-07
39668,1.3378E+12,4.27115E-07
39669,1.3378E+12,4.27115E-07
39670,1.3378E+12,4.27115E-07
39671,1.3378E+12,4.27115E-07
39672,1.3378E+12,4.27115E-07
39673,1.3378E+12,4.2712E-07
39674,1.3378E+12,4.2712E-07
39675,1.3378E+12,4.2712E-07
39676,1.3378E+12,4.2712E-07
39677,1.3377E+12,4.2712E-07
39678,1.3377E+12,4.2712E-07
39679,1.3377E+12,4.2712E-07
39680,1.3377E+12,4.2712E-07
39681,1.3377E+12,4.2712E-07
39682,1.3377E+12,4.2712E-07
39683,1.3377E+12,4.2712E-07
39684,1.3377E+12,4.2712E-07
39685,1.3377E+12,4.2712E-07
39686,1.3377E+12,4.27125E-07
39687,1.3377E+12,4.27125E-07
39688,1.3377E+12,4.27125E-07
39689,1.3376E+12,4.27125E-07
39690,1.3376E+12,4.27125E-07
39691,1.3376E+12,4.27125E-07
39692,1.3376E+12,4.27125E-07
39693,1.3376E+12,4.27125E-07
39694,1.3376E+12,4.27125E-07
39695,1.3376E+12,4.27125E-07
39696,1.3376E+12,4.27125E-07
39697,1.3376E+12,4.27125E-07
39698,1.3376E+12,4.27125E-07
39699,1.3376E+12,4.2713E-07
39700,1.3375E+12,4.2713E-07
39701,1.3375E+12,4.2713E-07
39702,1.3375E+12,4.2713E-07
39703,1.3375E+12,4.2713E-07
39704,1.3375E+12,4.2713E-07
39705,1.3375E+12,4.2713E-07
39706,1.3375E+12,4.2713E-07
39707,1.3375E+12,4.2713E-07
39708,1.3375E+12,4.2713E-07
39709,1.3375E+12,4.2713E-07
39710,1.3375E+12,4.2713E-07
39711,1.3375E+12,4.2713E-07
39712,1.3374E+12,4.27135E-07
39713,1.3374E+12,4.27135E-07
39714,1.3374E+12,4.27135E-07
39715,1.3374E+12,4.27135E-07
39716,1.3374E+12,4.27135E-07
39717,1.3374E+12,4.27135E-07
39718,1.3374E+12,4.27135E-07
39719,1.3374E+12,4.27135E-07
39720,1.3374E+12,4.27135E-07
39721,1.3374E+12,4.27135E-07
39722,1.3374E+12,4.27135E-07
39723,1.3374E+12,4.27135E-07
39724,1.3373E+12,4.27135E-07
39725,1.3373E+12,4.27135E-07
39726,1.3373E+12,4.2714E-07
39727,1.3373E+12,4.2714E-07
39728,1.3373E+12,4.2714E-07
39729,1.3373E+12,4.2714E-07
39730,1.3373E+12,4.2714E-07
39731,1.3373E+12,4.2714E-07
39732,1.3373E+12,4.2714E-07
39733,1.3373E+12,4.2714E-07
39734,1.3373E+12,4.2714E-07
39735,1.3372E+12,4.2714E-07
39736,1.3372E+12,4.2714E-07
39737,1.3372E+12,4.2714E-07
39738,1.3372E+12,4.2714E-07
39739,1.3372E+12,4.27145E-07
39740,1.3372E+12,4.27145E-07
39741,1.3372E+12,4.27145E-07
39742,1.3372E+12,4.27145E-07
39743,1.3372E+12,4.27145E-07
39744,1.3372E+12,4.27145E-07
39745,1.3372E+12,4.27145E-07
39746,1.3372E+12,4.27145E-07
39747,1.3371E+12,4.27145E-07
39748,1.3371E+12,4.27145E-07
39749,1.3371E+12,4.27145E-07
39750,1.3371E+12,4.27145E-07
39751,1.3371E+12,4.27145E-07
39752,1.3371E+12,4.2715E-07
39753,1.3371E+12,4.2715E-07
39754,1.3371E+12,4.2715E-07
39755,1.3371E+12,4.2715E-07
39756,1.3371E+12,4.2715E-07
39757,1.3371E+12,4.2715E-07
39758,1.3371E+12,4.2715E-07
39759,1.337E+12,4.2715E-07
39760,1.337E+12,4.2715E-07
39761,1.337E+12,4.2715E-07
39762,1.337E+12,4.2715E-07
39763,1.337E+12,4.2715E-07
39764,1.337E+12,4.2715E-07
39765,1.337E+12,4.2715E-07
39766,1.337E+12,4.27155E-07
39767,1.337E+12,4.27155E-07
39768,1.337E+12,4.27155E-07
39769,1.337E+12,4.27155E-07
39770,1.3369E+12,4.27155E-07
39771,1.3369E+12,4.27155E-07
39772,1.3369E+12,4.27155E-07
39773,1.3369E+12,4.27155E-07
39774,1.3369E+12,4.27155E-07
39775,1.3369E+12,4.27155E-07
39776,1.3369E+12,4.27155E-07
39777,1.3369E+12,4.27155E-07
39778,1.3369E+12,4.27155E-07
39779,1.3369E+12,4.2716E-07
39780,1.3369E+12,4.2716E-07
39781,1.3369E+12,4.2716E-07
39782,1.3368E+12,4.2716E-07
39783,1.3368E+12,4.2716E-07
39784,1.3368E+12,4.2716E-07
39785,1.3368E+12,4.2716E-07
39786,1.3368E+12,4.2716E-07
39787,1.3368E+12,4.2716E-07
39788,1.3368E+12,4.2716E-07
39789,1.3368E+12,4.2716E-07
39790,1.3368E+12,4.2716E-07
39791,1.3368E+12,4.2716E-07
39792,1.3368E+12,4.2716E-07
39793,1.3368E+12,4.27165E-07
39794,1.3367E+12,4.27165E-07
39795,1.3367E+12,4.27165E-07
39796,1.3367E+12,4.27165E-07
39797,1.3367E+12,4.27165E-07
39798,1.3367E+12,4.27165E-07
39799,1.3367E+12,4.27165E-07
39800,1.3367E+12,4.27165E-07
39801,1.3367E+12,4.27165E-07
39802,1.3367E+12,4.27165E-07
39803,1.3367E+12,4.27165E-07
39804,1.3367E+12,4.27165E-07
39805,1.3366E+12,4.27165E-07
39806,1.3366E+12,4.2717E-07
39807,1.3366E+12,4.2717E-07
39808,1.3366E+12,4.2717E-07
39809,1.3366E+12,4.2717E-07
39810,1.3366E+12,4.2717E-07
39811,1.3366E+12,4.2717E-07
39812,1.3366E+12,4.2717E-07
39813,1.3366E+12,4.2717E-07
39814,1.3366E+12,4.2717E-07
39815,1.3366E+12,4.2717E-07
39816,1.3366E+12,4.2717E-07
39817,1.3365E+12,4.2717E-07
39818,1.3365E+12,4.2717E-07
39819,1.3365E+12,4.27175E-07
39820,1.3365E+12,4.27175E-07
39821,1.3365E+12,4.27175E-07
39822,1.3365E+12,4.27175E-07
39823,1.3365E+12,4.27175E-07
39824,1.3365E+12,4.27175E-07
39825,1.3365E+12,4.27175E-07
39826,1.3365E+12,4.27175E-07
39827,1.3365E+12,4.27175E-07
39828,1.3365E+12,4.27175E-07
39829,1.3364E+12,4.27175E-07
39830,1.3364E+12,4.27175E-07
39831,1.3364E+12,4.27175E-07
39832,1.3364E+12,4.27175E-07
39833,1.3364E+12,4.2718E-07
39834,1.3364E+12,4.2718E-07
39835,1.3364E+12,4.2718E-07
39836,1.3364E+12,4.2718E-07
39837,1.3364E+12,4.2718E-07
39838,1.3364E+12,4.2718E-07
39839,1.3364E+12,4.2718E-07
39840,1.3363E+12,4.2718E-07
39841,1.3363E+12,4.2718E-07
39842,1.3363E+12,4.2718E-07
39843,1.3363E+12,4.2718E-07
39844,1.3363E+12,4.2718E-07
39845,1.3363E+12,4.2718E-07
39846,1.3363E+12,4.27185E-07
39847,1.3363E+12,4.27185E-07
39848,1.3363E+12,4.27185E-07
39849,1.3363E+12,4.27185E-07
39850,1.3363E+12,4.27185E-07
39851,1.3363E+12,4.27185E-07
39852,1.3362E+12,4.27185E-07
39853,1.3362E+12,4.27185E-07
39854,1.3362E+12,4.27185E-07
39855,1.3362E+12,4.27185E-07
39856,1.3362E+12,4.27185E-07
39857,1.3362E+12,4.27185E-07
39858,1.3362E+12,4.27185E-07
39859,1.3362E+12,4.2719E-07
39860,1.3362E+12,4.2719E-07
39861,1.3362E+12,4.2719E-07
39862,1.3362E+12,4.2719E-07
39863,1.3362E+12,4.2719E-07
39864,1.3361E+12,4.2719E-07
39865,1.3361E+12,4.2719E-07
39866,1.3361E+12,4.2719E-07
39867,1.3361E+12,4.2719E-07
39868,1.3361E+12,4.2719E-07
39869,1.3361E+12,4.2719E-07
39870,1.3361E+12,4.2719E-07
39871,1.3361E+12,4.2719E-07
39872,1.3361E+12,4.2719E-07
39873,1.3361E+12,4.27195E-07
39874,1.3361E+12,4.27195E-07
39875,1.336E+12,4.27195E-07
39876,1.336E+12,4.27195E-07
39877,1.336E+12,4.27195E-07
39878,1.336E+12,4.27195E-07
39879,1.336E+12,4.27195E-07
39880,1.336E+12,4.27195E-07
39881,1.336E+12,4.27195E-07
39882,1.336E+12,4.27195E-07
39883,1.336E+12,4.27195E-07
39884,1.336E+12,4.27195E-07
39885,1.336E+12,4.27195E-07
39886,1.336E+12,4.272E-07
39887,1.3359E+12,4.272E-07
39888,1.3359E+12,4.272E-07
39889,1.3359E+12,4.272E-07
39890,1.3359E+12,4.272E-07
39891,1.3359E+12,4.272E-07
39892,1.3359E+12,4.272E-07
39893,1.3359E+12,4.272E-07
39894,1.3359E+12,4.272E-07
39895,1.3359E+12,4.272E-07
39896,1.3359E+12,4.272E-07
39897,1.3359E+12,4.272E-07
39898,1.3359E+12,4.272E-07
39899,1.3358E+12,4.272E-07
39900,1.3358E+12,4.27205E-07
39901,1.3358E+12,4.27205E-07
39902,1.3358E+12,4.27205E-07
39903,1.3358E+12,4.27205E-07
39904,1.3358E+12,4.27205E-07
39905,1.3358E+12,4.27205E-07
39906,1.3358E+12,4.27205E-07
39907,1.3358E+12,4.27205E-07
39908,1.3358E+12,4.27205E-07
39909,1.3358E+12,4.27205E-07
39910,1.3357E+12,4.27205E-07
39911,1.3357E+12,4.27205E-07
39912,1.3357E+12,4.27205E-07
39913,1.3357E+12,4.2721E-07
39914,1.3357E+12,4.2721E-07
39915,1.3357E+12,4.2721E-07
39916,1.3357E+12,4.2721E-07
39917,1.3357E+12,4.2721E-07
39918,1.3357E+12,4.2721E-07
39919,1.3357E+12,4.2721E-07
39920,1.3357E+12,4.2721E-07
39921,1.3357E+12,4.2721E-07
39922,1.3356E+12,4.2721E-07
39923,1.3356E+12,4.2721E-07
39924,1.3356E+12,4.2721E-07
39925,1.3356E+12,4.2721E-07
39926,1.3356E+12,4.27215E-07
39927,1.3356E+12,4.27215E-07
39928,1.3356E+12,4.27215E-07
39929,1.3356E+12,4.27215E-07
39930,1.3356E+12,4.27215E-07
39931,1.3356E+12,4.27215E-07
39932,1.3356E+12,4.27215E-07
39933,1.3356E+12,4.27215E-07
39934,1.3355E+12,4.27215E-07
39935,1.3355E+12,4.27215E-07
39936,1.3355E+12,4.27215E-07
39937,1.3355E+12,4.27215E-07
39938,1.3355E+12,4.27215E-07
39939,1.3355E+12,4.27215E-07
39940,1.3355E+12,4.2722E-07
39941,1.3355E+12,4.2722E-07
39942,1.3355E+12,4.2722E-07
39943,1.3355E+12,4.2722E-07
39944,1.3355E+12,4.2722E-07
39945,1.3355E+12,4.2722E-07
39946,1.3354E+12,4.2722E-07
39947,1.3354E+12,4.2722E-07
39948,1.3354E+12,4.2722E-07
39949,1.3354E+12,4.2722E-07
39950,1.3354E+12,4.2722E-07
39951,1.3354E+12,4.2722E-07
39952,1.3354E+12,4.2722E-07
39953,1.3354E+12,4.27225E-07
39954,1.3354E+12,4.27225E-07
39955,1.3354E+12,4.27225E-07
39956,1.3354E+12,4.27225E-07
39957,1.3353E+12,4.27225E-07
39958,1.3353E+12,4.27225E-07
39959,1.3353E+12,4.27225E-07
39960,1.3353E+12,4.27225E-07
39961,1.3353E+12,4.27225E-07
39962,1.3353E+12,4.27225E-07
39963,1.3353E+12,4.27225E-07
39964,1.3353E+12,4.27225E-07
39965,1.3353E+12,4.27225E-07
39966,1.3353E+12,4.27225E-07
39967,1.3353E+12,4.2723E-07
39968,1.3353E+12,4.2723E-07
39969,1.3352E+12,4.2723E-07
39970,1.3352E+12,4.2723E-07
39971,1.3352E+12,4.2723E-07
39972,1.3352E+12,4.2723E-07
39973,1.3352E+12,4.2723E-07
39974,1.3352E+12,4.2723E-07
39975,1.3352E+12,4.2723E-07
39976,1.3352E+12,4.2723E-07
39977,1.3352E+12,4.2723E-07
39978,1.3352E+12,4.2723E-07
39979,1.3352E+12,4.2723E-07
39980,1.3352E+12,4.27235E-07
39981,1.3351E+12,4.27235E-07
39982,1.3351E+12,4.27235E-07
39983,1.3351E+12,4.27235E-07
39984,1.3351E+12,4.27235E-07
39985,1.3351E+12,4.27235E-07
39986,1.3351E+12,4.27235E-07
39987,1.3351E+12,4.27235E-07
39988,1.3351E+12,4.27235E-07
39989,1.3351E+12,4.27235E-07
39990,1.3351E+12,4.27235E-07
39991,1.3351E+12,4.27235E-07
39992,1.3351E+12,4.27235E-07
39993,1.335E+12,4.2724E-07
39994,1.335E+12,4.2724E-07
39995,1.335E+12,4.2724E-07
39996,1.335E+12,4.2724E-07
39997,1.335E+12,4.2724E-07
39998,1.335E+12,4.2724E-07
39999,1.335E+12,4.2724E-07
40000,1.335E+12,4.2724E-07
40001,1.335E+12,4.2724E-07